0.366000
0.366000
0.366000
0.366000
0.366000
0.366000
0.366000
0.366000
0.366000
0.366000
0.365000
0.366000
0.366000
0.366000
0.366000
0.366000
0.366000
0.366000
0.366000
0.366000
0.366000
0.023000
0.366000
0.362000
0.366000
0.347000
0.255000
0.366000
0.241000
0.320000
0.361000
0.366000
0.366000
0.348000
0.241000
0.359000
0.055000
0.357000
0.328000
0.170000
0.127000
0.364000
0.361000
0.364000
0.362000
0.363000
0.326000
0.362000
0.022000
0.038000
0.258000
0.366000
0.355000
0.034000
0.366000
0.365000
0.356000
0.184000
0.360000
0.239000
0.363000
0.339000
0.201000
0.358000
0.360000
0.332000
0.236000
0.023000
0.366000
0.080000
0.365000
0.327000
0.366000
0.140000
0.363000
0.000000
0.354000
0.122000
0.055000
0.001000
0.097000
0.353000
0.117000
0.329000
0.004000
0.049000
0.366000
0.325000
0.354000
0.318000
0.115000
0.365000
0.363000
0.340000
0.346000
0.051000
0.365000
0.049000
0.094000
0.302000
0.366000
0.353000
0.002000
0.365000
0.196000
0.366000
0.343000
0.000000
0.017000
0.235000
0.000000
0.195000
0.265000
0.336000
0.305000
0.365000
0.309000
0.319000
0.044000
0.022000
0.325000
0.207000
0.354000
0.000000
0.118000
0.150000
0.070000
0.337000
0.341000
0.282000
0.003000
0.358000
0.265000
0.145000
0.009000
0.338000
0.257000
0.292000
0.321000
0.363000
0.316000
0.327000
0.034000
0.256000
0.116000
0.033000
0.282000
0.001000
0.033000
0.021000
0.319000
0.303000
0.301000
0.033000
0.243000
0.145000
0.086000
0.003000
0.195000
0.216000
0.004000
0.018000
0.283000
0.001000
0.121000
0.364000
0.071000
0.158000
0.076000
0.096000
0.016000
0.082000
0.013000
0.041000
0.313000
0.337000
0.120000
0.079000
0.046000
0.003000
0.364000
0.043000
0.000000
0.099000
0.088000
0.178000
0.299000
0.129000
0.364000
0.008000
0.273000
0.307000
0.028000
0.028000
0.345000
0.008000
0.249000
0.014000
0.134000
0.083000
