0.335000
0.335000
0.335000
0.335000
0.335000
0.335000
0.335000
0.335000
0.335000
0.335000
0.334000
0.335000
0.335000
0.335000
0.335000
0.335000
0.335000
0.335000
0.335000
0.335000
0.335000
0.019000
0.335000
0.332000
0.335000
0.315000
0.234000
0.335000
0.229000
0.305000
0.332000
0.335000
0.335000
0.312000
0.245000
0.325000
0.044000
0.331000
0.305000
0.185000
0.133000
0.334000
0.333000
0.335000
0.331000
0.332000
0.283000
0.332000
0.021000
0.036000
0.229000
0.335000
0.323000
0.026000
0.335000
0.332000
0.326000
0.147000
0.334000
0.234000
0.332000
0.311000
0.186000
0.331000
0.330000
0.298000
0.233000
0.028000
0.334000
0.092000
0.335000
0.296000
0.335000
0.128000
0.331000
0.002000
0.319000
0.106000
0.073000
0.002000
0.104000
0.328000
0.114000
0.306000
0.005000
0.039000
0.333000
0.300000
0.331000
0.302000
0.086000
0.334000
0.332000
0.314000
0.313000
0.050000
0.333000
0.049000
0.089000
0.278000
0.335000
0.323000
0.007000
0.335000
0.182000
0.335000
0.305000
0.000000
0.009000
0.222000
0.001000
0.194000
0.251000
0.305000
0.281000
0.335000
0.301000
0.289000
0.033000
0.024000
0.301000
0.182000
0.319000
0.000000
0.118000
0.150000
0.070000
0.303000
0.304000
0.257000
0.005000
0.328000
0.231000
0.141000
0.012000
0.316000
0.251000
0.278000
0.299000
0.330000
0.295000
0.302000
0.031000
0.237000
0.101000
0.029000
0.258000
0.000000
0.030000
0.020000
0.295000
0.277000
0.279000
0.027000
0.231000
0.167000
0.083000
0.003000
0.201000
0.197000
0.000000
0.023000
0.266000
0.001000
0.102000
0.330000
0.074000
0.140000
0.073000
0.083000
0.004000
0.054000
0.013000
0.031000
0.290000
0.308000
0.107000
0.070000
0.044000
0.006000
0.332000
0.039000
0.001000
0.091000
0.060000
0.167000
0.270000
0.110000
0.332000
0.001000
0.263000
0.277000
0.028000
0.031000
0.314000
0.007000
0.208000
0.014000
0.132000
0.077000
