0.326000
0.326000
0.326000
0.326000
0.326000
0.326000
0.326000
0.326000
0.326000
0.326000
0.326000
0.326000
0.326000
0.326000
0.326000
0.326000
0.326000
0.326000
0.326000
0.326000
0.326000
0.022000
0.326000
0.322000
0.326000
0.305000
0.208000
0.326000
0.232000
0.291000
0.323000
0.326000
0.326000
0.307000
0.207000
0.318000
0.043000
0.324000
0.297000
0.183000
0.104000
0.326000
0.325000
0.325000
0.322000
0.322000
0.287000
0.321000
0.015000
0.025000
0.215000
0.326000
0.312000
0.034000
0.326000
0.324000
0.316000
0.157000
0.325000
0.225000
0.324000
0.300000
0.176000
0.323000
0.323000
0.288000
0.209000
0.017000
0.326000
0.065000
0.326000
0.284000
0.326000
0.132000
0.325000
0.002000
0.307000
0.100000
0.068000
0.002000
0.084000
0.321000
0.120000
0.287000
0.000000
0.049000
0.325000
0.296000
0.316000
0.301000
0.104000
0.323000
0.324000
0.311000
0.308000
0.033000
0.326000
0.039000
0.066000
0.285000
0.326000
0.310000
0.003000
0.326000
0.181000
0.326000
0.302000
0.000000
0.019000
0.203000
0.001000
0.183000
0.243000
0.293000
0.279000
0.326000
0.280000
0.292000
0.061000
0.016000
0.281000
0.168000
0.313000
0.000000
0.115000
0.138000
0.067000
0.283000
0.300000
0.222000
0.004000
0.320000
0.208000
0.137000
0.015000
0.305000
0.243000
0.263000
0.287000
0.321000
0.283000
0.288000
0.030000
0.229000
0.119000
0.018000
0.230000
0.001000
0.026000
0.026000
0.296000
0.275000
0.264000
0.033000
0.227000
0.145000
0.083000
0.002000
0.184000
0.176000
0.000000
0.009000
0.241000
0.000000
0.117000
0.324000
0.070000
0.135000
0.064000
0.084000
0.011000
0.058000
0.010000
0.017000
0.279000
0.303000
0.111000
0.071000
0.049000
0.007000
0.326000
0.040000
0.001000
0.093000
0.067000
0.146000
0.262000
0.116000
0.326000
0.003000
0.244000
0.274000
0.035000
0.022000
0.302000
0.012000
0.205000
0.007000
0.140000
0.081000
