0.365000
0.365000
0.365000
0.365000
0.365000
0.365000
0.365000
0.365000
0.365000
0.365000
0.361000
0.365000
0.365000
0.365000
0.365000
0.365000
0.365000
0.365000
0.365000
0.365000
0.365000
0.037000
0.365000
0.362000
0.365000
0.348000
0.242000
0.365000
0.261000
0.318000
0.364000
0.365000
0.365000
0.332000
0.271000
0.354000
0.058000
0.363000
0.331000
0.191000
0.131000
0.364000
0.363000
0.362000
0.362000
0.363000
0.321000
0.359000
0.032000
0.035000
0.264000
0.365000
0.345000
0.039000
0.365000
0.363000
0.355000
0.192000
0.362000
0.258000
0.362000
0.334000
0.211000
0.360000
0.363000
0.331000
0.246000
0.025000
0.364000
0.083000
0.365000
0.320000
0.365000
0.134000
0.358000
0.001000
0.343000
0.122000
0.060000
0.000000
0.104000
0.354000
0.114000
0.333000
0.002000
0.060000
0.364000
0.334000
0.356000
0.321000
0.111000
0.363000
0.363000
0.345000
0.352000
0.037000
0.365000
0.050000
0.084000
0.318000
0.365000
0.351000
0.005000
0.365000
0.211000
0.365000
0.333000
0.000000
0.019000
0.229000
0.000000
0.201000
0.279000
0.329000
0.288000
0.365000
0.317000
0.320000
0.052000
0.025000
0.325000
0.208000
0.353000
0.001000
0.119000
0.171000
0.070000
0.335000
0.336000
0.279000
0.004000
0.362000
0.253000
0.160000
0.012000
0.344000
0.274000
0.310000
0.324000
0.359000
0.316000
0.325000
0.038000
0.263000
0.109000
0.036000
0.261000
0.000000
0.027000
0.030000
0.321000
0.299000
0.304000
0.036000
0.234000
0.149000
0.097000
0.003000
0.219000
0.233000
0.001000
0.014000
0.267000
0.001000
0.115000
0.361000
0.064000
0.137000
0.070000
0.102000
0.010000
0.057000
0.008000
0.042000
0.311000
0.334000
0.123000
0.073000
0.039000
0.006000
0.364000
0.041000
0.000000
0.107000
0.060000
0.182000
0.296000
0.135000
0.363000
0.003000
0.276000
0.303000
0.024000
0.030000
0.337000
0.008000
0.218000
0.013000
0.135000
0.084000
