0.330000
0.330000
0.330000
0.330000
0.330000
0.330000
0.330000
0.330000
0.330000
0.330000
0.330000
0.330000
0.330000
0.330000
0.330000
0.330000
0.330000
0.330000
0.330000
0.330000
0.330000
0.028000
0.330000
0.326000
0.330000
0.315000
0.228000
0.330000
0.210000
0.291000
0.324000
0.330000
0.330000
0.308000
0.235000
0.324000
0.049000
0.328000
0.298000
0.162000
0.131000
0.327000
0.327000
0.330000
0.328000
0.327000
0.286000
0.328000
0.024000
0.027000
0.222000
0.330000
0.313000
0.026000
0.330000
0.328000
0.316000
0.159000
0.328000
0.239000
0.328000
0.308000
0.179000
0.327000
0.329000
0.287000
0.228000
0.016000
0.330000
0.082000
0.330000
0.293000
0.330000
0.126000
0.329000
0.002000
0.314000
0.117000
0.071000
0.001000
0.113000
0.322000
0.100000
0.302000
0.001000
0.043000
0.326000
0.303000
0.325000
0.295000
0.105000
0.329000
0.328000
0.311000
0.309000
0.039000
0.329000
0.040000
0.085000
0.286000
0.330000
0.315000
0.002000
0.329000
0.187000
0.330000
0.301000
0.000000
0.017000
0.199000
0.002000
0.175000
0.256000
0.288000
0.259000
0.330000
0.285000
0.287000
0.056000
0.016000
0.295000
0.200000
0.314000
0.001000
0.095000
0.133000
0.068000
0.297000
0.305000
0.248000
0.002000
0.322000
0.230000
0.144000
0.011000
0.307000
0.239000
0.275000
0.279000
0.321000
0.297000
0.301000
0.049000
0.229000
0.120000
0.031000
0.227000
0.000000
0.025000
0.024000
0.282000
0.269000
0.274000
0.027000
0.207000
0.147000
0.089000
0.005000
0.190000
0.193000
0.005000
0.012000
0.257000
0.001000
0.110000
0.327000
0.067000
0.128000
0.063000
0.083000
0.008000
0.056000
0.019000
0.029000
0.282000
0.308000
0.113000
0.068000
0.031000
0.003000
0.328000
0.040000
0.000000
0.092000
0.065000
0.170000
0.265000
0.113000
0.328000
0.003000
0.249000
0.270000
0.031000
0.025000
0.312000
0.009000
0.202000
0.009000
0.125000
0.082000
