0.320000
0.320000
0.320000
0.320000
0.320000
0.320000
0.320000
0.320000
0.320000
0.320000
0.316000
0.320000
0.320000
0.320000
0.320000
0.320000
0.320000
0.320000
0.320000
0.320000
0.320000
0.023000
0.320000
0.318000
0.320000
0.310000
0.220000
0.320000
0.229000
0.280000
0.315000
0.320000
0.320000
0.300000
0.217000
0.316000
0.030000
0.318000
0.295000
0.167000
0.116000
0.320000
0.319000
0.318000
0.318000
0.318000
0.277000
0.317000
0.019000
0.036000
0.235000
0.320000
0.312000
0.030000
0.320000
0.319000
0.312000
0.153000
0.319000
0.222000
0.318000
0.296000
0.159000
0.317000
0.318000
0.272000
0.218000
0.019000
0.319000
0.074000
0.319000
0.275000
0.320000
0.135000
0.317000
0.000000
0.308000
0.111000
0.052000
0.001000
0.085000
0.313000
0.111000
0.296000
0.005000
0.046000
0.317000
0.288000
0.313000
0.268000
0.103000
0.317000
0.320000
0.297000
0.303000
0.034000
0.319000
0.050000
0.072000
0.276000
0.320000
0.309000
0.004000
0.320000
0.168000
0.320000
0.288000
0.002000
0.016000
0.209000
0.000000
0.169000
0.239000
0.287000
0.264000
0.320000
0.283000
0.274000
0.044000
0.020000
0.286000
0.170000
0.307000
0.001000
0.092000
0.132000
0.050000
0.277000
0.289000
0.251000
0.005000
0.311000
0.237000
0.132000
0.014000
0.293000
0.242000
0.264000
0.278000
0.318000
0.282000
0.273000
0.046000
0.234000
0.094000
0.027000
0.250000
0.002000
0.029000
0.025000
0.281000
0.260000
0.265000
0.031000
0.210000
0.144000
0.083000
0.006000
0.192000
0.200000
0.001000
0.024000
0.256000
0.000000
0.097000
0.313000
0.071000
0.131000
0.068000
0.075000
0.005000
0.058000
0.015000
0.028000
0.285000
0.296000
0.109000
0.071000
0.038000
0.005000
0.317000
0.035000
0.000000
0.086000
0.056000
0.181000
0.254000
0.112000
0.318000
0.001000
0.242000
0.261000
0.037000
0.021000
0.300000
0.011000
0.188000
0.008000
0.132000
0.067000
