0.391000
0.391000
0.391000
0.391000
0.391000
0.391000
0.391000
0.391000
0.391000
0.391000
0.388000
0.391000
0.391000
0.391000
0.391000
0.391000
0.391000
0.391000
0.391000
0.391000
0.391000
0.022000
0.391000
0.389000
0.391000
0.368000
0.253000
0.391000
0.247000
0.337000
0.389000
0.391000
0.391000
0.369000
0.259000
0.387000
0.056000
0.388000
0.362000
0.193000
0.138000
0.391000
0.389000
0.390000
0.389000
0.390000
0.334000
0.388000
0.024000
0.035000
0.265000
0.391000
0.380000
0.039000
0.391000
0.388000
0.383000
0.186000
0.390000
0.260000
0.386000
0.353000
0.217000
0.384000
0.386000
0.349000
0.246000
0.022000
0.391000
0.089000
0.390000
0.338000
0.391000
0.157000
0.390000
0.000000
0.374000
0.122000
0.079000
0.000000
0.098000
0.379000
0.142000
0.345000
0.002000
0.055000
0.390000
0.349000
0.386000
0.330000
0.114000
0.386000
0.391000
0.373000
0.370000
0.046000
0.389000
0.061000
0.098000
0.337000
0.391000
0.375000
0.007000
0.390000
0.234000
0.391000
0.370000
0.000000
0.014000
0.236000
0.000000
0.212000
0.292000
0.350000
0.319000
0.391000
0.339000
0.354000
0.057000
0.018000
0.346000
0.217000
0.375000
0.000000
0.124000
0.189000
0.058000
0.359000
0.357000
0.286000
0.004000
0.383000
0.263000
0.136000
0.006000
0.374000
0.283000
0.325000
0.348000
0.385000
0.340000
0.346000
0.043000
0.276000
0.133000
0.041000
0.282000
0.000000
0.037000
0.031000
0.347000
0.324000
0.323000
0.034000
0.254000
0.153000
0.106000
0.005000
0.225000
0.241000
0.003000
0.021000
0.292000
0.001000
0.097000
0.388000
0.079000
0.139000
0.087000
0.099000
0.008000
0.078000
0.012000
0.036000
0.330000
0.370000
0.122000
0.082000
0.040000
0.004000
0.387000
0.059000
0.000000
0.095000
0.084000
0.181000
0.328000
0.142000
0.389000
0.006000
0.295000
0.323000
0.030000
0.026000
0.359000
0.011000
0.224000
0.009000
0.157000
0.091000
