0.361000
0.361000
0.361000
0.361000
0.361000
0.361000
0.361000
0.361000
0.361000
0.361000
0.358000
0.361000
0.361000
0.361000
0.361000
0.361000
0.361000
0.361000
0.361000
0.361000
0.361000
0.029000
0.361000
0.359000
0.361000
0.338000
0.239000
0.361000
0.241000
0.321000
0.357000
0.361000
0.361000
0.343000
0.255000
0.358000
0.053000
0.359000
0.330000
0.194000
0.126000
0.361000
0.357000
0.360000
0.358000
0.358000
0.327000
0.352000
0.026000
0.033000
0.243000
0.361000
0.347000
0.024000
0.361000
0.357000
0.358000
0.177000
0.359000
0.266000
0.359000
0.326000
0.192000
0.353000
0.358000
0.312000
0.220000
0.022000
0.361000
0.089000
0.360000
0.326000
0.361000
0.160000
0.356000
0.003000
0.349000
0.137000
0.067000
0.001000
0.099000
0.348000
0.128000
0.323000
0.002000
0.053000
0.359000
0.327000
0.356000
0.325000
0.099000
0.355000
0.356000
0.334000
0.346000
0.032000
0.359000
0.056000
0.082000
0.318000
0.361000
0.351000
0.002000
0.361000
0.209000
0.361000
0.337000
0.000000
0.019000
0.218000
0.001000
0.193000
0.254000
0.309000
0.300000
0.361000
0.308000
0.314000
0.060000
0.028000
0.317000
0.206000
0.343000
0.000000
0.107000
0.157000
0.059000
0.324000
0.331000
0.269000
0.003000
0.351000
0.244000
0.150000
0.008000
0.342000
0.257000
0.304000
0.314000
0.358000
0.317000
0.330000
0.046000
0.261000
0.110000
0.036000
0.255000
0.000000
0.032000
0.029000
0.319000
0.300000
0.295000
0.041000
0.254000
0.159000
0.101000
0.002000
0.207000
0.219000
0.003000
0.013000
0.268000
0.001000
0.117000
0.355000
0.068000
0.149000
0.082000
0.099000
0.005000
0.064000
0.013000
0.029000
0.301000
0.336000
0.118000
0.058000
0.037000
0.003000
0.360000
0.028000
0.000000
0.098000
0.070000
0.192000
0.294000
0.117000
0.360000
0.002000
0.270000
0.282000
0.038000
0.027000
0.338000
0.012000
0.220000
0.005000
0.148000
0.090000
