0.368000
0.368000
0.368000
0.368000
0.368000
0.368000
0.368000
0.368000
0.368000
0.368000
0.366000
0.368000
0.368000
0.368000
0.368000
0.368000
0.368000
0.368000
0.368000
0.368000
0.368000
0.031000
0.368000
0.367000
0.368000
0.349000
0.272000
0.368000
0.247000
0.316000
0.361000
0.368000
0.368000
0.341000
0.242000
0.366000
0.065000
0.363000
0.329000
0.185000
0.131000
0.366000
0.367000
0.365000
0.367000
0.367000
0.318000
0.367000
0.019000
0.030000
0.246000
0.368000
0.357000
0.037000
0.368000
0.368000
0.361000
0.166000
0.368000
0.265000
0.367000
0.336000
0.198000
0.363000
0.365000
0.325000
0.249000
0.031000
0.367000
0.074000
0.367000
0.327000
0.368000
0.159000
0.367000
0.001000
0.352000
0.123000
0.075000
0.003000
0.100000
0.355000
0.121000
0.330000
0.004000
0.049000
0.367000
0.324000
0.357000
0.328000
0.122000
0.367000
0.366000
0.355000
0.352000
0.036000
0.368000
0.058000
0.082000
0.323000
0.368000
0.357000
0.005000
0.367000
0.221000
0.368000
0.344000
0.000000
0.016000
0.222000
0.001000
0.204000
0.282000
0.317000
0.311000
0.368000
0.321000
0.327000
0.040000
0.021000
0.317000
0.203000
0.349000
0.001000
0.102000
0.153000
0.068000
0.342000
0.337000
0.276000
0.004000
0.360000
0.250000
0.152000
0.008000
0.349000
0.272000
0.300000
0.319000
0.365000
0.327000
0.321000
0.037000
0.263000
0.123000
0.038000
0.269000
0.000000
0.042000
0.020000
0.333000
0.300000
0.302000
0.042000
0.250000
0.182000
0.113000
0.006000
0.224000
0.228000
0.002000
0.017000
0.280000
0.000000
0.120000
0.365000
0.085000
0.131000
0.076000
0.099000
0.004000
0.056000
0.009000
0.034000
0.306000
0.343000
0.124000
0.071000
0.048000
0.004000
0.368000
0.036000
0.001000
0.106000
0.073000
0.180000
0.300000
0.142000
0.364000
0.004000
0.279000
0.313000
0.029000
0.029000
0.338000
0.013000
0.226000
0.011000
0.135000
0.080000
