0.355000
0.355000
0.355000
0.355000
0.355000
0.355000
0.355000
0.355000
0.355000
0.355000
0.354000
0.355000
0.355000
0.355000
0.355000
0.355000
0.355000
0.355000
0.355000
0.355000
0.355000
0.019000
0.355000
0.350000
0.355000
0.335000
0.231000
0.355000
0.256000
0.306000
0.350000
0.355000
0.355000
0.338000
0.249000
0.347000
0.046000
0.350000
0.326000
0.195000
0.120000
0.353000
0.355000
0.354000
0.354000
0.352000
0.304000
0.353000
0.019000
0.024000
0.232000
0.355000
0.341000
0.031000
0.355000
0.355000
0.344000
0.168000
0.354000
0.258000
0.353000
0.324000
0.189000
0.351000
0.354000
0.318000
0.234000
0.021000
0.355000
0.064000
0.355000
0.316000
0.355000
0.153000
0.352000
0.002000
0.337000
0.135000
0.058000
0.003000
0.110000
0.349000
0.126000
0.324000
0.002000
0.042000
0.353000
0.317000
0.345000
0.313000
0.105000
0.351000
0.355000
0.336000
0.336000
0.041000
0.355000
0.048000
0.087000
0.308000
0.355000
0.340000
0.005000
0.355000
0.211000
0.355000
0.334000
0.000000
0.022000
0.206000
0.001000
0.199000
0.269000
0.315000
0.280000
0.355000
0.317000
0.313000
0.048000
0.015000
0.321000
0.171000
0.334000
0.000000
0.110000
0.160000
0.077000
0.319000
0.317000
0.284000
0.005000
0.349000
0.272000
0.167000
0.018000
0.337000
0.273000
0.297000
0.306000
0.353000
0.306000
0.309000
0.032000
0.242000
0.107000
0.027000
0.264000
0.000000
0.037000
0.024000
0.318000
0.290000
0.282000
0.034000
0.241000
0.161000
0.087000
0.005000
0.218000
0.211000
0.000000
0.011000
0.289000
0.001000
0.109000
0.352000
0.075000
0.132000
0.073000
0.098000
0.012000
0.061000
0.010000
0.039000
0.308000
0.334000
0.120000
0.068000
0.051000
0.007000
0.353000
0.051000
0.001000
0.109000
0.076000
0.185000
0.289000
0.130000
0.354000
0.001000
0.270000
0.297000
0.025000
0.030000
0.327000
0.011000
0.206000
0.012000
0.161000
0.078000
