0.352000
0.352000
0.352000
0.352000
0.352000
0.352000
0.352000
0.352000
0.352000
0.352000
0.351000
0.352000
0.352000
0.352000
0.352000
0.352000
0.352000
0.352000
0.352000
0.352000
0.352000
0.026000
0.352000
0.346000
0.352000
0.340000
0.243000
0.352000
0.236000
0.310000
0.350000
0.352000
0.352000
0.329000
0.253000
0.346000
0.058000
0.343000
0.321000
0.197000
0.133000
0.352000
0.349000
0.352000
0.347000
0.349000
0.305000
0.348000
0.023000
0.032000
0.243000
0.352000
0.336000
0.039000
0.352000
0.350000
0.338000
0.174000
0.351000
0.256000
0.350000
0.316000
0.202000
0.344000
0.351000
0.307000
0.230000
0.020000
0.352000
0.096000
0.351000
0.306000
0.352000
0.150000
0.348000
0.001000
0.330000
0.128000
0.062000
0.003000
0.095000
0.342000
0.111000
0.319000
0.003000
0.046000
0.349000
0.315000
0.342000
0.307000
0.112000
0.348000
0.349000
0.329000
0.340000
0.042000
0.352000
0.059000
0.083000
0.310000
0.352000
0.344000
0.002000
0.352000
0.194000
0.352000
0.315000
0.000000
0.011000
0.205000
0.000000
0.186000
0.267000
0.313000
0.310000
0.351000
0.295000
0.298000
0.055000
0.027000
0.306000
0.188000
0.339000
0.000000
0.112000
0.147000
0.067000
0.322000
0.330000
0.253000
0.002000
0.345000
0.230000
0.166000
0.015000
0.327000
0.256000
0.294000
0.309000
0.346000
0.317000
0.317000
0.041000
0.252000
0.115000
0.022000
0.250000
0.002000
0.025000
0.026000
0.322000
0.294000
0.287000
0.036000
0.237000
0.148000
0.081000
0.004000
0.199000
0.206000
0.003000
0.016000
0.265000
0.000000
0.096000
0.347000
0.078000
0.137000
0.084000
0.086000
0.010000
0.063000
0.015000
0.031000
0.286000
0.322000
0.116000
0.076000
0.038000
0.008000
0.351000
0.036000
0.000000
0.102000
0.069000
0.172000
0.299000
0.109000
0.351000
0.004000
0.266000
0.296000
0.035000
0.033000
0.327000
0.014000
0.218000
0.008000
0.155000
0.087000
