0.370000
0.370000
0.370000
0.370000
0.370000
0.370000
0.370000
0.370000
0.370000
0.370000
0.370000
0.370000
0.370000
0.370000
0.370000
0.370000
0.370000
0.370000
0.370000
0.370000
0.370000
0.027000
0.370000
0.366000
0.370000
0.347000
0.255000
0.370000
0.251000
0.327000
0.364000
0.370000
0.370000
0.345000
0.268000
0.365000
0.052000
0.364000
0.337000
0.183000
0.141000
0.368000
0.369000
0.370000
0.365000
0.367000
0.316000
0.368000
0.020000
0.033000
0.240000
0.370000
0.360000
0.033000
0.370000
0.370000
0.362000
0.193000
0.368000
0.250000
0.368000
0.337000
0.204000
0.369000
0.364000
0.325000
0.250000
0.030000
0.370000
0.082000
0.368000
0.316000
0.370000
0.136000
0.364000
0.002000
0.360000
0.142000
0.058000
0.001000
0.103000
0.357000
0.108000
0.330000
0.004000
0.060000
0.367000
0.336000
0.354000
0.324000
0.110000
0.368000
0.369000
0.352000
0.355000
0.037000
0.369000
0.051000
0.076000
0.312000
0.370000
0.356000
0.003000
0.369000
0.198000
0.370000
0.338000
0.001000
0.017000
0.227000
0.001000
0.209000
0.258000
0.332000
0.293000
0.370000
0.315000
0.314000
0.059000
0.028000
0.334000
0.211000
0.354000
0.000000
0.136000
0.167000
0.064000
0.334000
0.341000
0.285000
0.004000
0.364000
0.266000
0.173000
0.009000
0.346000
0.284000
0.302000
0.330000
0.365000
0.325000
0.321000
0.048000
0.262000
0.133000
0.020000
0.265000
0.000000
0.031000
0.027000
0.332000
0.310000
0.303000
0.022000
0.247000
0.167000
0.099000
0.008000
0.228000
0.219000
0.003000
0.008000
0.299000
0.000000
0.110000
0.366000
0.076000
0.140000
0.082000
0.097000
0.004000
0.060000
0.013000
0.035000
0.317000
0.336000
0.121000
0.076000
0.050000
0.009000
0.365000
0.044000
0.001000
0.098000
0.079000
0.173000
0.302000
0.135000
0.369000
0.007000
0.288000
0.299000
0.027000
0.036000
0.345000
0.011000
0.244000
0.012000
0.157000
0.085000
