0.358000
0.358000
0.358000
0.358000
0.358000
0.358000
0.358000
0.358000
0.358000
0.358000
0.355000
0.358000
0.358000
0.358000
0.358000
0.358000
0.358000
0.358000
0.358000
0.358000
0.358000
0.021000
0.358000
0.358000
0.358000
0.338000
0.264000
0.358000
0.241000
0.316000
0.357000
0.358000
0.358000
0.333000
0.244000
0.352000
0.057000
0.353000
0.326000
0.185000
0.121000
0.358000
0.355000
0.357000
0.355000
0.354000
0.311000
0.352000
0.020000
0.034000
0.244000
0.358000
0.344000
0.033000
0.358000
0.358000
0.350000
0.195000
0.358000
0.239000
0.357000
0.330000
0.197000
0.354000
0.356000
0.315000
0.240000
0.019000
0.358000
0.080000
0.358000
0.321000
0.358000
0.154000
0.352000
0.002000
0.345000
0.134000
0.062000
0.001000
0.100000
0.350000
0.124000
0.323000
0.002000
0.059000
0.355000
0.327000
0.348000
0.324000
0.119000
0.357000
0.358000
0.341000
0.345000
0.053000
0.356000
0.036000
0.091000
0.307000
0.358000
0.345000
0.003000
0.358000
0.193000
0.358000
0.328000
0.000000
0.019000
0.219000
0.002000
0.187000
0.266000
0.321000
0.296000
0.358000
0.309000
0.310000
0.037000
0.027000
0.309000
0.201000
0.344000
0.000000
0.131000
0.158000
0.074000
0.319000
0.332000
0.262000
0.004000
0.349000
0.235000
0.158000
0.009000
0.331000
0.255000
0.287000
0.304000
0.353000
0.320000
0.318000
0.040000
0.249000
0.138000
0.023000
0.264000
0.000000
0.029000
0.028000
0.312000
0.296000
0.303000
0.026000
0.243000
0.147000
0.102000
0.003000
0.211000
0.208000
0.004000
0.011000
0.288000
0.001000
0.103000
0.355000
0.074000
0.121000
0.085000
0.098000
0.008000
0.056000
0.009000
0.030000
0.303000
0.337000
0.101000
0.060000
0.044000
0.006000
0.358000
0.040000
0.001000
0.095000
0.070000
0.189000
0.296000
0.124000
0.358000
0.001000
0.282000
0.288000
0.032000
0.036000
0.337000
0.007000
0.214000
0.010000
0.151000
0.077000
