0.335000
0.335000
0.335000
0.335000
0.335000
0.335000
0.335000
0.335000
0.335000
0.335000
0.335000
0.335000
0.335000
0.335000
0.335000
0.335000
0.335000
0.335000
0.335000
0.335000
0.335000
0.021000
0.335000
0.331000
0.335000
0.320000
0.240000
0.335000
0.233000
0.300000
0.332000
0.335000
0.335000
0.313000
0.218000
0.331000
0.038000
0.335000
0.304000
0.170000
0.125000
0.335000
0.335000
0.332000
0.330000
0.332000
0.287000
0.328000
0.022000
0.031000
0.243000
0.335000
0.322000
0.028000
0.335000
0.334000
0.326000
0.166000
0.333000
0.216000
0.331000
0.309000
0.197000
0.331000
0.333000
0.303000
0.218000
0.020000
0.335000
0.074000
0.335000
0.296000
0.335000
0.143000
0.332000
0.001000
0.321000
0.109000
0.056000
0.002000
0.090000
0.327000
0.117000
0.308000
0.002000
0.046000
0.333000
0.305000
0.330000
0.300000
0.103000
0.330000
0.334000
0.317000
0.320000
0.033000
0.335000
0.035000
0.078000
0.284000
0.335000
0.326000
0.002000
0.335000
0.189000
0.335000
0.300000
0.000000
0.012000
0.190000
0.003000
0.167000
0.253000
0.296000
0.281000
0.335000
0.291000
0.285000
0.056000
0.020000
0.304000
0.178000
0.323000
0.000000
0.121000
0.137000
0.069000
0.298000
0.305000
0.252000
0.003000
0.330000
0.234000
0.145000
0.012000
0.312000
0.236000
0.259000
0.296000
0.332000
0.299000
0.296000
0.039000
0.231000
0.112000
0.031000
0.240000
0.000000
0.028000
0.016000
0.296000
0.282000
0.279000
0.024000
0.215000
0.141000
0.080000
0.005000
0.190000
0.198000
0.002000
0.014000
0.265000
0.000000
0.105000
0.333000
0.087000
0.132000
0.067000
0.093000
0.005000
0.045000
0.018000
0.031000
0.284000
0.311000
0.118000
0.048000
0.037000
0.006000
0.335000
0.036000
0.001000
0.097000
0.067000
0.189000
0.295000
0.132000
0.335000
0.003000
0.244000
0.284000
0.040000
0.029000
0.307000
0.011000
0.185000
0.012000
0.139000
0.068000
