0.351000
0.351000
0.351000
0.351000
0.351000
0.351000
0.351000
0.351000
0.351000
0.351000
0.351000
0.351000
0.351000
0.351000
0.351000
0.351000
0.351000
0.351000
0.351000
0.351000
0.351000
0.028000
0.351000
0.349000
0.351000
0.323000
0.214000
0.351000
0.263000
0.316000
0.347000
0.351000
0.351000
0.326000
0.244000
0.346000
0.051000
0.344000
0.303000
0.174000
0.113000
0.351000
0.350000
0.349000
0.350000
0.349000
0.302000
0.343000
0.018000
0.026000
0.231000
0.351000
0.339000
0.032000
0.351000
0.349000
0.345000
0.175000
0.349000
0.262000
0.348000
0.320000
0.200000
0.349000
0.350000
0.301000
0.225000
0.035000
0.351000
0.079000
0.351000
0.309000
0.351000
0.145000
0.348000
0.000000
0.337000
0.133000
0.060000
0.001000
0.105000
0.342000
0.111000
0.316000
0.004000
0.033000
0.348000
0.309000
0.342000
0.308000
0.114000
0.349000
0.349000
0.330000
0.333000
0.055000
0.350000
0.040000
0.086000
0.296000
0.351000
0.334000
0.004000
0.348000
0.185000
0.350000
0.328000
0.000000
0.011000
0.211000
0.004000
0.189000
0.267000
0.322000
0.288000
0.351000
0.306000
0.294000
0.059000
0.022000
0.312000
0.192000
0.338000
0.000000
0.118000
0.148000
0.060000
0.319000
0.319000
0.260000
0.006000
0.346000
0.241000
0.139000
0.019000
0.331000
0.261000
0.286000
0.302000
0.345000
0.313000
0.310000
0.043000
0.237000
0.114000
0.026000
0.259000
0.001000
0.030000
0.020000
0.319000
0.283000
0.298000
0.028000
0.240000
0.136000
0.088000
0.006000
0.224000
0.211000
0.002000
0.019000
0.266000
0.000000
0.113000
0.346000
0.073000
0.145000
0.083000
0.080000
0.004000
0.067000
0.017000
0.025000
0.304000
0.326000
0.125000
0.066000
0.042000
0.007000
0.351000
0.039000
0.002000
0.085000
0.074000
0.176000
0.286000
0.111000
0.349000
0.003000
0.268000
0.293000
0.040000
0.025000
0.329000
0.004000
0.207000
0.016000
0.147000
0.073000
