0.319000
0.319000
0.319000
0.319000
0.319000
0.319000
0.319000
0.319000
0.319000
0.319000
0.319000
0.319000
0.319000
0.319000
0.319000
0.319000
0.319000
0.319000
0.319000
0.319000
0.319000
0.031000
0.319000
0.315000
0.319000
0.297000
0.217000
0.319000
0.215000
0.282000
0.317000
0.319000
0.319000
0.292000
0.220000
0.309000
0.052000
0.316000
0.286000
0.159000
0.113000
0.319000
0.319000
0.318000
0.313000
0.316000
0.274000
0.316000
0.011000
0.020000
0.221000
0.319000
0.309000
0.027000
0.319000
0.318000
0.309000
0.161000
0.316000
0.231000
0.319000
0.289000
0.181000
0.313000
0.318000
0.282000
0.203000
0.018000
0.319000
0.073000
0.319000
0.274000
0.319000
0.115000
0.317000
0.001000
0.304000
0.108000
0.050000
0.003000
0.104000
0.309000
0.090000
0.301000
0.004000
0.041000
0.317000
0.285000
0.314000
0.288000
0.090000
0.316000
0.319000
0.301000
0.302000
0.030000
0.319000
0.048000
0.067000
0.269000
0.319000
0.307000
0.002000
0.319000
0.189000
0.319000
0.294000
0.000000
0.014000
0.195000
0.001000
0.168000
0.244000
0.282000
0.271000
0.318000
0.280000
0.276000
0.055000
0.021000
0.268000
0.171000
0.306000
0.000000
0.084000
0.143000
0.057000
0.282000
0.294000
0.252000
0.008000
0.311000
0.230000
0.121000
0.010000
0.294000
0.242000
0.260000
0.293000
0.316000
0.281000
0.277000
0.027000
0.220000
0.082000
0.029000
0.236000
0.000000
0.031000
0.023000
0.275000
0.275000
0.268000
0.029000
0.212000
0.120000
0.073000
0.004000
0.204000
0.174000
0.004000
0.010000
0.256000
0.001000
0.103000
0.317000
0.067000
0.121000
0.068000
0.089000
0.008000
0.047000
0.011000
0.026000
0.270000
0.293000
0.091000
0.066000
0.040000
0.012000
0.316000
0.034000
0.001000
0.085000
0.058000
0.165000
0.252000
0.100000
0.318000
0.000000
0.249000
0.256000
0.029000
0.024000
0.295000
0.008000
0.200000
0.011000
0.131000
0.079000
