0.357000
0.357000
0.357000
0.357000
0.357000
0.357000
0.357000
0.357000
0.357000
0.357000
0.355000
0.357000
0.357000
0.357000
0.357000
0.357000
0.357000
0.357000
0.356000
0.357000
0.357000
0.025000
0.357000
0.355000
0.357000
0.329000
0.245000
0.357000
0.232000
0.321000
0.353000
0.357000
0.357000
0.334000
0.253000
0.354000
0.052000
0.354000
0.322000
0.174000
0.139000
0.357000
0.356000
0.356000
0.356000
0.357000
0.308000
0.354000
0.020000
0.024000
0.229000
0.357000
0.341000
0.027000
0.357000
0.357000
0.347000
0.179000
0.355000
0.242000
0.354000
0.325000
0.196000
0.355000
0.355000
0.315000
0.238000
0.028000
0.356000
0.068000
0.356000
0.312000
0.357000
0.160000
0.355000
0.001000
0.333000
0.138000
0.063000
0.000000
0.107000
0.344000
0.109000
0.324000
0.003000
0.056000
0.353000
0.329000
0.349000
0.314000
0.097000
0.356000
0.357000
0.329000
0.341000
0.040000
0.357000
0.057000
0.090000
0.301000
0.357000
0.348000
0.005000
0.357000
0.186000
0.356000
0.319000
0.000000
0.017000
0.217000
0.000000
0.195000
0.270000
0.313000
0.301000
0.357000
0.316000
0.307000
0.056000
0.021000
0.306000
0.189000
0.342000
0.000000
0.123000
0.150000
0.076000
0.316000
0.326000
0.258000
0.002000
0.351000
0.230000
0.162000
0.009000
0.335000
0.264000
0.305000
0.311000
0.353000
0.316000
0.315000
0.037000
0.264000
0.114000
0.029000
0.270000
0.001000
0.040000
0.028000
0.317000
0.305000
0.301000
0.030000
0.238000
0.169000
0.095000
0.009000
0.221000
0.201000
0.002000
0.012000
0.271000
0.000000
0.124000
0.354000
0.068000
0.142000
0.086000
0.104000
0.008000
0.056000
0.010000
0.034000
0.307000
0.340000
0.124000
0.071000
0.043000
0.008000
0.356000
0.048000
0.001000
0.093000
0.083000
0.170000
0.293000
0.134000
0.354000
0.008000
0.278000
0.295000
0.036000
0.034000
0.331000
0.012000
0.220000
0.013000
0.148000
0.071000
