0.346000
0.346000
0.346000
0.346000
0.346000
0.346000
0.346000
0.346000
0.346000
0.346000
0.344000
0.346000
0.346000
0.346000
0.346000
0.346000
0.346000
0.346000
0.346000
0.346000
0.346000
0.015000
0.346000
0.344000
0.346000
0.321000
0.247000
0.346000
0.243000
0.312000
0.344000
0.346000
0.346000
0.323000
0.238000
0.340000
0.052000
0.343000
0.315000
0.163000
0.136000
0.344000
0.345000
0.346000
0.341000
0.343000
0.293000
0.342000
0.019000
0.031000
0.264000
0.346000
0.332000
0.026000
0.346000
0.346000
0.339000
0.182000
0.345000
0.247000
0.345000
0.321000
0.194000
0.337000
0.341000
0.313000
0.234000
0.025000
0.346000
0.092000
0.345000
0.305000
0.346000
0.135000
0.343000
0.004000
0.333000
0.114000
0.057000
0.003000
0.093000
0.338000
0.108000
0.303000
0.002000
0.052000
0.342000
0.318000
0.339000
0.310000
0.133000
0.344000
0.343000
0.321000
0.328000
0.044000
0.344000
0.055000
0.075000
0.297000
0.346000
0.334000
0.003000
0.345000
0.196000
0.346000
0.316000
0.000000
0.016000
0.221000
0.002000
0.176000
0.258000
0.312000
0.276000
0.347000
0.302000
0.309000
0.063000
0.027000
0.302000
0.190000
0.329000
0.000000
0.120000
0.144000
0.054000
0.306000
0.316000
0.255000
0.005000
0.337000
0.240000
0.143000
0.005000
0.320000
0.264000
0.291000
0.295000
0.344000
0.309000
0.303000
0.045000
0.241000
0.128000
0.024000
0.248000
0.001000
0.033000
0.018000
0.296000
0.282000
0.272000
0.039000
0.223000
0.141000
0.084000
0.006000
0.228000
0.231000
0.002000
0.011000
0.266000
0.000000
0.108000
0.342000
0.059000
0.121000
0.077000
0.103000
0.009000
0.052000
0.013000
0.029000
0.292000
0.312000
0.108000
0.077000
0.038000
0.012000
0.345000
0.047000
0.000000
0.088000
0.063000
0.189000
0.297000
0.113000
0.346000
0.001000
0.253000
0.288000
0.021000
0.029000
0.320000
0.011000
0.212000
0.009000
0.139000
0.072000
