0.352000
0.352000
0.352000
0.352000
0.352000
0.352000
0.352000
0.352000
0.352000
0.352000
0.348000
0.352000
0.352000
0.352000
0.352000
0.352000
0.352000
0.352000
0.352000
0.352000
0.352000
0.019000
0.352000
0.348000
0.352000
0.329000
0.234000
0.352000
0.227000
0.315000
0.346000
0.352000
0.352000
0.323000
0.245000
0.340000
0.052000
0.346000
0.319000
0.187000
0.140000
0.352000
0.351000
0.351000
0.352000
0.349000
0.314000
0.348000
0.022000
0.023000
0.253000
0.352000
0.339000
0.027000
0.352000
0.349000
0.344000
0.218000
0.349000
0.258000
0.348000
0.324000
0.192000
0.345000
0.350000
0.319000
0.246000
0.014000
0.352000
0.077000
0.352000
0.303000
0.352000
0.145000
0.349000
0.003000
0.340000
0.114000
0.069000
0.001000
0.100000
0.340000
0.113000
0.319000
0.007000
0.049000
0.349000
0.311000
0.349000
0.318000
0.103000
0.352000
0.351000
0.338000
0.337000
0.046000
0.351000
0.044000
0.089000
0.285000
0.352000
0.341000
0.001000
0.352000
0.200000
0.352000
0.326000
0.000000
0.011000
0.214000
0.002000
0.198000
0.261000
0.316000
0.289000
0.352000
0.312000
0.301000
0.057000
0.022000
0.313000
0.182000
0.340000
0.000000
0.108000
0.146000
0.059000
0.312000
0.321000
0.265000
0.002000
0.342000
0.243000
0.131000
0.011000
0.332000
0.257000
0.283000
0.316000
0.346000
0.323000
0.318000
0.039000
0.244000
0.111000
0.026000
0.259000
0.000000
0.035000
0.029000
0.316000
0.294000
0.292000
0.027000
0.226000
0.137000
0.104000
0.002000
0.214000
0.218000
0.001000
0.014000
0.282000
0.001000
0.120000
0.351000
0.069000
0.145000
0.071000
0.093000
0.009000
0.059000
0.008000
0.035000
0.294000
0.325000
0.120000
0.063000
0.045000
0.004000
0.351000
0.041000
0.000000
0.099000
0.077000
0.180000
0.287000
0.128000
0.351000
0.002000
0.269000
0.294000
0.028000
0.036000
0.327000
0.013000
0.219000
0.008000
0.135000
0.089000
