0.349000
0.349000
0.349000
0.349000
0.349000
0.349000
0.349000
0.349000
0.349000
0.349000
0.348000
0.349000
0.349000
0.349000
0.349000
0.349000
0.349000
0.349000
0.349000
0.349000
0.349000
0.032000
0.349000
0.347000
0.349000
0.325000
0.244000
0.349000
0.254000
0.308000
0.346000
0.349000
0.349000
0.333000
0.229000
0.342000
0.047000
0.344000
0.321000
0.180000
0.117000
0.347000
0.349000
0.348000
0.346000
0.344000
0.310000
0.349000
0.020000
0.031000
0.230000
0.349000
0.335000
0.035000
0.349000
0.349000
0.340000
0.181000
0.347000
0.248000
0.347000
0.324000
0.201000
0.344000
0.347000
0.303000
0.228000
0.017000
0.349000
0.093000
0.349000
0.308000
0.349000
0.157000
0.344000
0.002000
0.333000
0.136000
0.058000
0.000000
0.097000
0.343000
0.101000
0.306000
0.005000
0.050000
0.346000
0.307000
0.339000
0.315000
0.096000
0.348000
0.347000
0.331000
0.338000
0.037000
0.348000
0.051000
0.079000
0.294000
0.349000
0.333000
0.004000
0.349000
0.204000
0.349000
0.329000
0.000000
0.020000
0.221000
0.001000
0.175000
0.259000
0.318000
0.292000
0.349000
0.301000
0.308000
0.042000
0.017000
0.309000
0.194000
0.334000
0.000000
0.123000
0.152000
0.076000
0.322000
0.326000
0.271000
0.003000
0.343000
0.236000
0.140000
0.010000
0.330000
0.252000
0.291000
0.314000
0.341000
0.308000
0.309000
0.036000
0.250000
0.120000
0.020000
0.254000
0.001000
0.033000
0.027000
0.309000
0.296000
0.287000
0.044000
0.244000
0.147000
0.085000
0.005000
0.214000
0.202000
0.002000
0.014000
0.280000
0.001000
0.121000
0.344000
0.067000
0.130000
0.078000
0.096000
0.008000
0.051000
0.010000
0.035000
0.295000
0.327000
0.121000
0.071000
0.046000
0.004000
0.346000
0.044000
0.001000
0.090000
0.085000
0.168000
0.290000
0.122000
0.347000
0.003000
0.268000
0.293000
0.028000
0.026000
0.322000
0.010000
0.226000
0.010000
0.140000
0.082000
