0.373000
0.373000
0.373000
0.373000
0.373000
0.373000
0.373000
0.373000
0.373000
0.373000
0.372000
0.373000
0.373000
0.373000
0.373000
0.373000
0.373000
0.373000
0.373000
0.373000
0.373000
0.028000
0.373000
0.370000
0.373000
0.347000
0.251000
0.373000
0.258000
0.326000
0.370000
0.373000
0.373000
0.352000
0.256000
0.369000
0.045000
0.371000
0.343000
0.175000
0.156000
0.372000
0.373000
0.371000
0.372000
0.372000
0.334000
0.367000
0.019000
0.034000
0.245000
0.373000
0.360000
0.037000
0.373000
0.373000
0.365000
0.186000
0.370000
0.262000
0.372000
0.345000
0.209000
0.370000
0.368000
0.329000
0.246000
0.023000
0.373000
0.091000
0.373000
0.326000
0.373000
0.149000
0.369000
0.003000
0.362000
0.118000
0.069000
0.000000
0.108000
0.366000
0.113000
0.331000
0.004000
0.048000
0.370000
0.342000
0.366000
0.332000
0.115000
0.371000
0.367000
0.347000
0.355000
0.046000
0.373000
0.056000
0.086000
0.310000
0.373000
0.361000
0.005000
0.373000
0.207000
0.373000
0.335000
0.000000
0.012000
0.243000
0.001000
0.190000
0.280000
0.335000
0.311000
0.373000
0.313000
0.330000
0.054000
0.030000
0.329000
0.191000
0.351000
0.000000
0.121000
0.178000
0.062000
0.332000
0.348000
0.294000
0.009000
0.370000
0.278000
0.166000
0.013000
0.355000
0.280000
0.297000
0.324000
0.367000
0.322000
0.332000
0.041000
0.260000
0.110000
0.032000
0.278000
0.000000
0.031000
0.027000
0.326000
0.313000
0.299000
0.040000
0.248000
0.144000
0.093000
0.003000
0.224000
0.219000
0.003000
0.013000
0.309000
0.001000
0.124000
0.370000
0.068000
0.155000
0.079000
0.100000
0.003000
0.062000
0.009000
0.033000
0.318000
0.347000
0.122000
0.088000
0.058000
0.007000
0.371000
0.043000
0.001000
0.096000
0.078000
0.179000
0.299000
0.138000
0.372000
0.001000
0.290000
0.309000
0.036000
0.023000
0.350000
0.012000
0.200000
0.009000
0.158000
0.067000
