0.379000
0.379000
0.379000
0.379000
0.379000
0.379000
0.379000
0.379000
0.379000
0.379000
0.378000
0.379000
0.379000
0.379000
0.379000
0.379000
0.379000
0.379000
0.379000
0.379000
0.379000
0.019000
0.379000
0.377000
0.379000
0.356000
0.248000
0.379000
0.259000
0.332000
0.373000
0.379000
0.379000
0.351000
0.258000
0.374000
0.053000
0.374000
0.335000
0.196000
0.158000
0.378000
0.378000
0.379000
0.373000
0.376000
0.330000
0.375000
0.022000
0.033000
0.243000
0.379000
0.361000
0.023000
0.379000
0.377000
0.371000
0.201000
0.375000
0.278000
0.375000
0.354000
0.227000
0.376000
0.376000
0.325000
0.256000
0.020000
0.379000
0.093000
0.377000
0.328000
0.379000
0.154000
0.373000
0.002000
0.358000
0.146000
0.069000
0.001000
0.118000
0.369000
0.127000
0.344000
0.001000
0.050000
0.373000
0.333000
0.376000
0.332000
0.112000
0.377000
0.378000
0.352000
0.364000
0.043000
0.379000
0.051000
0.095000
0.313000
0.379000
0.362000
0.008000
0.379000
0.214000
0.379000
0.359000
0.001000
0.018000
0.244000
0.002000
0.210000
0.299000
0.337000
0.324000
0.379000
0.326000
0.323000
0.057000
0.021000
0.323000
0.220000
0.367000
0.000000
0.122000
0.167000
0.075000
0.348000
0.345000
0.291000
0.005000
0.367000
0.269000
0.170000
0.018000
0.358000
0.281000
0.323000
0.331000
0.374000
0.336000
0.337000
0.038000
0.273000
0.132000
0.036000
0.288000
0.000000
0.030000
0.023000
0.332000
0.311000
0.312000
0.041000
0.247000
0.150000
0.102000
0.003000
0.235000
0.218000
0.000000
0.012000
0.295000
0.002000
0.115000
0.376000
0.077000
0.140000
0.075000
0.093000
0.015000
0.066000
0.009000
0.032000
0.309000
0.347000
0.123000
0.097000
0.051000
0.004000
0.378000
0.041000
0.000000
0.109000
0.083000
0.189000
0.305000
0.128000
0.377000
0.007000
0.287000
0.309000
0.021000
0.033000
0.352000
0.013000
0.254000
0.013000
0.158000
0.085000
