0.349000
0.349000
0.349000
0.349000
0.349000
0.349000
0.349000
0.349000
0.349000
0.349000
0.349000
0.349000
0.349000
0.349000
0.349000
0.349000
0.349000
0.349000
0.349000
0.349000
0.349000
0.019000
0.349000
0.348000
0.349000
0.329000
0.232000
0.349000
0.233000
0.307000
0.346000
0.349000
0.349000
0.324000
0.246000
0.344000
0.041000
0.346000
0.318000
0.181000
0.147000
0.347000
0.347000
0.347000
0.346000
0.348000
0.305000
0.346000
0.028000
0.030000
0.234000
0.349000
0.339000
0.036000
0.349000
0.346000
0.342000
0.151000
0.345000
0.234000
0.346000
0.317000
0.203000
0.339000
0.348000
0.307000
0.238000
0.039000
0.349000
0.086000
0.347000
0.302000
0.349000
0.140000
0.344000
0.002000
0.332000
0.117000
0.063000
0.002000
0.115000
0.331000
0.121000
0.314000
0.008000
0.050000
0.345000
0.320000
0.340000
0.316000
0.093000
0.349000
0.347000
0.331000
0.331000
0.036000
0.349000
0.065000
0.076000
0.305000
0.349000
0.344000
0.002000
0.349000
0.209000
0.349000
0.316000
0.000000
0.015000
0.207000
0.001000
0.195000
0.258000
0.303000
0.279000
0.349000
0.312000
0.305000
0.045000
0.021000
0.303000
0.195000
0.335000
0.000000
0.116000
0.143000
0.046000
0.317000
0.323000
0.275000
0.003000
0.345000
0.254000
0.137000
0.009000
0.327000
0.242000
0.292000
0.305000
0.345000
0.308000
0.322000
0.040000
0.252000
0.114000
0.031000
0.258000
0.002000
0.026000
0.022000
0.303000
0.298000
0.287000
0.036000
0.230000
0.161000
0.082000
0.003000
0.207000
0.204000
0.001000
0.007000
0.272000
0.000000
0.088000
0.345000
0.068000
0.147000
0.074000
0.094000
0.010000
0.063000
0.014000
0.030000
0.290000
0.326000
0.117000
0.078000
0.046000
0.006000
0.349000
0.036000
0.000000
0.106000
0.073000
0.160000
0.282000
0.116000
0.347000
0.001000
0.265000
0.301000
0.029000
0.023000
0.318000
0.006000
0.207000
0.012000
0.152000
0.071000
