0.340000
0.340000
0.340000
0.340000
0.340000
0.340000
0.340000
0.340000
0.340000
0.340000
0.339000
0.340000
0.340000
0.340000
0.340000
0.340000
0.340000
0.340000
0.340000
0.340000
0.340000
0.015000
0.340000
0.335000
0.340000
0.324000
0.228000
0.340000
0.226000
0.303000
0.340000
0.340000
0.340000
0.318000
0.249000
0.333000
0.058000
0.339000
0.307000
0.173000
0.116000
0.340000
0.339000
0.340000
0.337000
0.337000
0.301000
0.338000
0.021000
0.025000
0.225000
0.340000
0.322000
0.031000
0.340000
0.339000
0.333000
0.163000
0.334000
0.239000
0.338000
0.310000
0.206000
0.333000
0.336000
0.303000
0.222000
0.015000
0.340000
0.076000
0.339000
0.300000
0.340000
0.141000
0.336000
0.002000
0.322000
0.121000
0.054000
0.000000
0.122000
0.329000
0.110000
0.306000
0.000000
0.048000
0.338000
0.302000
0.333000
0.289000
0.095000
0.336000
0.340000
0.313000
0.318000
0.054000
0.340000
0.046000
0.079000
0.300000
0.340000
0.326000
0.002000
0.340000
0.201000
0.340000
0.320000
0.002000
0.011000
0.207000
0.003000
0.177000
0.259000
0.301000
0.280000
0.340000
0.294000
0.302000
0.043000
0.024000
0.309000
0.201000
0.322000
0.000000
0.119000
0.138000
0.072000
0.299000
0.300000
0.254000
0.004000
0.334000
0.241000
0.156000
0.014000
0.321000
0.235000
0.287000
0.305000
0.333000
0.302000
0.309000
0.029000
0.258000
0.099000
0.040000
0.241000
0.002000
0.022000
0.027000
0.297000
0.275000
0.280000
0.027000
0.210000
0.140000
0.097000
0.004000
0.192000
0.204000
0.000000
0.020000
0.260000
0.000000
0.111000
0.331000
0.076000
0.133000
0.079000
0.091000
0.005000
0.049000
0.021000
0.025000
0.300000
0.308000
0.108000
0.075000
0.042000
0.005000
0.338000
0.034000
0.000000
0.089000
0.061000
0.164000
0.257000
0.107000
0.339000
0.007000
0.257000
0.284000
0.032000
0.023000
0.318000
0.017000
0.208000
0.008000
0.148000
0.073000
