0.326000
0.326000
0.326000
0.326000
0.326000
0.326000
0.326000
0.326000
0.326000
0.326000
0.326000
0.326000
0.326000
0.326000
0.326000
0.326000
0.326000
0.326000
0.326000
0.326000
0.326000
0.026000
0.326000
0.323000
0.326000
0.301000
0.220000
0.326000
0.210000
0.284000
0.323000
0.326000
0.326000
0.306000
0.215000
0.322000
0.050000
0.324000
0.295000
0.166000
0.118000
0.324000
0.325000
0.326000
0.321000
0.321000
0.288000
0.321000
0.025000
0.033000
0.220000
0.326000
0.315000
0.032000
0.326000
0.324000
0.315000
0.166000
0.325000
0.225000
0.325000
0.298000
0.178000
0.319000
0.325000
0.298000
0.216000
0.024000
0.324000
0.079000
0.326000
0.276000
0.326000
0.145000
0.324000
0.004000
0.312000
0.112000
0.053000
0.003000
0.085000
0.318000
0.096000
0.293000
0.006000
0.047000
0.324000
0.288000
0.319000
0.287000
0.093000
0.325000
0.323000
0.307000
0.309000
0.031000
0.325000
0.045000
0.087000
0.275000
0.326000
0.317000
0.006000
0.325000
0.175000
0.326000
0.298000
0.000000
0.012000
0.194000
0.001000
0.181000
0.249000
0.297000
0.271000
0.326000
0.283000
0.283000
0.044000
0.015000
0.294000
0.161000
0.308000
0.000000
0.120000
0.151000
0.063000
0.304000
0.296000
0.262000
0.001000
0.316000
0.246000
0.141000
0.012000
0.304000
0.239000
0.254000
0.290000
0.324000
0.285000
0.283000
0.032000
0.239000
0.114000
0.028000
0.231000
0.000000
0.026000
0.021000
0.287000
0.264000
0.260000
0.028000
0.226000
0.149000
0.081000
0.001000
0.186000
0.181000
0.004000
0.013000
0.242000
0.001000
0.090000
0.322000
0.063000
0.137000
0.091000
0.093000
0.006000
0.073000
0.011000
0.027000
0.295000
0.306000
0.112000
0.075000
0.037000
0.003000
0.324000
0.040000
0.000000
0.086000
0.069000
0.161000
0.262000
0.117000
0.324000
0.007000
0.251000
0.260000
0.029000
0.033000
0.299000
0.006000
0.207000
0.013000
0.140000
0.086000
