0.365000
0.365000
0.365000
0.365000
0.365000
0.365000
0.365000
0.365000
0.365000
0.365000
0.363000
0.365000
0.365000
0.365000
0.365000
0.365000
0.365000
0.365000
0.365000
0.365000
0.365000
0.033000
0.365000
0.363000
0.365000
0.340000
0.251000
0.365000
0.255000
0.317000
0.362000
0.365000
0.365000
0.346000
0.243000
0.360000
0.040000
0.364000
0.324000
0.181000
0.128000
0.364000
0.364000
0.362000
0.361000
0.364000
0.322000
0.363000
0.024000
0.027000
0.240000
0.365000
0.351000
0.026000
0.365000
0.362000
0.360000
0.186000
0.362000
0.271000
0.365000
0.335000
0.202000
0.360000
0.361000
0.331000
0.236000
0.022000
0.364000
0.078000
0.363000
0.321000
0.365000
0.157000
0.361000
0.001000
0.346000
0.138000
0.071000
0.000000
0.123000
0.359000
0.116000
0.333000
0.003000
0.052000
0.361000
0.314000
0.355000
0.319000
0.100000
0.365000
0.364000
0.341000
0.346000
0.052000
0.363000
0.062000
0.076000
0.312000
0.365000
0.348000
0.004000
0.365000
0.209000
0.365000
0.341000
0.000000
0.014000
0.234000
0.001000
0.197000
0.282000
0.322000
0.305000
0.365000
0.320000
0.321000
0.062000
0.024000
0.319000
0.197000
0.345000
0.000000
0.123000
0.160000
0.047000
0.335000
0.336000
0.278000
0.003000
0.358000
0.252000
0.161000
0.009000
0.336000
0.272000
0.303000
0.326000
0.359000
0.326000
0.320000
0.051000
0.262000
0.107000
0.028000
0.263000
0.000000
0.038000
0.027000
0.311000
0.301000
0.294000
0.038000
0.245000
0.141000
0.105000
0.006000
0.224000
0.206000
0.004000
0.011000
0.285000
0.004000
0.114000
0.364000
0.070000
0.133000
0.068000
0.095000
0.012000
0.058000
0.025000
0.030000
0.312000
0.335000
0.120000
0.077000
0.047000
0.004000
0.362000
0.037000
0.002000
0.098000
0.095000
0.170000
0.304000
0.139000
0.363000
0.003000
0.281000
0.314000
0.029000
0.023000
0.339000
0.008000
0.220000
0.011000
0.155000
0.085000
