0.350000
0.350000
0.350000
0.350000
0.350000
0.350000
0.350000
0.350000
0.350000
0.350000
0.349000
0.350000
0.350000
0.350000
0.350000
0.350000
0.350000
0.350000
0.350000
0.350000
0.350000
0.020000
0.350000
0.349000
0.350000
0.327000
0.234000
0.350000
0.248000
0.313000
0.348000
0.350000
0.350000
0.330000
0.233000
0.341000
0.048000
0.343000
0.325000
0.187000
0.122000
0.349000
0.348000
0.348000
0.346000
0.346000
0.311000
0.347000
0.019000
0.035000
0.239000
0.350000
0.342000
0.034000
0.350000
0.350000
0.345000
0.172000
0.345000
0.258000
0.348000
0.317000
0.202000
0.341000
0.344000
0.312000
0.238000
0.018000
0.350000
0.077000
0.350000
0.313000
0.350000
0.147000
0.347000
0.006000
0.334000
0.119000
0.068000
0.000000
0.111000
0.346000
0.125000
0.313000
0.001000
0.055000
0.349000
0.319000
0.344000
0.307000
0.109000
0.347000
0.349000
0.337000
0.331000
0.041000
0.350000
0.050000
0.074000
0.309000
0.350000
0.335000
0.004000
0.350000
0.183000
0.350000
0.327000
0.000000
0.012000
0.234000
0.004000
0.188000
0.254000
0.309000
0.309000
0.350000
0.307000
0.309000
0.042000
0.019000
0.313000
0.173000
0.342000
0.000000
0.110000
0.152000
0.054000
0.321000
0.311000
0.275000
0.000000
0.338000
0.250000
0.145000
0.010000
0.334000
0.265000
0.286000
0.303000
0.350000
0.310000
0.320000
0.040000
0.243000
0.116000
0.034000
0.249000
0.000000
0.028000
0.021000
0.300000
0.286000
0.296000
0.033000
0.234000
0.159000
0.077000
0.003000
0.226000
0.226000
0.004000
0.014000
0.267000
0.000000
0.112000
0.344000
0.065000
0.134000
0.077000
0.085000
0.013000
0.052000
0.012000
0.030000
0.282000
0.321000
0.112000
0.073000
0.037000
0.002000
0.349000
0.041000
0.000000
0.091000
0.060000
0.173000
0.284000
0.122000
0.349000
0.003000
0.269000
0.293000
0.024000
0.032000
0.335000
0.008000
0.204000
0.010000
0.148000
0.082000
