0.371000
0.371000
0.371000
0.371000
0.371000
0.371000
0.371000
0.371000
0.371000
0.371000
0.370000
0.371000
0.371000
0.371000
0.371000
0.371000
0.371000
0.371000
0.371000
0.371000
0.371000
0.036000
0.371000
0.369000
0.371000
0.346000
0.263000
0.371000
0.262000
0.333000
0.368000
0.371000
0.371000
0.347000
0.253000
0.363000
0.048000
0.365000
0.331000
0.203000
0.136000
0.371000
0.370000
0.369000
0.369000
0.369000
0.330000
0.368000
0.015000
0.023000
0.251000
0.371000
0.358000
0.041000
0.371000
0.369000
0.366000
0.177000
0.367000
0.263000
0.369000
0.334000
0.211000
0.365000
0.365000
0.328000
0.255000
0.015000
0.371000
0.102000
0.371000
0.325000
0.371000
0.141000
0.370000
0.003000
0.354000
0.123000
0.069000
0.000000
0.100000
0.361000
0.125000
0.323000
0.007000
0.045000
0.370000
0.333000
0.368000
0.317000
0.110000
0.368000
0.370000
0.346000
0.347000
0.043000
0.370000
0.059000
0.087000
0.311000
0.371000
0.356000
0.005000
0.369000
0.218000
0.371000
0.341000
0.000000
0.016000
0.216000
0.001000
0.209000
0.275000
0.339000
0.293000
0.371000
0.317000
0.324000
0.063000
0.018000
0.325000
0.207000
0.359000
0.002000
0.122000
0.168000
0.061000
0.337000
0.339000
0.286000
0.009000
0.370000
0.261000
0.147000
0.014000
0.353000
0.278000
0.305000
0.328000
0.366000
0.331000
0.315000
0.037000
0.267000
0.118000
0.034000
0.280000
0.002000
0.030000
0.031000
0.325000
0.316000
0.314000
0.028000
0.256000
0.147000
0.109000
0.002000
0.222000
0.225000
0.003000
0.011000
0.279000
0.000000
0.101000
0.368000
0.077000
0.137000
0.088000
0.088000
0.008000
0.061000
0.016000
0.026000
0.310000
0.352000
0.121000
0.101000
0.059000
0.005000
0.370000
0.037000
0.000000
0.094000
0.078000
0.220000
0.302000
0.122000
0.369000
0.004000
0.284000
0.307000
0.034000
0.034000
0.346000
0.007000
0.225000
0.014000
0.154000
0.078000
