0.318000
0.318000
0.318000
0.318000
0.318000
0.318000
0.318000
0.318000
0.318000
0.318000
0.318000
0.318000
0.318000
0.318000
0.318000
0.318000
0.318000
0.318000
0.318000
0.318000
0.318000
0.022000
0.318000
0.316000
0.318000
0.293000
0.228000
0.318000
0.224000
0.280000
0.315000
0.318000
0.318000
0.292000
0.214000
0.306000
0.055000
0.316000
0.283000
0.150000
0.115000
0.317000
0.317000
0.318000
0.315000
0.316000
0.270000
0.314000
0.019000
0.022000
0.211000
0.318000
0.304000
0.035000
0.318000
0.317000
0.312000
0.152000
0.318000
0.210000
0.314000
0.286000
0.176000
0.317000
0.317000
0.278000
0.219000
0.018000
0.318000
0.069000
0.317000
0.281000
0.318000
0.139000
0.317000
0.001000
0.303000
0.111000
0.063000
0.000000
0.111000
0.306000
0.106000
0.286000
0.003000
0.047000
0.316000
0.285000
0.311000
0.282000
0.100000
0.317000
0.319000
0.295000
0.302000
0.041000
0.318000
0.044000
0.054000
0.262000
0.318000
0.306000
0.005000
0.318000
0.183000
0.318000
0.285000
0.000000
0.016000
0.194000
0.002000
0.162000
0.240000
0.280000
0.252000
0.316000
0.271000
0.272000
0.038000
0.020000
0.278000
0.164000
0.303000
0.000000
0.103000
0.136000
0.065000
0.292000
0.276000
0.254000
0.003000
0.311000
0.232000
0.128000
0.009000
0.298000
0.232000
0.251000
0.277000
0.317000
0.282000
0.281000
0.040000
0.245000
0.101000
0.022000
0.250000
0.000000
0.037000
0.016000
0.293000
0.272000
0.267000
0.030000
0.227000
0.143000
0.088000
0.005000
0.181000
0.182000
0.002000
0.017000
0.252000
0.000000
0.090000
0.314000
0.070000
0.107000
0.073000
0.096000
0.007000
0.053000
0.012000
0.023000
0.265000
0.301000
0.110000
0.065000
0.041000
0.008000
0.316000
0.036000
0.000000
0.077000
0.061000
0.161000
0.268000
0.106000
0.318000
0.005000
0.253000
0.263000
0.030000
0.025000
0.290000
0.012000
0.189000
0.015000
0.138000
0.077000
