0.339000
0.339000
0.339000
0.339000
0.339000
0.339000
0.339000
0.339000
0.339000
0.339000
0.339000
0.339000
0.339000
0.339000
0.339000
0.339000
0.339000
0.339000
0.339000
0.339000
0.339000
0.020000
0.339000
0.337000
0.339000
0.321000
0.222000
0.339000
0.241000
0.285000
0.339000
0.339000
0.339000
0.316000
0.227000
0.332000
0.038000
0.334000
0.304000
0.174000
0.133000
0.338000
0.337000
0.337000
0.332000
0.339000
0.302000
0.335000
0.022000
0.042000
0.218000
0.339000
0.327000
0.037000
0.339000
0.333000
0.330000
0.190000
0.336000
0.248000
0.337000
0.309000
0.185000
0.338000
0.332000
0.310000
0.223000
0.023000
0.339000
0.079000
0.338000
0.298000
0.339000
0.143000
0.336000
0.004000
0.329000
0.123000
0.083000
0.000000
0.104000
0.332000
0.123000
0.309000
0.006000
0.054000
0.337000
0.303000
0.333000
0.284000
0.106000
0.337000
0.338000
0.322000
0.322000
0.032000
0.338000
0.058000
0.071000
0.273000
0.339000
0.329000
0.008000
0.339000
0.168000
0.339000
0.310000
0.000000
0.014000
0.202000
0.001000
0.181000
0.270000
0.307000
0.278000
0.339000
0.286000
0.296000
0.034000
0.018000
0.307000
0.165000
0.329000
0.000000
0.117000
0.147000
0.068000
0.316000
0.308000
0.278000
0.002000
0.333000
0.258000
0.133000
0.012000
0.321000
0.255000
0.279000
0.289000
0.331000
0.289000
0.303000
0.045000
0.248000
0.101000
0.025000
0.235000
0.000000
0.031000
0.031000
0.298000
0.270000
0.279000
0.029000
0.234000
0.153000
0.102000
0.002000
0.203000
0.194000
0.001000
0.009000
0.256000
0.000000
0.124000
0.335000
0.054000
0.119000
0.060000
0.090000
0.009000
0.059000
0.008000
0.023000
0.296000
0.313000
0.109000
0.080000
0.049000
0.004000
0.338000
0.033000
0.000000
0.093000
0.069000
0.175000
0.267000
0.118000
0.339000
0.001000
0.258000
0.262000
0.035000
0.023000
0.321000
0.009000
0.198000
0.015000
0.145000
0.090000
