1.000000
1.000000
1.000000
1.000000
1.000000
1.000000
1.000000
1.000000
1.000000
1.000000
1.000000
1.000000
1.000000
1.000000
1.000000
1.000000
1.000000
1.000000
1.000000
1.000000
1.000000
0.999000
1.000000
1.000000
1.000000
1.000000
1.000000
1.000000
1.000000
1.000000
1.000000
1.000000
1.000000
1.000000
1.000000
1.000000
1.000000
1.000000
1.000000
0.999000
1.000000
1.000000
1.000000
1.000000
1.000000
1.000000
1.000000
1.000000
0.999000
1.000000
1.000000
1.000000
1.000000
1.000000
1.000000
1.000000
1.000000
1.000000
1.000000
1.000000
1.000000
1.000000
1.000000
1.000000
1.000000
1.000000
1.000000
0.999000
1.000000
1.000000
1.000000
1.000000
1.000000
1.000000
1.000000
0.997000
1.000000
1.000000
0.999000
0.999000
1.000000
1.000000
1.000000
1.000000
0.999000
1.000000
1.000000
1.000000
1.000000
1.000000
0.999000
1.000000
1.000000
1.000000
1.000000
1.000000
1.000000
1.000000
1.000000
0.999000
1.000000
1.000000
1.000000
1.000000
1.000000
0.999000
1.000000
0.988000
1.000000
1.000000
1.000000
1.000000
1.000000
1.000000
1.000000
1.000000
1.000000
1.000000
1.000000
0.999000
1.000000
1.000000
1.000000
0.992000
0.999000
1.000000
1.000000
1.000000
1.000000
1.000000
0.997000
1.000000
1.000000
1.000000
0.998000
1.000000
1.000000
0.999000
1.000000
1.000000
1.000000
1.000000
1.000000
1.000000
1.000000
0.999000
1.000000
0.990000
1.000000
1.000000
1.000000
1.000000
1.000000
1.000000
1.000000
1.000000
1.000000
0.999000
1.000000
1.000000
0.997000
1.000000
1.000000
0.996000
1.000000
1.000000
1.000000
1.000000
1.000000
1.000000
1.000000
1.000000
1.000000
1.000000
1.000000
1.000000
1.000000
1.000000
1.000000
0.997000
1.000000
1.000000
0.996000
1.000000
1.000000
1.000000
1.000000
1.000000
1.000000
1.000000
1.000000
1.000000
0.999000
1.000000
1.000000
1.000000
1.000000
1.000000
1.000000
1.000000
