1.000000
1.000000
1.000000
1.000000
1.000000
1.000000
1.000000
1.000000
1.000000
1.000000
1.000000
1.000000
1.000000
1.000000
1.000000
1.000000
1.000000
1.000000
1.000000
1.000000
1.000000
1.000000
1.000000
1.000000
1.000000
1.000000
1.000000
1.000000
1.000000
1.000000
1.000000
1.000000
1.000000
0.999000
1.000000
1.000000
1.000000
1.000000
1.000000
1.000000
1.000000
1.000000
1.000000
1.000000
1.000000
1.000000
1.000000
1.000000
1.000000
1.000000
1.000000
1.000000
1.000000
1.000000
1.000000
1.000000
1.000000
1.000000
1.000000
1.000000
1.000000
0.999000
1.000000
1.000000
1.000000
1.000000
1.000000
1.000000
1.000000
1.000000
1.000000
1.000000
1.000000
1.000000
1.000000
0.998000
1.000000
0.999000
1.000000
0.997000
0.999000
1.000000
1.000000
1.000000
0.997000
1.000000
1.000000
1.000000
1.000000
1.000000
1.000000
1.000000
1.000000
1.000000
1.000000
0.999000
1.000000
0.999000
1.000000
1.000000
1.000000
1.000000
0.999000
1.000000
1.000000
1.000000
1.000000
0.995000
0.998000
1.000000
1.000000
1.000000
1.000000
1.000000
1.000000
1.000000
1.000000
1.000000
1.000000
1.000000
1.000000
1.000000
1.000000
0.992000
1.000000
1.000000
1.000000
1.000000
1.000000
1.000000
0.998000
1.000000
1.000000
1.000000
1.000000
1.000000
1.000000
1.000000
1.000000
1.000000
1.000000
1.000000
1.000000
1.000000
0.999000
0.999000
1.000000
0.998000
1.000000
1.000000
1.000000
1.000000
1.000000
0.999000
1.000000
1.000000
1.000000
0.998000
1.000000
1.000000
0.998000
1.000000
1.000000
0.995000
1.000000
1.000000
1.000000
1.000000
1.000000
1.000000
0.999000
1.000000
0.999000
1.000000
1.000000
1.000000
1.000000
1.000000
0.999000
1.000000
1.000000
1.000000
0.994000
1.000000
1.000000
1.000000
1.000000
1.000000
1.000000
0.997000
1.000000
1.000000
1.000000
0.999000
1.000000
0.998000
1.000000
1.000000
1.000000
1.000000
