1.000000
1.000000
1.000000
1.000000
1.000000
1.000000
1.000000
1.000000
1.000000
1.000000
1.000000
1.000000
1.000000
1.000000
1.000000
1.000000
1.000000
1.000000
1.000000
1.000000
1.000000
1.000000
1.000000
1.000000
1.000000
1.000000
1.000000
1.000000
1.000000
1.000000
1.000000
1.000000
1.000000
1.000000
1.000000
1.000000
0.999000
1.000000
1.000000
1.000000
1.000000
1.000000
1.000000
1.000000
1.000000
1.000000
1.000000
1.000000
0.999000
0.998000
1.000000
1.000000
1.000000
1.000000
1.000000
1.000000
1.000000
1.000000
1.000000
1.000000
1.000000
1.000000
1.000000
1.000000
1.000000
1.000000
1.000000
1.000000
1.000000
1.000000
1.000000
1.000000
1.000000
0.999000
1.000000
0.997000
1.000000
1.000000
0.999000
0.997000
1.000000
1.000000
1.000000
1.000000
0.998000
1.000000
1.000000
1.000000
1.000000
1.000000
0.999000
1.000000
1.000000
1.000000
1.000000
1.000000
1.000000
1.000000
1.000000
1.000000
1.000000
1.000000
1.000000
1.000000
1.000000
1.000000
1.000000
0.994000
0.999000
1.000000
0.994000
1.000000
1.000000
1.000000
1.000000
0.998000
1.000000
1.000000
1.000000
1.000000
1.000000
1.000000
1.000000
0.986000
0.999000
1.000000
1.000000
1.000000
1.000000
1.000000
0.998000
1.000000
1.000000
1.000000
0.999000
1.000000
1.000000
1.000000
1.000000
1.000000
1.000000
1.000000
1.000000
1.000000
1.000000
0.999000
1.000000
0.996000
1.000000
1.000000
1.000000
1.000000
1.000000
1.000000
1.000000
1.000000
0.999000
0.999000
1.000000
1.000000
0.996000
0.999000
1.000000
0.996000
1.000000
1.000000
1.000000
1.000000
1.000000
1.000000
0.998000
1.000000
1.000000
1.000000
1.000000
1.000000
1.000000
1.000000
1.000000
0.999000
1.000000
0.999000
0.998000
0.999000
1.000000
1.000000
1.000000
1.000000
1.000000
0.999000
1.000000
1.000000
0.999000
1.000000
1.000000
0.999000
1.000000
0.999000
1.000000
1.000000
