0.999000
0.999000
0.980000
0.000000
0.999000
0.999000
0.999000
0.999000
0.999000
0.999000
0.999000
0.999000
0.994000
0.999000
0.999000
0.996000
0.981000
0.999000
0.999000
0.999000
0.999000
0.982000
0.999000
0.999000
0.999000
0.998000
0.997000
0.999000
0.997000
0.999000
0.999000
0.984000
0.999000
0.999000
0.994000
0.997000
0.982000
0.999000
0.992000
0.997000
0.992000
0.999000
0.999000
0.998000
0.998000
0.998000
0.994000
0.999000
0.980000
0.979000
0.998000
0.999000
0.999000
0.975000
0.999000
0.999000
0.999000
0.992000
0.999000
0.999000
0.998000
0.999000
0.994000
0.999000
0.999000
0.999000
0.994000
0.972000
0.999000
0.986000
0.999000
0.998000
0.999000
0.992000
0.999000
0.953000
0.938000
0.993000
0.990000
0.931000
0.912000
0.999000
0.993000
0.999000
0.955000
0.983000
0.999000
0.999000
0.959000
0.998000
0.942000
0.999000
0.999000
0.999000
0.995000
0.623000
0.999000
0.987000
0.989000
0.997000
0.997000
0.998000
0.959000
0.999000
0.995000
0.999000
0.995000
0.910000
0.968000
0.997000
0.944000
0.997000
0.999000
0.999000
0.998000
0.999000
0.999000
0.996000
0.987000
0.972000
0.998000
0.993000
0.998000
0.922000
0.929000
0.994000
0.985000
0.998000
0.999000
0.909000
0.955000
0.999000
0.993000
0.984000
0.973000
0.999000
0.998000
0.998000
0.991000
0.999000
0.999000
0.999000
0.985000
0.997000
0.994000
0.572000
0.999000
0.793000
0.981000
0.976000
0.999000
0.999000
0.996000
0.977000
0.994000
0.996000
0.992000
0.949000
0.996000
0.996000
0.950000
0.968000
0.999000
0.934000
0.990000
0.999000
0.989000
0.994000
0.986000
0.971000
0.973000
0.689000
0.975000
0.986000
0.998000
0.999000
0.992000
0.987000
0.985000
0.965000
0.999000
0.986000
0.931000
0.991000
0.989000
0.996000
0.997000
0.996000
0.999000
0.961000
0.997000
0.999000
0.975000
0.973000
0.998000
0.956000
0.996000
0.976000
0.991000
0.989000
