1.000000
1.000000
0.990000
0.000000
1.000000
1.000000
1.000000
1.000000
1.000000
1.000000
1.000000
1.000000
0.998000
1.000000
1.000000
0.999000
0.990000
1.000000
0.999000
1.000000
1.000000
0.976000
1.000000
1.000000
1.000000
1.000000
0.997000
1.000000
0.997000
1.000000
1.000000
0.991000
1.000000
1.000000
0.997000
0.995000
0.987000
1.000000
0.996000
0.998000
0.993000
1.000000
1.000000
1.000000
1.000000
1.000000
0.993000
1.000000
0.979000
0.988000
0.999000
0.998000
0.998000
0.977000
1.000000
1.000000
1.000000
0.996000
1.000000
0.998000
1.000000
1.000000
0.997000
1.000000
1.000000
0.999000
0.999000
0.980000
1.000000
0.988000
1.000000
1.000000
1.000000
0.996000
0.999000
0.934000
0.935000
0.994000
0.981000
0.936000
0.909000
1.000000
0.988000
1.000000
0.962000
0.989000
1.000000
1.000000
0.973000
0.998000
0.924000
1.000000
1.000000
0.999000
0.999000
0.598000
1.000000
0.980000
0.992000
0.999000
0.998000
1.000000
0.969000
1.000000
0.993000
1.000000
0.992000
0.912000
0.979000
0.994000
0.941000
0.997000
0.997000
0.999000
1.000000
0.999000
1.000000
0.999000
0.982000
0.981000
0.998000
0.997000
0.998000
0.915000
0.921000
0.992000
0.991000
1.000000
0.999000
0.901000
0.961000
1.000000
0.994000
0.988000
0.970000
0.999000
0.998000
0.998000
0.993000
1.000000
1.000000
1.000000
0.990000
0.999000
0.994000
0.553000
0.998000
0.817000
0.991000
0.969000
0.999000
0.998000
0.989000
0.978000
0.997000
0.994000
0.996000
0.959000
0.999000
0.997000
0.967000
0.977000
1.000000
0.940000
0.994000
1.000000
0.984000
0.995000
0.988000
0.963000
0.974000
0.676000
0.969000
0.990000
1.000000
0.999000
0.991000
0.983000
0.983000
0.964000
1.000000
0.989000
0.928000
0.996000
0.991000
0.996000
0.998000
0.994000
1.000000
0.956000
1.000000
0.998000
0.978000
0.978000
1.000000
0.963000
0.997000
0.969000
0.993000
0.989000
