1.000000
0.999000
0.987000
0.000000
1.000000
1.000000
1.000000
1.000000
1.000000
1.000000
1.000000
1.000000
0.994000
1.000000
1.000000
0.998000
0.990000
1.000000
1.000000
1.000000
1.000000
0.972000
1.000000
1.000000
1.000000
1.000000
0.997000
1.000000
0.999000
0.998000
0.998000
0.985000
1.000000
1.000000
0.999000
1.000000
0.991000
1.000000
0.996000
0.997000
0.995000
1.000000
1.000000
0.999000
1.000000
1.000000
0.994000
1.000000
0.978000
0.973000
1.000000
1.000000
1.000000
0.979000
1.000000
1.000000
1.000000
0.997000
1.000000
0.996000
1.000000
1.000000
0.999000
1.000000
1.000000
0.999000
0.999000
0.976000
1.000000
0.990000
1.000000
0.999000
1.000000
0.996000
0.999000
0.933000
0.940000
0.998000
0.989000
0.945000
0.927000
0.999000
0.991000
0.999000
0.943000
0.989000
1.000000
0.999000
0.973000
1.000000
0.933000
0.999000
1.000000
1.000000
0.997000
0.607000
1.000000
0.988000
0.992000
0.999000
0.998000
0.999000
0.960000
1.000000
0.996000
1.000000
0.992000
0.908000
0.973000
0.997000
0.948000
0.995000
0.999000
1.000000
0.998000
0.999000
0.999000
1.000000
0.983000
0.972000
0.999000
0.994000
1.000000
0.915000
0.936000
0.996000
0.995000
1.000000
0.999000
0.906000
0.944000
1.000000
0.996000
0.998000
0.968000
0.999000
1.000000
1.000000
0.997000
1.000000
0.998000
0.999000
0.982000
0.998000
0.995000
0.587000
1.000000
0.818000
0.987000
0.981000
0.999000
0.998000
0.995000
0.984000
0.998000
0.996000
0.988000
0.962000
1.000000
0.998000
0.950000
0.967000
1.000000
0.934000
0.996000
1.000000
0.988000
0.993000
0.989000
0.951000
0.964000
0.688000
0.978000
0.985000
0.999000
1.000000
0.992000
0.989000
0.982000
0.967000
1.000000
0.983000
0.927000
0.991000
0.988000
0.996000
0.998000
0.995000
1.000000
0.953000
1.000000
1.000000
0.982000
0.980000
0.999000
0.972000
0.998000
0.962000
0.993000
0.993000
