1.000000
0.998000
0.988000
0.000000
1.000000
1.000000
1.000000
0.998000
0.999000
1.000000
1.000000
1.000000
0.997000
1.000000
1.000000
0.999000
0.991000
1.000000
1.000000
1.000000
1.000000
0.973000
1.000000
1.000000
1.000000
1.000000
0.998000
1.000000
0.996000
1.000000
0.999000
0.990000
1.000000
0.999000
0.998000
0.999000
0.981000
1.000000
0.994000
0.997000
0.989000
1.000000
1.000000
1.000000
1.000000
1.000000
0.995000
1.000000
0.973000
0.980000
0.999000
1.000000
0.999000
0.985000
1.000000
1.000000
1.000000
0.999000
1.000000
0.999000
1.000000
1.000000
0.995000
1.000000
1.000000
1.000000
0.997000
0.979000
1.000000
0.991000
1.000000
1.000000
1.000000
0.993000
1.000000
0.935000
0.936000
0.992000
0.985000
0.934000
0.907000
0.999000
0.994000
1.000000
0.950000
0.986000
1.000000
1.000000
0.973000
0.999000
0.937000
1.000000
1.000000
1.000000
0.999000
0.609000
1.000000
0.986000
0.991000
0.999000
0.994000
1.000000
0.957000
1.000000
0.996000
1.000000
0.997000
0.909000
0.978000
0.998000
0.935000
0.999000
0.999000
0.999000
0.997000
1.000000
0.999000
1.000000
0.993000
0.974000
1.000000
0.993000
1.000000
0.896000
0.932000
0.997000
0.995000
1.000000
0.999000
0.893000
0.964000
1.000000
0.998000
0.993000
0.972000
1.000000
0.997000
0.997000
0.993000
1.000000
1.000000
0.999000
0.981000
0.999000
0.986000
0.564000
0.996000
0.824000
0.979000
0.980000
1.000000
1.000000
0.994000
0.989000
0.997000
0.995000
0.994000
0.952000
0.995000
0.999000
0.957000
0.963000
0.999000
0.945000
0.989000
1.000000
0.987000
0.995000
0.990000
0.962000
0.962000
0.691000
0.977000
0.981000
0.999000
0.999000
0.994000
0.989000
0.986000
0.962000
1.000000
0.980000
0.944000
0.984000
0.989000
0.997000
0.999000
0.994000
1.000000
0.947000
1.000000
1.000000
0.975000
0.981000
0.999000
0.969000
0.995000
0.972000
0.994000
0.990000
