0.999000
0.999000
0.977000
0.000000
1.000000
1.000000
1.000000
1.000000
0.999000
1.000000
1.000000
1.000000
0.998000
1.000000
1.000000
0.996000
0.983000
1.000000
1.000000
1.000000
1.000000
0.975000
1.000000
1.000000
1.000000
0.998000
0.996000
1.000000
0.997000
0.998000
0.999000
0.990000
1.000000
1.000000
0.998000
0.999000
0.983000
1.000000
0.996000
0.992000
0.996000
1.000000
1.000000
1.000000
0.999000
1.000000
0.993000
1.000000
0.974000
0.977000
0.998000
1.000000
1.000000
0.978000
1.000000
1.000000
1.000000
0.999000
1.000000
0.999000
1.000000
1.000000
0.995000
1.000000
1.000000
1.000000
0.995000
0.978000
1.000000
0.987000
1.000000
1.000000
1.000000
0.994000
1.000000
0.944000
0.946000
0.997000
0.986000
0.932000
0.939000
1.000000
0.993000
1.000000
0.957000
0.983000
1.000000
1.000000
0.975000
0.999000
0.928000
1.000000
0.998000
1.000000
0.997000
0.592000
1.000000
0.988000
0.995000
0.999000
0.998000
0.999000
0.956000
1.000000
0.996000
1.000000
0.991000
0.911000
0.978000
0.995000
0.935000
0.995000
0.996000
1.000000
1.000000
0.999000
1.000000
1.000000
0.981000
0.973000
0.997000
0.996000
1.000000
0.924000
0.930000
0.995000
0.991000
1.000000
1.000000
0.910000
0.960000
1.000000
0.996000
0.992000
0.975000
1.000000
1.000000
0.999000
0.991000
1.000000
0.998000
0.999000
0.987000
0.997000
0.992000
0.563000
0.999000
0.829000
0.977000
0.982000
1.000000
0.999000
0.997000
0.982000
0.999000
0.996000
0.990000
0.960000
1.000000
0.997000
0.947000
0.976000
0.999000
0.938000
0.993000
1.000000
0.988000
0.988000
0.988000
0.963000
0.967000
0.699000
0.976000
0.976000
0.997000
0.998000
0.996000
0.980000
0.984000
0.959000
1.000000
0.983000
0.935000
0.985000
0.996000
0.995000
1.000000
0.994000
1.000000
0.956000
0.999000
0.998000
0.978000
0.979000
1.000000
0.973000
0.998000
0.964000
0.995000
0.992000
