1.000000
0.999000
0.988000
0.000000
1.000000
1.000000
1.000000
1.000000
1.000000
1.000000
1.000000
1.000000
0.998000
1.000000
1.000000
0.996000
0.991000
1.000000
1.000000
1.000000
1.000000
0.987000
1.000000
1.000000
1.000000
0.999000
0.998000
1.000000
0.999000
1.000000
1.000000
0.984000
1.000000
0.999000
1.000000
0.997000
0.992000
1.000000
0.996000
0.996000
0.997000
1.000000
1.000000
1.000000
1.000000
0.999000
0.998000
1.000000
0.982000
0.983000
0.997000
1.000000
0.999000
0.984000
1.000000
1.000000
1.000000
0.999000
1.000000
0.996000
1.000000
1.000000
0.997000
1.000000
1.000000
0.999000
0.996000
0.988000
1.000000
0.987000
1.000000
0.998000
1.000000
0.991000
1.000000
0.942000
0.938000
0.994000
0.988000
0.940000
0.925000
1.000000
0.990000
1.000000
0.962000
0.987000
1.000000
0.999000
0.971000
1.000000
0.923000
0.999000
0.999000
1.000000
0.997000
0.593000
1.000000
0.984000
0.988000
1.000000
0.999000
1.000000
0.957000
1.000000
0.994000
1.000000
0.999000
0.929000
0.980000
0.998000
0.931000
0.998000
0.996000
1.000000
1.000000
1.000000
0.999000
1.000000
0.988000
0.982000
0.999000
0.997000
1.000000
0.898000
0.923000
0.995000
0.988000
1.000000
0.999000
0.896000
0.955000
1.000000
0.996000
0.995000
0.979000
0.999000
0.998000
0.998000
0.991000
1.000000
1.000000
1.000000
0.987000
0.998000
0.995000
0.569000
0.997000
0.827000
0.986000
0.984000
0.998000
1.000000
0.996000
0.985000
0.998000
0.994000
0.993000
0.952000
0.997000
0.997000
0.945000
0.969000
0.999000
0.929000
0.997000
0.999000
0.992000
0.996000
0.984000
0.960000
0.963000
0.665000
0.979000
0.982000
0.999000
0.999000
0.998000
0.994000
0.984000
0.959000
1.000000
0.985000
0.919000
0.990000
0.993000
1.000000
1.000000
0.996000
1.000000
0.948000
0.998000
0.998000
0.988000
0.978000
1.000000
0.971000
0.997000
0.953000
0.993000
0.989000
