1.000000
1.000000
0.987000
0.000000
1.000000
1.000000
1.000000
1.000000
1.000000
1.000000
1.000000
1.000000
0.998000
1.000000
1.000000
0.999000
0.988000
1.000000
1.000000
1.000000
1.000000
0.972000
1.000000
0.999000
1.000000
1.000000
0.998000
1.000000
0.998000
1.000000
0.997000
0.990000
1.000000
0.999000
0.999000
0.995000
0.990000
1.000000
0.995000
0.996000
0.996000
1.000000
1.000000
1.000000
1.000000
1.000000
0.994000
1.000000
0.979000
0.984000
1.000000
1.000000
0.998000
0.979000
1.000000
1.000000
1.000000
0.998000
1.000000
0.998000
1.000000
1.000000
0.997000
1.000000
1.000000
0.999000
0.998000
0.974000
1.000000
0.988000
1.000000
0.999000
1.000000
0.996000
1.000000
0.958000
0.935000
0.989000
0.988000
0.927000
0.932000
0.999000
0.993000
1.000000
0.949000
0.987000
1.000000
1.000000
0.959000
0.999000
0.942000
0.999000
0.999000
1.000000
0.998000
0.639000
1.000000
0.978000
0.990000
1.000000
0.997000
1.000000
0.967000
0.999000
0.996000
1.000000
0.998000
0.909000
0.973000
0.995000
0.951000
0.996000
1.000000
1.000000
0.999000
0.997000
0.999000
1.000000
0.988000
0.972000
1.000000
0.992000
0.999000
0.912000
0.932000
0.994000
0.983000
1.000000
1.000000
0.899000
0.955000
1.000000
0.995000
0.996000
0.968000
1.000000
0.998000
0.997000
0.993000
1.000000
1.000000
1.000000
0.981000
1.000000
0.994000
0.544000
0.998000
0.833000
0.979000
0.982000
0.999000
1.000000
0.991000
0.984000
0.995000
0.993000
0.994000
0.953000
0.997000
1.000000
0.947000
0.964000
0.999000
0.925000
0.993000
1.000000
0.985000
0.994000
0.985000
0.957000
0.963000
0.661000
0.976000
0.979000
1.000000
1.000000
0.995000
0.995000
0.985000
0.970000
1.000000
0.980000
0.937000
0.995000
0.986000
0.995000
0.998000
0.989000
1.000000
0.952000
1.000000
0.998000
0.981000
0.971000
0.999000
0.968000
0.996000
0.966000
0.997000
0.992000
