0.999000
0.999000
0.981000
0.000000
0.999000
0.999000
0.999000
0.999000
0.999000
0.999000
0.999000
0.999000
0.997000
0.999000
0.999000
0.995000
0.985000
0.999000
0.999000
0.999000
0.999000
0.983000
0.999000
0.999000
0.999000
0.998000
0.998000
0.999000
0.999000
0.996000
0.998000
0.987000
0.999000
0.999000
0.997000
0.995000
0.985000
0.999000
0.995000
0.995000
0.996000
0.999000
0.999000
0.999000
0.999000
0.999000
0.996000
0.999000
0.976000
0.984000
0.998000
0.999000
0.999000
0.978000
0.999000
0.999000
0.999000
0.987000
0.999000
0.996000
0.999000
0.998000
0.997000
0.999000
0.999000
0.998000
0.997000
0.974000
0.999000
0.991000
0.999000
0.999000
0.999000
0.996000
0.999000
0.947000
0.932000
0.995000
0.987000
0.948000
0.917000
0.999000
0.992000
0.999000
0.959000
0.977000
0.999000
0.999000
0.962000
0.999000
0.945000
0.999000
0.997000
0.998000
0.999000
0.594000
0.999000
0.989000
0.993000
0.998000
0.997000
0.999000
0.957000
0.999000
0.997000
0.999000
0.992000
0.895000
0.980000
0.996000
0.934000
0.996000
0.996000
0.999000
0.998000
0.998000
0.999000
0.997000
0.977000
0.980000
0.998000
0.993000
0.999000
0.910000
0.934000
0.995000
0.989000
0.999000
0.999000
0.909000
0.974000
0.998000
0.995000
0.994000
0.974000
0.999000
0.997000
0.998000
0.995000
0.999000
0.999000
0.999000
0.980000
0.998000
0.992000
0.570000
0.997000
0.835000
0.984000
0.975000
0.999000
0.999000
0.993000
0.986000
0.999000
0.999000
0.986000
0.961000
0.995000
0.995000
0.946000
0.976000
0.998000
0.922000
0.987000
0.999000
0.985000
0.995000
0.991000
0.955000
0.965000
0.667000
0.970000
0.981000
0.999000
0.999000
0.993000
0.985000
0.981000
0.967000
0.999000
0.988000
0.928000
0.992000
0.989000
0.994000
0.998000
0.987000
0.999000
0.960000
0.997000
0.996000
0.980000
0.982000
0.999000
0.973000
0.998000
0.968000
0.993000
0.989000
