1.000000
1.000000
0.987000
0.000000
1.000000
1.000000
1.000000
1.000000
1.000000
1.000000
1.000000
1.000000
0.995000
1.000000
1.000000
0.993000
0.989000
1.000000
1.000000
1.000000
1.000000
0.985000
1.000000
1.000000
1.000000
1.000000
1.000000
0.999000
0.996000
0.999000
1.000000
0.980000
1.000000
0.999000
0.998000
0.999000
0.990000
1.000000
0.998000
0.993000
0.992000
1.000000
1.000000
1.000000
0.999000
0.998000
0.993000
1.000000
0.974000
0.977000
0.998000
1.000000
0.999000
0.976000
1.000000
1.000000
1.000000
0.995000
1.000000
0.997000
1.000000
1.000000
0.997000
1.000000
1.000000
0.998000
1.000000
0.976000
1.000000
0.987000
1.000000
1.000000
1.000000
0.992000
1.000000
0.945000
0.925000
0.993000
0.987000
0.950000
0.902000
1.000000
0.993000
0.999000
0.959000
0.992000
1.000000
1.000000
0.962000
1.000000
0.926000
1.000000
1.000000
0.999000
0.999000
0.561000
1.000000
0.986000
0.990000
0.999000
0.998000
1.000000
0.953000
1.000000
0.996000
1.000000
0.994000
0.897000
0.977000
0.998000
0.938000
0.998000
0.999000
1.000000
0.999000
0.998000
1.000000
1.000000
0.993000
0.980000
0.999000
0.997000
1.000000
0.924000
0.938000
0.999000
0.990000
1.000000
0.997000
0.896000
0.945000
0.999000
0.993000
0.992000
0.978000
1.000000
0.997000
0.999000
0.991000
1.000000
0.999000
1.000000
0.988000
0.998000
0.985000
0.539000
0.997000
0.837000
0.977000
0.979000
1.000000
0.998000
0.994000
0.983000
0.999000
0.991000
0.992000
0.959000
0.996000
0.995000
0.948000
0.962000
0.996000
0.935000
0.993000
1.000000
0.989000
0.992000
0.988000
0.962000
0.960000
0.676000
0.973000
0.979000
0.998000
0.998000
0.992000
0.991000
0.978000
0.961000
0.999000
0.980000
0.935000
0.989000
0.994000
0.994000
1.000000
0.996000
1.000000
0.960000
0.998000
1.000000
0.983000
0.984000
1.000000
0.960000
0.994000
0.973000
0.992000
0.991000
