1.000000
0.999000
0.984000
0.000000
1.000000
1.000000
1.000000
1.000000
0.998000
1.000000
1.000000
1.000000
0.994000
1.000000
1.000000
0.998000
0.985000
1.000000
1.000000
1.000000
1.000000
0.979000
1.000000
1.000000
1.000000
1.000000
1.000000
1.000000
0.999000
0.999000
1.000000
0.982000
1.000000
0.997000
0.998000
0.995000
0.985000
1.000000
0.996000
0.999000
0.995000
1.000000
1.000000
1.000000
1.000000
1.000000
0.995000
1.000000
0.978000
0.976000
0.999000
0.999000
1.000000
0.980000
1.000000
1.000000
1.000000
0.996000
1.000000
0.998000
1.000000
1.000000
0.994000
1.000000
1.000000
1.000000
0.999000
0.971000
1.000000
0.986000
1.000000
0.998000
1.000000
0.996000
0.998000
0.955000
0.952000
0.994000
0.990000
0.934000
0.916000
1.000000
0.991000
0.999000
0.949000
0.987000
1.000000
1.000000
0.964000
0.999000
0.923000
1.000000
1.000000
0.999000
0.997000
0.600000
1.000000
0.988000
0.990000
0.998000
0.998000
1.000000
0.968000
1.000000
0.995000
1.000000
0.996000
0.910000
0.971000
0.998000
0.947000
0.999000
0.998000
1.000000
0.999000
1.000000
0.998000
0.999000
0.986000
0.991000
0.999000
0.996000
1.000000
0.905000
0.930000
0.995000
0.987000
1.000000
0.999000
0.900000
0.958000
1.000000
0.994000
0.995000
0.958000
0.999000
0.998000
0.998000
0.997000
1.000000
0.998000
1.000000
0.978000
0.997000
0.986000
0.562000
0.998000
0.812000
0.973000
0.982000
0.999000
0.999000
0.991000
0.985000
0.999000
0.995000
0.992000
0.964000
0.996000
0.998000
0.954000
0.971000
0.999000
0.947000
0.991000
1.000000
0.991000
0.995000
0.989000
0.953000
0.968000
0.666000
0.973000
0.985000
1.000000
1.000000
0.994000
0.985000
0.985000
0.970000
1.000000
0.982000
0.925000
0.997000
0.986000
0.996000
0.998000
0.997000
1.000000
0.968000
0.996000
0.999000
0.982000
0.981000
1.000000
0.974000
0.996000
0.976000
0.995000
0.990000
