0.999000
0.998000
0.978000
0.000000
1.000000
1.000000
1.000000
0.999000
0.998000
1.000000
1.000000
1.000000
0.993000
1.000000
1.000000
0.997000
0.982000
1.000000
1.000000
1.000000
1.000000
0.974000
1.000000
1.000000
1.000000
1.000000
0.995000
1.000000
0.999000
1.000000
1.000000
0.983000
1.000000
0.998000
0.998000
0.996000
0.988000
0.999000
0.996000
0.994000
0.987000
0.999000
1.000000
0.998000
0.998000
1.000000
0.990000
1.000000
0.976000
0.982000
0.996000
1.000000
1.000000
0.983000
1.000000
1.000000
1.000000
0.997000
1.000000
0.998000
1.000000
1.000000
1.000000
1.000000
1.000000
1.000000
1.000000
0.979000
1.000000
0.991000
1.000000
1.000000
1.000000
0.993000
1.000000
0.941000
0.947000
0.998000
0.988000
0.943000
0.917000
1.000000
0.990000
0.998000
0.952000
0.984000
1.000000
1.000000
0.974000
0.998000
0.939000
1.000000
0.998000
1.000000
0.999000
0.592000
1.000000
0.988000
0.996000
0.999000
1.000000
1.000000
0.963000
1.000000
0.995000
1.000000
0.995000
0.891000
0.977000
0.993000
0.937000
0.996000
0.999000
0.997000
0.999000
1.000000
1.000000
0.998000
0.982000
0.977000
1.000000
0.997000
1.000000
0.912000
0.938000
0.996000
0.988000
0.999000
1.000000
0.893000
0.964000
1.000000
0.994000
0.988000
0.978000
0.999000
0.998000
1.000000
0.991000
1.000000
1.000000
1.000000
0.981000
0.998000
0.991000
0.566000
0.998000
0.825000
0.984000
0.969000
1.000000
1.000000
0.990000
0.980000
0.999000
0.995000
0.991000
0.957000
0.997000
0.998000
0.964000
0.974000
0.999000
0.934000
0.990000
1.000000
0.987000
0.996000
0.990000
0.970000
0.973000
0.684000
0.968000
0.974000
1.000000
1.000000
0.994000
0.988000
0.983000
0.960000
1.000000
0.989000
0.934000
0.995000
0.991000
0.997000
0.998000
0.988000
1.000000
0.952000
1.000000
1.000000
0.988000
0.983000
1.000000
0.971000
0.997000
0.962000
0.996000
0.987000
