1.000000
0.998000
0.988000
0.000000
1.000000
1.000000
1.000000
1.000000
1.000000
1.000000
1.000000
1.000000
0.996000
1.000000
1.000000
0.995000
0.993000
1.000000
1.000000
1.000000
1.000000
0.983000
1.000000
1.000000
1.000000
1.000000
1.000000
1.000000
0.997000
0.998000
1.000000
0.990000
1.000000
1.000000
0.998000
0.998000
0.983000
1.000000
0.993000
0.997000
0.991000
1.000000
1.000000
1.000000
0.999000
1.000000
0.991000
1.000000
0.965000
0.982000
0.995000
1.000000
1.000000
0.981000
1.000000
1.000000
1.000000
0.995000
0.999000
0.998000
1.000000
1.000000
0.995000
1.000000
1.000000
0.997000
0.999000
0.973000
1.000000
0.990000
1.000000
0.998000
1.000000
0.995000
1.000000
0.942000
0.936000
0.991000
0.991000
0.944000
0.911000
1.000000
0.995000
0.999000
0.960000
0.984000
1.000000
1.000000
0.966000
1.000000
0.942000
1.000000
0.999000
1.000000
0.999000
0.591000
1.000000
0.985000
0.990000
0.999000
0.999000
0.999000
0.951000
1.000000
0.996000
1.000000
0.996000
0.918000
0.970000
0.998000
0.937000
0.990000
0.998000
0.999000
0.999000
0.999000
1.000000
0.998000
0.990000
0.973000
0.998000
0.999000
1.000000
0.913000
0.937000
0.994000
0.987000
1.000000
0.999000
0.904000
0.950000
1.000000
0.992000
0.997000
0.973000
1.000000
1.000000
0.999000
0.992000
1.000000
0.999000
0.999000
0.980000
0.999000
0.991000
0.554000
0.997000
0.819000
0.979000
0.982000
0.998000
1.000000
0.995000
0.986000
0.998000
0.997000
0.989000
0.948000
0.999000
0.994000
0.955000
0.971000
0.999000
0.935000
0.989000
1.000000
0.996000
0.993000
0.991000
0.964000
0.967000
0.698000
0.971000
0.982000
0.998000
0.999000
0.986000
0.986000
0.984000
0.975000
1.000000
0.984000
0.931000
0.990000
0.991000
0.997000
1.000000
0.994000
1.000000
0.953000
0.999000
0.998000
0.987000
0.979000
0.999000
0.965000
0.999000
0.967000
0.994000
0.997000
