1.000000
0.999000
0.989000
0.000000
1.000000
1.000000
1.000000
1.000000
0.999000
1.000000
1.000000
1.000000
0.995000
1.000000
1.000000
0.999000
0.992000
1.000000
0.999000
1.000000
1.000000
0.966000
1.000000
1.000000
1.000000
1.000000
0.996000
1.000000
0.998000
1.000000
1.000000
0.987000
1.000000
0.997000
0.999000
0.997000
0.983000
1.000000
0.998000
0.995000
0.995000
1.000000
1.000000
0.999000
0.999000
0.999000
0.992000
1.000000
0.978000
0.976000
0.997000
1.000000
0.999000
0.975000
1.000000
1.000000
1.000000
1.000000
1.000000
1.000000
0.999000
0.999000
0.998000
1.000000
1.000000
1.000000
0.997000
0.978000
1.000000
0.990000
1.000000
0.999000
1.000000
0.991000
1.000000
0.940000
0.934000
0.994000
0.991000
0.936000
0.933000
1.000000
0.993000
1.000000
0.940000
0.990000
1.000000
1.000000
0.966000
1.000000
0.938000
1.000000
0.999000
1.000000
0.997000
0.602000
1.000000
0.987000
0.988000
0.999000
1.000000
1.000000
0.958000
1.000000
0.999000
1.000000
0.993000
0.912000
0.975000
0.999000
0.934000
0.995000
1.000000
0.999000
1.000000
1.000000
0.999000
0.998000
0.990000
0.973000
0.999000
0.998000
1.000000
0.901000
0.936000
0.995000
0.994000
0.999000
0.999000
0.903000
0.943000
1.000000
0.999000
0.997000
0.967000
1.000000
0.996000
0.999000
0.990000
1.000000
0.999000
0.999000
0.989000
0.998000
0.990000
0.555000
0.998000
0.811000
0.983000
0.975000
1.000000
0.999000
0.995000
0.985000
0.996000
0.991000
0.995000
0.961000
0.994000
0.995000
0.970000
0.978000
0.999000
0.932000
0.996000
1.000000
0.989000
0.996000
0.984000
0.955000
0.973000
0.678000
0.966000
0.979000
1.000000
1.000000
0.993000
0.987000
0.983000
0.970000
1.000000
0.974000
0.925000
0.990000
0.986000
0.996000
0.999000
0.993000
1.000000
0.950000
0.999000
1.000000
0.986000
0.982000
1.000000
0.962000
0.997000
0.966000
0.995000
0.995000
