0.999000
0.999000
0.986000
0.000000
0.999000
0.999000
0.999000
0.999000
0.999000
0.999000
0.999000
0.999000
0.992000
0.999000
0.999000
0.995000
0.990000
0.999000
0.998000
0.999000
0.999000
0.976000
0.999000
0.999000
0.999000
0.999000
0.995000
0.999000
0.998000
0.998000
0.999000
0.990000
0.999000
0.998000
0.997000
0.997000
0.985000
0.999000
0.992000
0.994000
0.992000
0.999000
0.999000
0.998000
0.999000
0.998000
0.994000
0.999000
0.974000
0.987000
0.996000
0.999000
0.999000
0.984000
0.999000
0.999000
0.999000
0.994000
0.999000
0.997000
0.999000
0.999000
0.995000
0.999000
0.999000
0.998000
0.998000
0.975000
0.999000
0.988000
0.999000
0.998000
0.999000
0.995000
0.997000
0.939000
0.946000
0.993000
0.987000
0.943000
0.908000
0.999000
0.995000
0.999000
0.951000
0.982000
0.999000
0.998000
0.968000
0.999000
0.935000
0.999000
0.999000
0.999000
0.997000
0.612000
0.999000
0.979000
0.986000
0.998000
0.999000
0.998000
0.959000
0.999000
0.996000
0.999000
0.996000
0.890000
0.976000
0.996000
0.950000
0.995000
0.997000
0.999000
0.998000
0.998000
0.999000
0.997000
0.991000
0.973000
0.997000
0.997000
0.999000
0.917000
0.938000
0.994000
0.992000
0.999000
0.999000
0.916000
0.960000
0.999000
0.993000
0.992000
0.968000
0.999000
0.997000
0.998000
0.991000
0.999000
0.997000
0.999000
0.983000
0.998000
0.989000
0.574000
0.995000
0.818000
0.977000
0.982000
0.999000
0.996000
0.994000
0.983000
0.998000
0.996000
0.995000
0.950000
0.996000
0.994000
0.951000
0.970000
0.998000
0.922000
0.989000
0.999000
0.989000
0.992000
0.990000
0.967000
0.966000
0.688000
0.971000
0.971000
0.997000
0.998000
0.992000
0.990000
0.980000
0.970000
0.999000
0.976000
0.920000
0.993000
0.993000
0.996000
0.998000
0.994000
0.999000
0.951000
0.998000
0.995000
0.973000
0.980000
0.999000
0.964000
0.998000
0.970000
0.994000
0.984000
