1.000000
0.999000
0.987000
0.000000
1.000000
1.000000
1.000000
1.000000
1.000000
1.000000
1.000000
1.000000
0.996000
1.000000
1.000000
0.996000
0.989000
1.000000
1.000000
1.000000
1.000000
0.986000
1.000000
1.000000
1.000000
1.000000
0.991000
1.000000
0.999000
1.000000
0.999000
0.986000
1.000000
1.000000
0.995000
0.995000
0.984000
1.000000
0.995000
0.995000
0.989000
1.000000
1.000000
0.999000
1.000000
1.000000
0.994000
0.999000
0.985000
0.977000
0.998000
1.000000
1.000000
0.985000
1.000000
1.000000
1.000000
0.994000
1.000000
0.998000
1.000000
1.000000
0.997000
1.000000
1.000000
1.000000
0.998000
0.979000
1.000000
0.989000
1.000000
1.000000
1.000000
0.991000
1.000000
0.952000
0.931000
0.992000
0.985000
0.935000
0.915000
1.000000
0.986000
1.000000
0.943000
0.984000
1.000000
0.999000
0.970000
1.000000
0.926000
1.000000
0.999000
1.000000
0.994000
0.587000
1.000000
0.990000
0.988000
1.000000
0.998000
1.000000
0.958000
1.000000
0.998000
1.000000
0.994000
0.904000
0.961000
0.997000
0.942000
0.992000
0.997000
1.000000
1.000000
0.999000
1.000000
0.999000
0.990000
0.974000
1.000000
0.996000
1.000000
0.930000
0.921000
0.994000
0.992000
0.998000
1.000000
0.894000
0.962000
1.000000
0.992000
0.992000
0.968000
0.999000
1.000000
1.000000
0.995000
1.000000
1.000000
0.998000
0.990000
0.997000
0.992000
0.564000
1.000000
0.822000
0.990000
0.972000
1.000000
0.999000
0.991000
0.981000
0.996000
0.997000
0.990000
0.954000
0.998000
0.996000
0.941000
0.973000
0.999000
0.920000
0.991000
1.000000
0.985000
0.994000
0.989000
0.951000
0.967000
0.665000
0.974000
0.984000
0.996000
0.999000
0.988000
0.987000
0.987000
0.959000
1.000000
0.982000
0.933000
0.994000
0.989000
0.994000
1.000000
0.991000
1.000000
0.964000
0.998000
0.999000
0.983000
0.975000
1.000000
0.976000
0.996000
0.972000
0.993000
0.992000
