1.000000
0.998000
0.986000
0.000000
1.000000
1.000000
1.000000
1.000000
0.998000
1.000000
1.000000
1.000000
0.999000
1.000000
1.000000
0.997000
0.989000
1.000000
1.000000
1.000000
1.000000
0.984000
1.000000
1.000000
1.000000
0.999000
0.999000
1.000000
0.998000
0.999000
1.000000
0.990000
1.000000
1.000000
0.997000
1.000000
0.982000
1.000000
0.995000
0.993000
0.994000
1.000000
1.000000
1.000000
1.000000
1.000000
0.992000
1.000000
0.979000
0.981000
0.999000
1.000000
1.000000
0.984000
1.000000
1.000000
1.000000
0.993000
1.000000
0.997000
1.000000
1.000000
0.994000
1.000000
1.000000
0.999000
0.998000
0.981000
1.000000
0.988000
1.000000
0.999000
1.000000
0.995000
1.000000
0.953000
0.943000
0.988000
0.992000
0.929000
0.909000
0.999000
0.995000
1.000000
0.945000
0.988000
1.000000
1.000000
0.961000
0.998000
0.932000
0.999000
1.000000
1.000000
1.000000
0.583000
1.000000
0.990000
0.987000
0.998000
0.998000
1.000000
0.963000
1.000000
0.998000
1.000000
0.999000
0.905000
0.978000
0.999000
0.937000
0.997000
0.999000
0.999000
0.999000
1.000000
1.000000
0.999000
0.982000
0.977000
1.000000
0.997000
0.999000
0.909000
0.924000
0.993000
0.990000
1.000000
1.000000
0.889000
0.959000
1.000000
0.995000
0.993000
0.965000
1.000000
0.998000
1.000000
0.994000
1.000000
0.999000
0.997000
0.987000
1.000000
0.994000
0.555000
0.997000
0.806000
0.984000
0.969000
1.000000
0.998000
0.984000
0.982000
0.999000
0.997000
0.990000
0.952000
0.997000
0.999000
0.948000
0.976000
0.999000
0.926000
0.995000
1.000000
0.987000
0.995000
0.982000
0.959000
0.960000
0.702000
0.979000
0.992000
0.999000
0.998000
0.994000
0.984000
0.987000
0.960000
1.000000
0.983000
0.938000
0.992000
0.987000
0.995000
1.000000
0.994000
0.999000
0.959000
0.998000
1.000000
0.980000
0.986000
0.998000
0.964000
0.998000
0.967000
0.990000
0.988000
