0.999000
1.000000
0.983000
0.000000
1.000000
1.000000
1.000000
1.000000
0.999000
1.000000
1.000000
1.000000
0.996000
1.000000
1.000000
0.994000
0.986000
1.000000
0.999000
1.000000
1.000000
0.977000
1.000000
1.000000
1.000000
1.000000
0.998000
1.000000
0.999000
0.999000
1.000000
0.986000
1.000000
1.000000
0.998000
0.996000
0.989000
1.000000
0.995000
0.993000
0.993000
1.000000
1.000000
0.999000
0.999000
1.000000
0.996000
0.999000
0.979000
0.984000
0.998000
1.000000
1.000000
0.977000
1.000000
1.000000
0.999000
0.995000
1.000000
0.999000
1.000000
0.998000
0.997000
1.000000
1.000000
1.000000
0.998000
0.975000
1.000000
0.994000
1.000000
0.999000
1.000000
0.994000
1.000000
0.949000
0.933000
0.992000
0.987000
0.936000
0.907000
1.000000
0.998000
1.000000
0.951000
0.981000
0.999000
0.999000
0.970000
0.999000
0.938000
0.998000
0.997000
1.000000
0.996000
0.583000
1.000000
0.987000
0.989000
1.000000
0.996000
1.000000
0.956000
1.000000
0.996000
1.000000
0.993000
0.893000
0.977000
0.998000
0.942000
0.996000
1.000000
0.998000
0.999000
1.000000
0.999000
0.999000
0.991000
0.980000
1.000000
0.998000
1.000000
0.899000
0.943000
0.994000
0.993000
0.998000
0.999000
0.898000
0.953000
1.000000
0.996000
0.995000
0.967000
0.999000
0.995000
0.999000
0.993000
1.000000
1.000000
1.000000
0.981000
0.999000
0.993000
0.558000
0.999000
0.835000
0.980000
0.980000
0.998000
0.997000
0.996000
0.985000
0.995000
0.993000
0.987000
0.949000
0.993000
0.997000
0.952000
0.974000
1.000000
0.929000
0.989000
1.000000
0.986000
0.994000
0.992000
0.965000
0.967000
0.681000
0.974000
0.980000
0.998000
0.999000
0.993000
0.989000
0.982000
0.964000
1.000000
0.988000
0.928000
0.989000
0.985000
0.996000
1.000000
0.987000
1.000000
0.960000
1.000000
1.000000
0.985000
0.977000
1.000000
0.963000
0.996000
0.967000
0.994000
0.986000
