0.999000
0.999000
0.990000
0.000000
0.999000
0.999000
0.999000
0.999000
0.998000
0.999000
0.999000
0.999000
0.990000
0.999000
0.999000
0.998000
0.992000
0.999000
0.999000
0.999000
0.999000
0.972000
0.999000
0.999000
0.999000
0.999000
0.999000
0.999000
0.995000
0.998000
0.999000
0.979000
0.999000
0.999000
0.997000
0.999000
0.984000
0.999000
0.996000
0.994000
0.995000
0.999000
0.999000
0.999000
0.998000
0.999000
0.997000
0.998000
0.975000
0.975000
0.996000
0.999000
0.999000
0.978000
0.999000
0.999000
0.999000
0.994000
0.999000
0.998000
0.999000
0.998000
0.994000
0.999000
0.999000
0.999000
0.997000
0.990000
0.999000
0.992000
0.999000
0.999000
0.999000
0.989000
0.999000
0.953000
0.943000
0.987000
0.987000
0.938000
0.910000
0.998000
0.995000
0.999000
0.952000
0.987000
0.999000
0.999000
0.956000
0.999000
0.930000
0.998000
0.999000
0.998000
0.997000
0.613000
0.999000
0.991000
0.989000
0.998000
0.997000
0.999000
0.956000
0.999000
0.995000
0.999000
0.996000
0.915000
0.969000
0.994000
0.927000
0.994000
0.997000
0.999000
0.999000
0.998000
0.999000
0.996000
0.991000
0.983000
0.999000
0.995000
0.999000
0.912000
0.950000
0.992000
0.989000
0.998000
0.998000
0.901000
0.956000
0.999000
0.990000
0.993000
0.974000
0.998000
0.998000
0.999000
0.996000
0.999000
0.998000
0.999000
0.978000
0.997000
0.992000
0.568000
0.996000
0.807000
0.974000
0.980000
0.999000
0.999000
0.992000
0.982000
0.996000
0.994000
0.987000
0.954000
0.996000
0.997000
0.946000
0.973000
0.999000
0.931000
0.995000
0.999000
0.991000
0.995000
0.987000
0.957000
0.965000
0.666000
0.976000
0.988000
0.999000
0.998000
0.990000
0.985000
0.978000
0.959000
0.999000
0.981000
0.918000
0.993000
0.991000
0.993000
0.997000
0.997000
0.998000
0.953000
0.998000
0.998000
0.969000
0.977000
0.998000
0.974000
0.998000
0.963000
0.989000
0.989000
