0.999000
0.999000
0.984000
0.000000
0.999000
0.999000
0.999000
0.999000
0.999000
0.999000
0.999000
0.999000
0.996000
0.999000
0.999000
0.992000
0.987000
0.999000
0.998000
0.999000
0.999000
0.985000
0.999000
0.999000
0.999000
0.997000
0.997000
0.999000
0.997000
0.999000
0.998000
0.988000
0.999000
0.999000
0.995000
0.999000
0.980000
0.999000
0.997000
0.995000
0.991000
0.999000
0.999000
0.999000
0.999000
0.999000
0.996000
0.999000
0.979000
0.976000
0.998000
0.998000
0.999000
0.981000
0.999000
0.999000
0.999000
0.994000
0.999000
0.998000
0.999000
0.998000
0.994000
0.999000
0.999000
0.998000
0.997000
0.969000
0.999000
0.989000
0.999000
0.999000
0.999000
0.994000
0.999000
0.938000
0.938000
0.994000
0.989000
0.945000
0.910000
0.999000
0.986000
0.997000
0.955000
0.980000
0.999000
0.999000
0.973000
0.999000
0.925000
0.999000
0.999000
0.999000
0.997000
0.613000
0.999000
0.983000
0.987000
0.999000
0.996000
0.999000
0.950000
0.999000
0.995000
0.999000
0.997000
0.926000
0.976000
0.995000
0.947000
0.988000
0.997000
0.999000
0.997000
0.999000
0.998000
0.997000
0.983000
0.974000
0.999000
0.994000
0.999000
0.926000
0.939000
0.990000
0.992000
0.997000
0.999000
0.890000
0.943000
0.999000
0.994000
0.990000
0.971000
0.997000
0.997000
0.999000
0.987000
0.999000
0.996000
0.999000
0.981000
0.997000
0.994000
0.526000
0.996000
0.815000
0.982000
0.978000
0.998000
0.999000
0.992000
0.978000
0.998000
0.997000
0.986000
0.960000
0.998000
0.997000
0.945000
0.959000
0.999000
0.929000
0.998000
0.999000
0.982000
0.997000
0.989000
0.969000
0.955000
0.708000
0.975000
0.978000
0.998000
0.999000
0.987000
0.987000
0.985000
0.967000
0.999000
0.985000
0.927000
0.991000
0.988000
0.995000
0.999000
0.991000
0.998000
0.955000
0.998000
0.997000
0.983000
0.978000
0.999000
0.963000
0.997000
0.966000
0.996000
0.987000
