0.999000
0.999000
0.990000
0.000000
0.999000
0.999000
0.999000
0.999000
0.996000
0.999000
0.999000
0.999000
0.996000
0.999000
0.999000
0.993000
0.992000
0.999000
0.998000
0.999000
0.999000
0.980000
0.999000
0.999000
0.999000
0.999000
0.998000
0.999000
0.998000
0.999000
0.998000
0.991000
0.999000
0.999000
0.996000
0.993000
0.989000
0.999000
0.998000
0.992000
0.997000
0.999000
0.999000
0.999000
0.998000
0.998000
0.992000
0.999000
0.977000
0.980000
0.997000
0.999000
0.999000
0.980000
0.999000
0.999000
0.999000
0.992000
0.998000
0.995000
0.999000
0.999000
0.995000
0.999000
0.999000
0.999000
0.996000
0.977000
0.999000
0.986000
0.999000
0.999000
0.999000
0.995000
0.998000
0.951000
0.942000
0.992000
0.985000
0.941000
0.905000
0.999000
0.994000
0.997000
0.952000
0.982000
0.999000
0.998000
0.965000
0.997000
0.919000
0.999000
0.999000
0.998000
0.997000
0.605000
0.999000
0.990000
0.987000
0.997000
0.994000
0.999000
0.967000
0.999000
0.994000
0.999000
0.994000
0.912000
0.973000
0.999000
0.938000
0.994000
0.998000
0.999000
0.997000
0.998000
0.997000
0.998000
0.984000
0.985000
0.998000
0.994000
0.999000
0.898000
0.944000
0.994000
0.986000
0.998000
0.997000
0.901000
0.954000
0.999000
0.988000
0.993000
0.971000
0.997000
0.997000
0.998000
0.993000
0.999000
0.999000
0.999000
0.979000
0.998000
0.985000
0.575000
0.999000
0.817000
0.981000
0.981000
0.996000
0.998000
0.990000
0.983000
0.994000
0.997000
0.988000
0.951000
0.996000
0.994000
0.947000
0.978000
0.997000
0.929000
0.990000
0.999000
0.984000
0.992000
0.987000
0.964000
0.967000
0.670000
0.977000
0.984000
0.997000
0.999000
0.992000
0.991000
0.982000
0.967000
0.999000
0.974000
0.928000
0.992000
0.994000
0.997000
0.998000
0.992000
0.999000
0.959000
0.999000
0.997000
0.984000
0.983000
0.999000
0.971000
0.998000
0.976000
0.994000
0.989000
