1.000000
1.000000
0.989000
0.000000
1.000000
1.000000
1.000000
1.000000
1.000000
1.000000
1.000000
1.000000
0.997000
1.000000
1.000000
0.997000
0.990000
1.000000
1.000000
1.000000
1.000000
0.978000
1.000000
1.000000
1.000000
1.000000
1.000000
1.000000
0.998000
0.999000
1.000000
0.991000
1.000000
1.000000
0.998000
0.997000
0.990000
0.999000
0.995000
0.995000
0.994000
1.000000
1.000000
1.000000
1.000000
1.000000
0.993000
1.000000
0.976000
0.978000
0.998000
0.999000
1.000000
0.977000
1.000000
1.000000
1.000000
0.993000
1.000000
0.997000
1.000000
1.000000
0.997000
1.000000
1.000000
0.998000
0.998000
0.979000
1.000000
0.992000
1.000000
0.998000
1.000000
0.993000
1.000000
0.960000
0.935000
0.994000
0.988000
0.940000
0.921000
1.000000
0.992000
0.997000
0.950000
0.980000
1.000000
1.000000
0.968000
0.999000
0.932000
1.000000
0.998000
1.000000
0.996000
0.581000
1.000000
0.983000
0.986000
0.999000
0.998000
1.000000
0.961000
1.000000
0.997000
1.000000
0.995000
0.891000
0.967000
0.994000
0.938000
0.996000
0.996000
0.999000
0.999000
0.999000
0.998000
0.999000
0.989000
0.969000
0.999000
1.000000
1.000000
0.919000
0.917000
0.995000
0.989000
0.999000
1.000000
0.889000
0.959000
1.000000
0.995000
0.994000
0.964000
1.000000
0.998000
1.000000
0.993000
1.000000
1.000000
0.998000
0.984000
1.000000
0.993000
0.551000
0.997000
0.817000
0.976000
0.983000
0.999000
0.998000
0.996000
0.979000
0.999000
0.996000
0.988000
0.949000
0.998000
0.995000
0.956000
0.969000
0.997000
0.928000
0.994000
1.000000
0.988000
0.990000
0.990000
0.962000
0.962000
0.687000
0.975000
0.980000
0.999000
1.000000
0.990000
0.984000
0.982000
0.955000
1.000000
0.989000
0.932000
0.995000
0.991000
0.996000
0.999000
0.989000
1.000000
0.954000
0.996000
1.000000
0.976000
0.979000
1.000000
0.962000
0.998000
0.971000
0.994000
0.988000
