0.999000
0.999000
0.986000
0.000000
0.999000
0.999000
0.999000
0.999000
0.998000
0.999000
0.999000
0.999000
0.996000
0.999000
0.999000
0.995000
0.988000
0.999000
0.997000
0.999000
0.999000
0.984000
0.999000
0.999000
0.999000
0.998000
0.999000
0.999000
0.997000
0.999000
0.998000
0.990000
0.999000
0.998000
0.992000
0.997000
0.980000
0.999000
0.994000
0.996000
0.991000
0.999000
0.999000
0.997000
0.997000
0.998000
0.994000
0.998000
0.964000
0.978000
0.996000
0.999000
0.998000
0.984000
0.999000
0.999000
0.999000
0.995000
0.998000
0.998000
0.999000
0.999000
0.996000
0.999000
0.999000
0.999000
0.998000
0.970000
0.999000
0.988000
0.999000
0.999000
0.999000
0.997000
0.997000
0.944000
0.935000
0.991000
0.989000
0.945000
0.905000
0.999000
0.990000
0.998000
0.945000
0.990000
0.999000
0.999000
0.969000
0.999000
0.937000
0.999000
0.998000
0.999000
0.998000
0.596000
0.999000
0.983000
0.989000
0.998000
0.997000
0.999000
0.969000
0.999000
0.993000
0.999000
0.995000
0.901000
0.981000
0.998000
0.933000
0.996000
0.997000
0.999000
0.997000
0.997000
0.998000
0.998000
0.988000
0.971000
0.997000
0.993000
0.999000
0.911000
0.933000
0.994000
0.990000
0.998000
0.999000
0.892000
0.963000
0.999000
0.994000
0.988000
0.969000
0.999000
0.997000
0.996000
0.988000
0.997000
0.997000
0.997000
0.973000
0.999000
0.985000
0.586000
0.999000
0.827000
0.980000
0.975000
0.999000
0.998000
0.992000
0.976000
0.996000
0.992000
0.991000
0.959000
0.997000
0.997000
0.957000
0.971000
0.994000
0.939000
0.989000
0.999000
0.989000
0.992000
0.992000
0.965000
0.967000
0.694000
0.976000
0.980000
0.997000
0.997000
0.992000
0.989000
0.989000
0.958000
0.999000
0.989000
0.923000
0.997000
0.989000
0.996000
0.998000
0.990000
0.999000
0.948000
0.998000
0.996000
0.981000
0.982000
0.999000
0.964000
0.993000
0.972000
0.994000
0.984000
