0.999000
0.999000
0.993000
0.000000
0.999000
0.999000
0.999000
0.999000
0.998000
0.999000
0.999000
0.999000
0.997000
0.999000
0.999000
0.992000
0.997000
0.999000
0.998000
0.999000
0.999000
0.976000
0.999000
0.999000
0.999000
0.999000
0.998000
0.999000
0.995000
0.999000
0.999000
0.984000
0.999000
0.999000
0.996000
0.998000
0.984000
0.999000
0.992000
0.996000
0.994000
0.999000
0.999000
0.999000
0.999000
0.998000
0.994000
0.999000
0.982000
0.974000
0.997000
0.999000
0.998000
0.979000
0.999000
0.999000
0.998000
0.996000
0.999000
0.997000
0.999000
0.999000
0.997000
0.999000
0.999000
0.999000
0.998000
0.971000
0.999000
0.988000
0.999000
0.999000
0.999000
0.994000
0.999000
0.943000
0.941000
0.991000
0.986000
0.932000
0.919000
0.999000
0.994000
0.998000
0.938000
0.979000
0.999000
0.999000
0.957000
0.999000
0.924000
0.998000
0.998000
0.999000
0.996000
0.628000
0.999000
0.986000
0.981000
0.997000
0.997000
0.998000
0.948000
0.999000
0.995000
0.999000
0.996000
0.902000
0.979000
0.995000
0.962000
0.998000
0.998000
0.999000
0.999000
0.999000
0.998000
0.999000
0.987000
0.976000
0.999000
0.993000
0.998000
0.921000
0.942000
0.996000
0.987000
0.999000
0.998000
0.907000
0.952000
0.999000
0.990000
0.997000
0.962000
0.999000
0.996000
0.998000
0.992000
0.999000
0.998000
0.999000
0.980000
0.997000
0.993000
0.559000
0.996000
0.811000
0.984000
0.982000
0.999000
0.999000
0.990000
0.986000
0.995000
0.993000
0.990000
0.962000
0.994000
0.995000
0.958000
0.973000
0.996000
0.930000
0.990000
0.999000
0.986000
0.992000
0.990000
0.960000
0.955000
0.686000
0.968000
0.979000
0.998000
0.998000
0.992000
0.989000
0.980000
0.964000
0.999000
0.986000
0.917000
0.990000
0.989000
0.994000
0.998000
0.993000
0.999000
0.960000
0.998000
0.999000
0.987000
0.984000
0.998000
0.955000
0.997000
0.970000
0.994000
0.993000
