1.000000
0.999000
0.988000
0.000000
1.000000
1.000000
1.000000
0.999000
1.000000
1.000000
1.000000
0.999000
0.995000
1.000000
1.000000
0.997000
0.991000
1.000000
0.999000
1.000000
1.000000
0.984000
1.000000
1.000000
1.000000
1.000000
0.996000
1.000000
0.999000
1.000000
1.000000
0.987000
1.000000
0.999000
0.997000
0.998000
0.985000
1.000000
0.995000
0.998000
0.988000
1.000000
1.000000
0.999000
1.000000
1.000000
0.993000
1.000000
0.983000
0.978000
0.997000
1.000000
1.000000
0.982000
1.000000
1.000000
1.000000
0.994000
1.000000
0.996000
1.000000
0.999000
0.994000
1.000000
1.000000
0.999000
0.998000
0.973000
1.000000
0.985000
1.000000
1.000000
1.000000
0.993000
1.000000
0.957000
0.938000
0.993000
0.988000
0.950000
0.907000
1.000000
0.993000
1.000000
0.959000
0.984000
0.999000
0.999000
0.962000
1.000000
0.926000
1.000000
0.999000
0.999000
0.998000
0.599000
1.000000
0.984000
0.983000
0.998000
0.999000
1.000000
0.952000
1.000000
0.995000
1.000000
0.997000
0.910000
0.974000
0.997000
0.942000
0.997000
0.996000
1.000000
0.999000
1.000000
1.000000
1.000000
0.989000
0.973000
1.000000
0.996000
1.000000
0.924000
0.917000
0.995000
0.985000
1.000000
0.999000
0.899000
0.947000
0.999000
0.996000
0.991000
0.956000
1.000000
0.996000
1.000000
0.996000
1.000000
0.999000
1.000000
0.974000
0.997000
0.992000
0.539000
0.999000
0.836000
0.980000
0.971000
1.000000
1.000000
0.997000
0.982000
0.998000
0.996000
0.993000
0.955000
0.995000
0.996000
0.944000
0.974000
1.000000
0.935000
0.992000
1.000000
0.989000
0.992000
0.986000
0.962000
0.978000
0.692000
0.976000
0.981000
1.000000
1.000000
0.993000
0.988000
0.979000
0.965000
1.000000
0.979000
0.932000
0.990000
0.993000
0.998000
0.998000
0.992000
0.999000
0.939000
1.000000
1.000000
0.984000
0.976000
0.999000
0.971000
0.998000
0.969000
0.994000
0.985000
