1.000000
1.000000
0.985000
0.000000
1.000000
1.000000
1.000000
1.000000
0.999000
1.000000
1.000000
1.000000
0.996000
1.000000
1.000000
0.994000
0.990000
1.000000
1.000000
1.000000
1.000000
0.973000
1.000000
1.000000
1.000000
0.999000
0.997000
1.000000
0.999000
1.000000
0.999000
0.985000
1.000000
0.998000
0.999000
0.997000
0.983000
1.000000
0.997000
0.996000
0.996000
1.000000
1.000000
1.000000
1.000000
1.000000
0.991000
1.000000
0.977000
0.985000
0.999000
1.000000
1.000000
0.983000
1.000000
1.000000
1.000000
0.997000
1.000000
0.999000
1.000000
1.000000
0.996000
1.000000
1.000000
1.000000
0.998000
0.975000
1.000000
0.993000
1.000000
0.999000
1.000000
0.994000
0.999000
0.951000
0.934000
0.997000
0.989000
0.934000
0.905000
1.000000
0.987000
1.000000
0.942000
0.984000
1.000000
0.999000
0.969000
1.000000
0.941000
1.000000
0.999000
0.999000
0.996000
0.609000
1.000000
0.986000
0.989000
1.000000
0.999000
1.000000
0.957000
1.000000
0.997000
1.000000
0.998000
0.908000
0.974000
0.997000
0.933000
0.997000
0.999000
1.000000
0.999000
1.000000
0.999000
1.000000
0.984000
0.974000
0.999000
0.997000
1.000000
0.914000
0.949000
0.995000
0.990000
1.000000
0.999000
0.900000
0.948000
1.000000
0.997000
0.995000
0.963000
1.000000
0.997000
0.998000
0.994000
1.000000
1.000000
1.000000
0.988000
0.999000
0.986000
0.565000
0.999000
0.818000
0.977000
0.984000
0.997000
0.999000
0.994000
0.980000
0.997000
0.993000
0.987000
0.954000
0.997000
0.996000
0.957000
0.978000
0.999000
0.930000
0.991000
1.000000
0.990000
0.990000
0.993000
0.969000
0.968000
0.669000
0.970000
0.981000
1.000000
1.000000
0.992000
0.995000
0.984000
0.960000
1.000000
0.984000
0.917000
0.987000
0.986000
0.998000
0.999000
0.993000
1.000000
0.957000
1.000000
0.999000
0.980000
0.986000
1.000000
0.955000
0.998000
0.973000
0.994000
0.988000
