1.000000
1.000000
0.989000
0.000000
1.000000
1.000000
1.000000
1.000000
1.000000
1.000000
1.000000
1.000000
0.996000
1.000000
1.000000
0.998000
0.993000
1.000000
1.000000
1.000000
1.000000
0.979000
1.000000
1.000000
1.000000
1.000000
0.999000
1.000000
0.997000
1.000000
1.000000
0.989000
1.000000
0.998000
0.999000
0.999000
0.985000
1.000000
0.996000
0.993000
0.996000
1.000000
1.000000
0.999000
0.999000
1.000000
0.995000
1.000000
0.978000
0.981000
0.997000
1.000000
0.999000
0.978000
1.000000
1.000000
1.000000
0.997000
1.000000
0.998000
1.000000
0.999000
0.995000
1.000000
1.000000
0.999000
0.995000
0.978000
1.000000
0.991000
1.000000
0.998000
1.000000
0.995000
1.000000
0.959000
0.927000
0.992000
0.983000
0.950000
0.915000
0.999000
0.998000
1.000000
0.949000
0.984000
1.000000
1.000000
0.977000
1.000000
0.925000
0.999000
1.000000
1.000000
0.993000
0.590000
1.000000
0.987000
0.989000
1.000000
0.999000
1.000000
0.963000
0.999000
0.994000
1.000000
0.995000
0.910000
0.974000
0.997000
0.942000
0.998000
0.997000
1.000000
0.999000
0.999000
0.998000
1.000000
0.990000
0.975000
1.000000
0.999000
1.000000
0.912000
0.933000
0.993000
0.980000
1.000000
0.999000
0.897000
0.947000
1.000000
0.995000
0.995000
0.965000
1.000000
0.999000
0.999000
0.994000
1.000000
0.998000
0.999000
0.992000
0.999000
0.992000
0.574000
1.000000
0.825000
0.978000
0.976000
1.000000
0.999000
0.998000
0.982000
0.998000
0.994000
0.988000
0.959000
0.999000
0.995000
0.945000
0.974000
0.996000
0.934000
0.990000
1.000000
0.987000
0.993000
0.991000
0.955000
0.965000
0.699000
0.977000
0.980000
1.000000
0.999000
0.992000
0.993000
0.987000
0.971000
1.000000
0.987000
0.926000
0.988000
0.989000
0.993000
0.999000
0.993000
1.000000
0.960000
0.999000
0.999000
0.985000
0.983000
0.999000
0.972000
0.998000
0.974000
0.995000
0.989000
