1.000000
1.000000
0.986000
0.000000
1.000000
1.000000
1.000000
1.000000
1.000000
1.000000
1.000000
1.000000
0.997000
1.000000
1.000000
0.998000
0.989000
1.000000
1.000000
1.000000
1.000000
0.971000
1.000000
1.000000
1.000000
1.000000
0.999000
1.000000
0.998000
1.000000
0.999000
0.994000
1.000000
1.000000
0.999000
0.998000
0.985000
1.000000
0.996000
0.995000
0.995000
1.000000
1.000000
1.000000
0.999000
1.000000
0.993000
1.000000
0.977000
0.979000
0.997000
1.000000
1.000000
0.979000
1.000000
1.000000
1.000000
0.998000
1.000000
0.998000
1.000000
0.999000
0.998000
1.000000
1.000000
1.000000
0.999000
0.979000
1.000000
0.987000
1.000000
0.998000
1.000000
0.992000
0.999000
0.950000
0.935000
0.988000
0.983000
0.933000
0.908000
1.000000
0.994000
1.000000
0.962000
0.986000
1.000000
1.000000
0.962000
0.999000
0.921000
0.998000
1.000000
1.000000
0.998000
0.588000
1.000000
0.988000
0.994000
1.000000
0.998000
1.000000
0.954000
1.000000
1.000000
1.000000
0.996000
0.925000
0.970000
0.996000
0.935000
0.996000
0.999000
0.999000
1.000000
1.000000
1.000000
1.000000
0.984000
0.976000
1.000000
0.995000
0.998000
0.910000
0.936000
0.994000
0.980000
0.999000
0.996000
0.912000
0.962000
1.000000
0.998000
0.993000
0.975000
0.999000
1.000000
0.998000
0.997000
1.000000
1.000000
0.999000
0.983000
0.999000
0.992000
0.579000
0.998000
0.826000
0.981000
0.979000
1.000000
0.999000
0.992000
0.984000
0.997000
0.994000
0.990000
0.952000
0.998000
0.997000
0.959000
0.983000
1.000000
0.925000
0.988000
1.000000
0.989000
0.994000
0.984000
0.952000
0.967000
0.714000
0.967000
0.990000
1.000000
1.000000
0.996000
0.992000
0.988000
0.946000
1.000000
0.986000
0.913000
0.995000
0.993000
0.995000
1.000000
0.991000
1.000000
0.959000
0.997000
0.998000
0.980000
0.988000
0.999000
0.979000
0.996000
0.966000
0.994000
0.989000
