0.999000
0.999000
0.981000
0.000000
0.999000
0.999000
0.999000
0.999000
0.996000
0.999000
0.999000
0.999000
0.996000
0.999000
0.999000
0.992000
0.983000
0.999000
0.999000
0.999000
0.999000
0.978000
0.999000
0.999000
0.999000
0.998000
0.994000
0.999000
0.999000
0.999000
0.999000
0.990000
0.999000
0.999000
0.995000
0.999000
0.985000
0.999000
0.994000
0.995000
0.986000
0.999000
0.999000
0.999000
0.999000
0.999000
0.993000
0.999000
0.972000
0.985000
0.997000
0.997000
0.998000
0.981000
0.999000
0.999000
0.999000
0.995000
0.999000
0.998000
0.999000
0.999000
0.996000
0.999000
0.999000
0.997000
0.998000
0.981000
0.999000
0.987000
0.999000
0.999000
0.999000
0.987000
0.999000
0.935000
0.937000
0.992000
0.985000
0.948000
0.915000
0.999000
0.992000
0.997000
0.942000
0.990000
0.999000
0.999000
0.967000
0.999000
0.945000
0.999000
0.998000
0.999000
0.996000
0.582000
0.999000
0.982000
0.993000
0.999000
0.999000
0.999000
0.962000
0.999000
0.996000
0.999000
0.996000
0.899000
0.969000
0.996000
0.940000
0.994000
0.996000
0.999000
0.999000
0.999000
0.999000
0.999000
0.985000
0.981000
0.998000
0.993000
0.999000
0.914000
0.931000
0.992000
0.992000
0.999000
0.999000
0.890000
0.954000
0.999000
0.992000
0.995000
0.974000
0.998000
0.997000
0.997000
0.996000
0.999000
0.999000
0.998000
0.982000
0.998000
0.989000
0.574000
0.999000
0.811000
0.983000
0.981000
0.999000
0.999000
0.996000
0.982000
0.997000
0.996000
0.992000
0.957000
0.997000
0.998000
0.937000
0.971000
0.998000
0.945000
0.992000
0.999000
0.978000
0.996000
0.991000
0.967000
0.958000
0.684000
0.972000
0.981000
0.998000
0.998000
0.993000
0.988000
0.991000
0.956000
0.999000
0.986000
0.920000
0.992000
0.987000
0.993000
0.997000
0.996000
0.999000
0.951000
0.998000
0.995000
0.975000
0.988000
0.998000
0.971000
0.996000
0.966000
0.994000
0.989000
