0.994680
0.994680
0.994680
0.994680
0.994680
0.994680
0.994680
0.994680
0.994680
0.994680
0.994660
0.994680
0.994680
0.994680
0.994680
0.994680
0.994680
0.994680
0.994680
0.994680
0.994680
0.981710
0.994680
0.994640
0.994680
0.994345
0.992890
0.994680
0.992530
0.994015
0.994655
0.994680
0.994680
0.994375
0.992855
0.994580
0.985210
0.994605
0.994215
0.991410
0.989765
0.994675
0.994670
0.994665
0.994650
0.994640
0.994090
0.994620
0.980870
0.982975
0.992810
0.994680
0.994440
0.982870
0.994680
0.994655
0.994550
0.991350
0.994635
0.992835
0.994660
0.994255
0.991835
0.994620
0.994630
0.994025
0.992490
0.980855
0.994675
0.987320
0.994670
0.994030
0.994680
0.990305
0.994625
0.968985
0.994390
0.989625
0.986555
0.967100
0.988565
0.994550
0.988970
0.994105
0.970795
0.984845
0.994620
0.994130
0.994555
0.994025
0.988750
0.994680
0.994665
0.994410
0.994460
0.984005
0.994680
0.984795
0.987515
0.993765
0.994680
0.994500
0.972660
0.994675
0.991730
0.994680
0.994340
0.957900
0.979030
0.992295
0.967030
0.991675
0.993100
0.994045
0.993885
0.994675
0.993900
0.994050
0.985275
0.981735
0.994050
0.991545
0.994425
0.958240
0.989335
0.990400
0.986345
0.994055
0.994170
0.993305
0.972300
0.994595
0.992945
0.990325
0.978105
0.994380
0.993080
0.993695
0.993955
0.994615
0.994090
0.994115
0.983625
0.993060
0.988990
0.982555
0.993040
0.964570
0.982710
0.981995
0.994225
0.993735
0.993720
0.982630
0.992605
0.990240
0.988205
0.972875
0.992115
0.992045
0.969840
0.978370
0.993445
0.964810
0.988825
0.994630
0.986455
0.990015
0.987195
0.987810
0.976070
0.985985
0.978315
0.982670
0.993820
0.994335
0.989035
0.986820
0.983960
0.974615
0.994670
0.983565
0.963295
0.988350
0.986800
0.991305
0.993770
0.989585
0.994650
0.972760
0.993395
0.993770
0.982075
0.982710
0.994340
0.976955
0.992180
0.977075
0.990060
0.987565
