0.994740
0.994740
0.994740
0.994740
0.994740
0.994740
0.994740
0.994740
0.994740
0.994740
0.994730
0.994740
0.994740
0.994740
0.994740
0.994740
0.994740
0.994740
0.994740
0.994740
0.994735
0.982135
0.994740
0.994695
0.994735
0.994420
0.993015
0.994740
0.992760
0.994190
0.994675
0.994740
0.994740
0.994415
0.992800
0.994630
0.985445
0.994685
0.994280
0.991460
0.990080
0.994725
0.994725
0.994720
0.994705
0.994675
0.994000
0.994715
0.981220
0.982780
0.992855
0.994740
0.994555
0.982605
0.994740
0.994725
0.994630
0.991345
0.994680
0.992855
0.994720
0.994280
0.991565
0.994665
0.994695
0.994105
0.992655
0.981020
0.994735
0.987405
0.994730
0.994175
0.994740
0.990255
0.994690
0.968985
0.994540
0.989465
0.986485
0.967120
0.988530
0.994605
0.989405
0.994260
0.971630
0.985360
0.994710
0.994205
0.994570
0.994175
0.988795
0.994695
0.994735
0.994515
0.994525
0.983820
0.994725
0.984875
0.987800
0.993815
0.994740
0.994610
0.972715
0.994735
0.991580
0.994740
0.994425
0.957315
0.979160
0.992395
0.966700
0.991420
0.993240
0.994175
0.993745
0.994740
0.993940
0.994105
0.985745
0.981470
0.993990
0.991785
0.994530
0.958160
0.989300
0.990745
0.986385
0.994170
0.994335
0.993400
0.972870
0.994660
0.992985
0.990535
0.978345
0.994435
0.993190
0.993815
0.994165
0.994665
0.994285
0.994140
0.983665
0.992880
0.988835
0.982460
0.993180
0.964165
0.983030
0.982660
0.994210
0.993680
0.993845
0.982965
0.992780
0.990375
0.988350
0.972250
0.992175
0.991925
0.970700
0.978695
0.993625
0.965640
0.988920
0.994695
0.986765
0.990075
0.987110
0.987980
0.976595
0.985780
0.978595
0.982625
0.993770
0.994410
0.989240
0.986975
0.984595
0.974515
0.994700
0.983880
0.962780
0.988645
0.987050
0.991510
0.993860
0.989720
0.994735
0.971925
0.993360
0.993775
0.982415
0.982285
0.994325
0.976595
0.992065
0.976975
0.990495
0.987655
