0.994955
0.994955
0.994955
0.994955
0.994955
0.994955
0.994955
0.994955
0.994955
0.994955
0.994945
0.994955
0.994955
0.994955
0.994955
0.994955
0.994955
0.994955
0.994955
0.994955
0.994955
0.982020
0.994955
0.994890
0.994955
0.994640
0.993125
0.994955
0.993070
0.994375
0.994925
0.994955
0.994955
0.994585
0.993150
0.994840
0.985055
0.994910
0.994425
0.991620
0.990140
0.994935
0.994940
0.994945
0.994920
0.994890
0.994390
0.994880
0.981520
0.983145
0.992895
0.994955
0.994775
0.983100
0.994955
0.994940
0.994870
0.991415
0.994940
0.993200
0.994915
0.994510
0.991900
0.994920
0.994905
0.994265
0.992790
0.980915
0.994940
0.987480
0.994945
0.994310
0.994955
0.990475
0.994910
0.969515
0.994755
0.989875
0.986840
0.967375
0.988880
0.994850
0.989400
0.994520
0.971785
0.985210
0.994940
0.994405
0.994845
0.994145
0.989005
0.994910
0.994935
0.994680
0.994715
0.984580
0.994935
0.985610
0.987820
0.994215
0.994955
0.994805
0.973450
0.994955
0.991940
0.994955
0.994570
0.957820
0.979730
0.992310
0.966615
0.991720
0.993600
0.994445
0.993985
0.994955
0.994175
0.994250
0.985600
0.981585
0.994225
0.991645
0.994770
0.958370
0.989355
0.990830
0.986170
0.994420
0.994445
0.993605
0.971980
0.994855
0.993165
0.990405
0.978255
0.994630
0.993470
0.994005
0.994290
0.994925
0.994310
0.994400
0.983925
0.993160
0.989315
0.982525
0.993395
0.964390
0.982980
0.982435
0.994330
0.993920
0.994010
0.982920
0.992875
0.990880
0.988255
0.973010
0.992615
0.992290
0.970210
0.978705
0.993765
0.964890
0.989370
0.994895
0.986985
0.990295
0.987380
0.988110
0.976890
0.985995
0.978875
0.983565
0.993885
0.994650
0.989040
0.987045
0.984935
0.974540
0.994925
0.984205
0.963325
0.988235
0.987215
0.991635
0.994000
0.989380
0.994935
0.971790
0.993605
0.993975
0.982655
0.983060
0.994610
0.977235
0.992475
0.977500
0.990500
0.987405
