0.995170
0.995170
0.995170
0.995170
0.995170
0.995170
0.995170
0.995170
0.995170
0.995170
0.995165
0.995170
0.995170
0.995170
0.995170
0.995170
0.995170
0.995170
0.995170
0.995170
0.995170
0.982025
0.995170
0.995150
0.995170
0.994820
0.993370
0.995170
0.993260
0.994625
0.995105
0.995170
0.995170
0.994905
0.993275
0.995110
0.985895
0.995145
0.994720
0.991845
0.990350
0.995140
0.995150
0.995150
0.995130
0.995130
0.994335
0.995135
0.981635
0.983060
0.993370
0.995170
0.994930
0.983025
0.995170
0.995155
0.995060
0.991600
0.995120
0.993445
0.995135
0.994600
0.992215
0.995120
0.995140
0.994595
0.993080
0.981300
0.995165
0.987915
0.995165
0.994600
0.995170
0.990665
0.995070
0.969415
0.994925
0.990275
0.986610
0.967810
0.988960
0.995045
0.989555
0.994695
0.971600
0.985525
0.995140
0.994695
0.995050
0.994455
0.989065
0.995115
0.995165
0.994870
0.994930
0.984200
0.995155
0.985880
0.987970
0.994270
0.995170
0.994970
0.973495
0.995165
0.992265
0.995170
0.994850
0.957535
0.979830
0.992645
0.967085
0.992020
0.993615
0.994595
0.994160
0.995170
0.994425
0.994465
0.986050
0.981780
0.994610
0.992110
0.994970
0.958950
0.989405
0.991155
0.986755
0.994620
0.994745
0.993805
0.973020
0.995070
0.993370
0.990575
0.978335
0.994845
0.993725
0.994025
0.994510
0.995135
0.994555
0.994590
0.984115
0.993640
0.989540
0.983090
0.993625
0.965045
0.983485
0.982425
0.994585
0.994265
0.994175
0.983330
0.993185
0.990950
0.988300
0.973345
0.992900
0.992620
0.970760
0.979275
0.994025
0.964890
0.989335
0.995120
0.987080
0.990225
0.987615
0.988560
0.976845
0.986655
0.978675
0.983605
0.994410
0.994840
0.990135
0.987320
0.984570
0.973685
0.995140
0.984165
0.963325
0.988610
0.987565
0.991705
0.994005
0.990090
0.995140
0.972430
0.994020
0.994125
0.983235
0.982770
0.994815
0.977310
0.992745
0.977865
0.990800
0.987780
