0.994710
0.994710
0.994710
0.994710
0.994710
0.994710
0.994710
0.994710
0.994710
0.994710
0.994705
0.994710
0.994710
0.994710
0.994710
0.994710
0.994710
0.994710
0.994710
0.994710
0.994710
0.982275
0.994710
0.994690
0.994710
0.994390
0.992825
0.994710
0.992815
0.994080
0.994665
0.994710
0.994710
0.994460
0.992880
0.994610
0.984785
0.994685
0.994220
0.991480
0.989760
0.994695
0.994685
0.994685
0.994660
0.994680
0.993995
0.994675
0.980725
0.982540
0.992630
0.994710
0.994520
0.982590
0.994710
0.994695
0.994620
0.991425
0.994680
0.992900
0.994690
0.994335
0.991880
0.994670
0.994660
0.993980
0.992565
0.980800
0.994710
0.987545
0.994710
0.994135
0.994710
0.990045
0.994685
0.969285
0.994490
0.989755
0.986210
0.967260
0.988535
0.994600
0.989370
0.994175
0.970780
0.984395
0.994690
0.994165
0.994620
0.994115
0.988505
0.994665
0.994705
0.994360
0.994490
0.983690
0.994700
0.985205
0.987795
0.993875
0.994710
0.994500
0.972935
0.994695
0.991850
0.994710
0.994265
0.957475
0.979195
0.992325
0.967315
0.991650
0.993260
0.994185
0.993760
0.994705
0.993900
0.994085
0.985170
0.981105
0.994055
0.991770
0.994485
0.957895
0.989505
0.990345
0.986255
0.994240
0.994260
0.993225
0.972910
0.994625
0.992765
0.990490
0.978275
0.994395
0.993300
0.993615
0.994115
0.994650
0.994025
0.994075
0.983885
0.992895
0.989350
0.982280
0.993060
0.964340
0.982920
0.981885
0.994040
0.993590
0.993650
0.982840
0.992835
0.990595
0.988195
0.972610
0.992440
0.991960
0.969845
0.978895
0.993410
0.964955
0.989045
0.994660
0.986875
0.990165
0.987175
0.988210
0.976280
0.985960
0.978475
0.982465
0.993905
0.994375
0.989310
0.986680
0.984595
0.974680
0.994690
0.983515
0.963620
0.988270
0.986945
0.991290
0.993720
0.989925
0.994680
0.972055
0.993230
0.993790
0.982355
0.982425
0.994370
0.976850
0.992210
0.977555
0.990210
0.987280
