0.994635
0.994635
0.994635
0.994635
0.994635
0.994635
0.994635
0.994635
0.994635
0.994635
0.994635
0.994635
0.994635
0.994635
0.994635
0.994635
0.994635
0.994635
0.994635
0.994635
0.994635
0.981635
0.994635
0.994585
0.994635
0.994315
0.992635
0.994635
0.992635
0.994020
0.994590
0.994635
0.994635
0.994350
0.992920
0.994575
0.985210
0.994575
0.994100
0.991440
0.989730
0.994625
0.994615
0.994605
0.994585
0.994585
0.994060
0.994585
0.980905
0.982980
0.992575
0.994635
0.994425
0.982430
0.994630
0.994620
0.994505
0.991330
0.994600
0.992885
0.994585
0.994175
0.991830
0.994575
0.994620
0.993995
0.992495
0.980350
0.994630
0.987345
0.994635
0.994090
0.994635
0.990160
0.994580
0.969220
0.994390
0.989280
0.986580
0.966125
0.988440
0.994515
0.989320
0.994140
0.971510
0.984445
0.994630
0.994150
0.994470
0.994045
0.988355
0.994620
0.994600
0.994380
0.994375
0.983605
0.994620
0.985170
0.987515
0.993920
0.994635
0.994480
0.972520
0.994615
0.991670
0.994630
0.994330
0.957405
0.979285
0.992040
0.966505
0.991520
0.993245
0.994170
0.993630
0.994630
0.993960
0.993860
0.985280
0.981215
0.993955
0.991430
0.994405
0.957970
0.989125
0.990495
0.985875
0.994105
0.994135
0.993160
0.973060
0.994550
0.992845
0.990250
0.977610
0.994365
0.992955
0.993600
0.993930
0.994600
0.994030
0.994075
0.983620
0.992795
0.988990
0.982225
0.993060
0.964040
0.982940
0.981880
0.993975
0.993605
0.993740
0.982875
0.992650
0.990475
0.987830
0.972725
0.992130
0.991950
0.969885
0.978310
0.993440
0.964965
0.988625
0.994585
0.987120
0.989815
0.986920
0.987985
0.976155
0.985665
0.978545
0.982600
0.993760
0.994235
0.989125
0.986900
0.984395
0.973605
0.994615
0.983135
0.963640
0.988120
0.986845
0.991330
0.993765
0.989680
0.994625
0.971940
0.993245
0.993600
0.982310
0.982400
0.994255
0.976585
0.992020
0.977210
0.990205
0.987295
