0.994795
0.994795
0.994795
0.994795
0.994795
0.994795
0.994795
0.994795
0.994795
0.994795
0.994785
0.994795
0.994795
0.994795
0.994795
0.994795
0.994795
0.994795
0.994795
0.994795
0.994795
0.981925
0.994795
0.994715
0.994795
0.994465
0.992825
0.994795
0.993060
0.994070
0.994750
0.994795
0.994795
0.994500
0.993015
0.994705
0.984870
0.994760
0.994450
0.991590
0.990060
0.994790
0.994775
0.994780
0.994775
0.994735
0.994120
0.994770
0.981150
0.983120
0.992845
0.994795
0.994570
0.982285
0.994795
0.994770
0.994620
0.991265
0.994770
0.992930
0.994775
0.994355
0.991980
0.994760
0.994730
0.994190
0.992890
0.981180
0.994790
0.987435
0.994785
0.994065
0.994795
0.990190
0.994770
0.969310
0.994580
0.989480
0.986300
0.966670
0.988885
0.994650
0.989255
0.994340
0.971830
0.984580
0.994765
0.994290
0.994715
0.994200
0.988905
0.994760
0.994785
0.994460
0.994610
0.983955
0.994785
0.985330
0.987555
0.993940
0.994795
0.994580
0.972760
0.994785
0.991975
0.994790
0.994375
0.958275
0.979675
0.992420
0.966395
0.991575
0.993250
0.994300
0.993820
0.994790
0.994060
0.994075
0.985405
0.981675
0.994195
0.991600
0.994550
0.958355
0.989350
0.990840
0.986380
0.994275
0.994295
0.993425
0.971930
0.994690
0.993035
0.990470
0.978050
0.994510
0.993250
0.993830
0.994100
0.994735
0.994110
0.994255
0.983945
0.992990
0.989360
0.982350
0.993260
0.964820
0.982985
0.982455
0.994150
0.993780
0.993880
0.982550
0.992880
0.990600
0.988160
0.972355
0.992335
0.992090
0.970180
0.978930
0.993590
0.964720
0.989085
0.994760
0.986710
0.989920
0.987075
0.988205
0.976700
0.986160
0.979015
0.982585
0.994000
0.994415
0.989000
0.986925
0.984230
0.974485
0.994760
0.983430
0.963545
0.988515
0.987220
0.991370
0.993920
0.989890
0.994770
0.972090
0.993385
0.993890
0.982360
0.983070
0.994445
0.976665
0.992460
0.977910
0.990190
0.987550
