0.994945
0.994945
0.994945
0.994945
0.994945
0.994945
0.994945
0.994945
0.994945
0.994945
0.994940
0.994945
0.994945
0.994945
0.994945
0.994945
0.994945
0.994945
0.994945
0.994945
0.994945
0.982040
0.994945
0.994905
0.994945
0.994635
0.992915
0.994945
0.992945
0.994290
0.994920
0.994945
0.994945
0.994595
0.993105
0.994880
0.985440
0.994905
0.994465
0.991765
0.990220
0.994930
0.994925
0.994930
0.994900
0.994915
0.994300
0.994900
0.980960
0.983540
0.993110
0.994945
0.994785
0.982915
0.994945
0.994910
0.994835
0.991390
0.994910
0.992935
0.994920
0.994515
0.992155
0.994855
0.994930
0.994275
0.992985
0.981525
0.994945
0.987870
0.994925
0.994250
0.994945
0.990540
0.994880
0.969500
0.994745
0.989635
0.986590
0.967245
0.988885
0.994770
0.989465
0.994465
0.971415
0.985190
0.994890
0.994460
0.994800
0.994340
0.988910
0.994920
0.994920
0.994685
0.994680
0.984085
0.994940
0.985685
0.987790
0.994225
0.994945
0.994800
0.973140
0.994940
0.992070
0.994945
0.994460
0.957860
0.979755
0.992340
0.967055
0.991980
0.993380
0.994340
0.993915
0.994945
0.994250
0.994345
0.985325
0.981875
0.994300
0.992000
0.994675
0.958300
0.989525
0.990795
0.986510
0.994385
0.994505
0.993655
0.972640
0.994900
0.993325
0.990615
0.978480
0.994605
0.993405
0.994055
0.994215
0.994885
0.994280
0.994425
0.983925
0.993380
0.989350
0.982660
0.993505
0.965215
0.983400
0.981955
0.994305
0.994075
0.993950
0.983110
0.992920
0.990830
0.987790
0.972755
0.992355
0.992210
0.971385
0.978965
0.993880
0.964975
0.989210
0.994890
0.986760
0.990310
0.987075
0.988325
0.976315
0.985800
0.978960
0.982715
0.994035
0.994585
0.989635
0.987500
0.984570
0.974945
0.994940
0.984070
0.963370
0.988665
0.987395
0.991260
0.993890
0.989825
0.994920
0.971915
0.993640
0.993950
0.982660
0.982890
0.994560
0.977040
0.992565
0.977665
0.990435
0.987550
