0.994575
0.994575
0.994575
0.994575
0.994575
0.994575
0.994575
0.994575
0.994575
0.994575
0.994555
0.994575
0.994575
0.994575
0.994575
0.994575
0.994575
0.994575
0.994575
0.994575
0.994575
0.981460
0.994575
0.994535
0.994575
0.994260
0.992705
0.994575
0.992570
0.993940
0.994520
0.994575
0.994575
0.994220
0.992705
0.994505
0.984880
0.994550
0.994170
0.991255
0.989475
0.994570
0.994565
0.994555
0.994530
0.994525
0.993885
0.994515
0.981250
0.983195
0.992735
0.994575
0.994395
0.982645
0.994575
0.994560
0.994470
0.991130
0.994510
0.992805
0.994550
0.994145
0.991525
0.994500
0.994535
0.993890
0.992210
0.980765
0.994570
0.987445
0.994555
0.993940
0.994575
0.990000
0.994550
0.969190
0.994295
0.989680
0.986510
0.966950
0.988375
0.994465
0.989245
0.994150
0.971330
0.984645
0.994550
0.994075
0.994440
0.993915
0.988630
0.994535
0.994565
0.994245
0.994370
0.983565
0.994550
0.984725
0.987645
0.993840
0.994575
0.994415
0.972880
0.994570
0.991625
0.994575
0.994110
0.956650
0.979435
0.992175
0.966170
0.991520
0.993115
0.994000
0.993600
0.994575
0.993890
0.993805
0.985450
0.981325
0.993925
0.991410
0.994335
0.958155
0.988820
0.990540
0.986035
0.993980
0.994075
0.993400
0.972905
0.994455
0.993025
0.990340
0.978295
0.994245
0.993190
0.993620
0.993815
0.994520
0.993925
0.993900
0.983640
0.993045
0.988880
0.982440
0.993155
0.964305
0.982430
0.982320
0.993985
0.993630
0.993630
0.982740
0.992645
0.990320
0.987795
0.972810
0.992200
0.992045
0.970270
0.978380
0.993440
0.965445
0.988855
0.994470
0.986830
0.989660
0.987100
0.987845
0.976685
0.985680
0.978550
0.982600
0.993725
0.994205
0.988970
0.986635
0.984030
0.974085
0.994535
0.983975
0.962840
0.988290
0.986365
0.991405
0.993495
0.989555
0.994535
0.971500
0.993240
0.993550
0.982515
0.982185
0.994235
0.976560
0.992075
0.977620
0.990245
0.987345
