0.994955
0.994955
0.994955
0.994955
0.994955
0.994955
0.994955
0.994955
0.994955
0.994955
0.994945
0.994955
0.994955
0.994955
0.994955
0.994955
0.994955
0.994955
0.994955
0.994955
0.994955
0.981900
0.994955
0.994925
0.994955
0.994610
0.993020
0.994955
0.993140
0.994325
0.994915
0.994955
0.994955
0.994645
0.993060
0.994875
0.985060
0.994915
0.994500
0.991685
0.990145
0.994950
0.994950
0.994935
0.994945
0.994930
0.994305
0.994885
0.981095
0.983175
0.992935
0.994955
0.994725
0.982655
0.994955
0.994935
0.994855
0.991465
0.994905
0.993205
0.994910
0.994535
0.992175
0.994910
0.994890
0.994365
0.993010
0.981430
0.994955
0.987545
0.994945
0.994335
0.994955
0.990375
0.994910
0.969440
0.994760
0.989680
0.986765
0.967290
0.988875
0.994870
0.989415
0.994475
0.971220
0.985230
0.994925
0.994465
0.994815
0.994275
0.989155
0.994920
0.994925
0.994615
0.994710
0.984410
0.994955
0.985300
0.987680
0.994075
0.994955
0.994820
0.972545
0.994945
0.992235
0.994955
0.994535
0.957530
0.979475
0.992560
0.967395
0.991685
0.993540
0.994405
0.994060
0.994955
0.994060
0.994305
0.985660
0.981470
0.994250
0.991895
0.994720
0.959320
0.989280
0.990970
0.986220
0.994390
0.994545
0.993685
0.972170
0.994920
0.993350
0.990605
0.978620
0.994645
0.993415
0.993920
0.994285
0.994865
0.994320
0.994345
0.983660
0.993215
0.989300
0.982545
0.993465
0.964050
0.983505
0.981965
0.994375
0.994070
0.993965
0.983175
0.992925
0.991090
0.988330
0.972045
0.992545
0.992215
0.970580
0.978805
0.993890
0.965345
0.989215
0.994920
0.986885
0.990380
0.987415
0.988195
0.976330
0.985725
0.978735
0.983080
0.994070
0.994620
0.989360
0.987480
0.984660
0.974730
0.994910
0.983950
0.963530
0.988405
0.987060
0.991375
0.993920
0.990010
0.994925
0.972250
0.993690
0.994040
0.982990
0.982525
0.994615
0.977020
0.992320
0.978080
0.990795
0.987650
