0.994905
0.994905
0.994905
0.994905
0.994905
0.994905
0.994905
0.994905
0.994905
0.994905
0.994885
0.994905
0.994905
0.994905
0.994905
0.994905
0.994905
0.994905
0.994905
0.994905
0.994905
0.981490
0.994905
0.994885
0.994905
0.994545
0.992865
0.994905
0.993105
0.994290
0.994855
0.994905
0.994905
0.994595
0.993015
0.994815
0.985420
0.994845
0.994350
0.991465
0.989940
0.994905
0.994895
0.994880
0.994885
0.994880
0.994200
0.994830
0.981305
0.983270
0.993245
0.994905
0.994720
0.983365
0.994905
0.994890
0.994815
0.991390
0.994880
0.993150
0.994875
0.994465
0.991925
0.994845
0.994875
0.994210
0.992755
0.981355
0.994905
0.987505
0.994895
0.994260
0.994905
0.990410
0.994865
0.969515
0.994730
0.989860
0.986590
0.967080
0.988770
0.994750
0.989605
0.994450
0.971620
0.984815
0.994875
0.994370
0.994770
0.994325
0.989065
0.994865
0.994875
0.994635
0.994685
0.984220
0.994895
0.985375
0.988075
0.994105
0.994905
0.994660
0.972975
0.994880
0.991915
0.994900
0.994555
0.957445
0.979670
0.992485
0.967715
0.991815
0.993515
0.994415
0.993910
0.994905
0.994235
0.994175
0.985465
0.981420
0.994270
0.991855
0.994740
0.958470
0.989235
0.990685
0.986035
0.994375
0.994415
0.993520
0.972810
0.994835
0.993120
0.990520
0.978140
0.994570
0.993445
0.993885
0.994220
0.994850
0.994275
0.994305
0.984215
0.993245
0.989250
0.982595
0.993435
0.964405
0.983065
0.982365
0.994290
0.993845
0.994000
0.982675
0.992975
0.990750
0.988135
0.972790
0.992500
0.992130
0.970205
0.978295
0.993705
0.964660
0.989200
0.994840
0.987270
0.990015
0.987210
0.988195
0.977300
0.986100
0.978630
0.982810
0.994080
0.994610
0.989655
0.987055
0.984385
0.973960
0.994875
0.983790
0.963685
0.988470
0.987180
0.991360
0.993870
0.989755
0.994890
0.972500
0.993530
0.994015
0.982655
0.982770
0.994550
0.976430
0.992410
0.978185
0.990505
0.987305
