0.994800
0.994800
0.994800
0.994800
0.994800
0.994800
0.994800
0.994800
0.994800
0.994800
0.994800
0.994800
0.994800
0.994800
0.994800
0.994800
0.994800
0.994800
0.994800
0.994800
0.994800
0.982005
0.994800
0.994760
0.994800
0.994515
0.992915
0.994800
0.993015
0.994145
0.994740
0.994800
0.994800
0.994500
0.993030
0.994700
0.985165
0.994755
0.994320
0.991465
0.989810
0.994785
0.994780
0.994780
0.994725
0.994785
0.994090
0.994750
0.981270
0.983020
0.992755
0.994800
0.994575
0.982440
0.994795
0.994760
0.994715
0.991400
0.994765
0.993040
0.994760
0.994400
0.991970
0.994760
0.994720
0.994310
0.992755
0.981085
0.994795
0.987620
0.994790
0.994145
0.994800
0.990465
0.994770
0.969225
0.994570
0.989420
0.986600
0.966970
0.988965
0.994680
0.989605
0.994405
0.971565
0.984950
0.994760
0.994280
0.994695
0.994025
0.989010
0.994775
0.994795
0.994500
0.994595
0.984370
0.994785
0.985400
0.987535
0.993830
0.994800
0.994615
0.973025
0.994790
0.991745
0.994800
0.994370
0.957440
0.979770
0.992130
0.967065
0.991620
0.993435
0.994280
0.993780
0.994795
0.993960
0.994110
0.985005
0.981155
0.994175
0.991615
0.994635
0.958905
0.989370
0.990495
0.986710
0.994350
0.994320
0.993585
0.973170
0.994720
0.993220
0.990560
0.977780
0.994510
0.993315
0.993865
0.994095
0.994735
0.994115
0.994155
0.983665
0.993055
0.989180
0.982605
0.993250
0.964390
0.983475
0.982115
0.994175
0.993690
0.993770
0.983285
0.992840
0.990850
0.988000
0.972875
0.992330
0.992105
0.970570
0.978560
0.993580
0.965050
0.989475
0.994760
0.986280
0.990025
0.986860
0.988020
0.976245
0.985860
0.978575
0.983015
0.993900
0.994430
0.988980
0.986920
0.984435
0.974045
0.994775
0.983635
0.963510
0.988295
0.986850
0.991535
0.993770
0.989525
0.994790
0.971955
0.993420
0.993750
0.982255
0.983140
0.994480
0.976765
0.992335
0.977965
0.990395
0.987635
