0.994720
0.994720
0.994720
0.994720
0.994720
0.994720
0.994720
0.994720
0.994720
0.994720
0.994720
0.994720
0.994720
0.994720
0.994720
0.994720
0.994720
0.994720
0.994720
0.994720
0.994720
0.982045
0.994720
0.994660
0.994720
0.994375
0.992805
0.994720
0.992890
0.994200
0.994640
0.994720
0.994720
0.994355
0.992840
0.994650
0.985000
0.994660
0.994250
0.991460
0.989815
0.994710
0.994705
0.994695
0.994665
0.994630
0.994065
0.994680
0.980890
0.982795
0.992680
0.994720
0.994590
0.982670
0.994715
0.994690
0.994575
0.991175
0.994685
0.992990
0.994685
0.994225
0.991765
0.994615
0.994695
0.993985
0.992700
0.980690
0.994720
0.987550
0.994695
0.994125
0.994720
0.990380
0.994675
0.969625
0.994525
0.989625
0.986665
0.966620
0.988750
0.994605
0.989120
0.994165
0.971670
0.984505
0.994675
0.994275
0.994590
0.993995
0.988755
0.994675
0.994710
0.994430
0.994475
0.984305
0.994720
0.985090
0.987545
0.993845
0.994720
0.994520
0.972775
0.994715
0.991885
0.994720
0.994305
0.957050
0.978880
0.992240
0.966405
0.991565
0.993320
0.994145
0.993745
0.994720
0.994005
0.994080
0.985335
0.981375
0.994135
0.991745
0.994560
0.958770
0.989350
0.990670
0.986070
0.994280
0.994300
0.993320
0.972295
0.994610
0.992985
0.990425
0.977765
0.994415
0.993135
0.993670
0.994030
0.994650
0.994135
0.994005
0.984065
0.993185
0.988795
0.982150
0.993145
0.963895
0.982940
0.981930
0.994045
0.993700
0.993760
0.983165
0.992825
0.990610
0.988230
0.972385
0.992280
0.992055
0.970610
0.978645
0.993460
0.964685
0.989115
0.994670
0.986875
0.990090
0.986685
0.987965
0.975900
0.985925
0.978365
0.983045
0.993810
0.994310
0.989150
0.986945
0.984280
0.974015
0.994700
0.983805
0.963970
0.988390
0.986995
0.991270
0.993685
0.989405
0.994700
0.971790
0.993225
0.993660
0.982190
0.982690
0.994430
0.976375
0.992150
0.977840
0.990255
0.987365
