0.995010
0.995010
0.995010
0.995010
0.995010
0.995010
0.995010
0.995010
0.995010
0.995010
0.994995
0.995010
0.995010
0.995010
0.995010
0.995010
0.995010
0.995010
0.995010
0.995010
0.995010
0.982130
0.995010
0.994940
0.995010
0.994625
0.993000
0.995010
0.993065
0.994385
0.994970
0.995010
0.995010
0.994740
0.993260
0.994885
0.985425
0.994990
0.994530
0.991765
0.990055
0.995005
0.994985
0.994990
0.994975
0.994945
0.994330
0.994940
0.981220
0.983020
0.993095
0.995010
0.994815
0.983240
0.995010
0.994990
0.994885
0.991805
0.995005
0.993050
0.995000
0.994590
0.992215
0.994950
0.994930
0.994340
0.993025
0.981410
0.995000
0.987890
0.994995
0.994240
0.995010
0.990500
0.994950
0.969570
0.994800
0.989725
0.986580
0.967110
0.989150
0.994925
0.989450
0.994450
0.972190
0.985210
0.994965
0.994530
0.994845
0.994395
0.989285
0.994975
0.995010
0.994695
0.994720
0.984495
0.995005
0.985175
0.987910
0.994130
0.995010
0.994805
0.972655
0.995000
0.992260
0.995010
0.994680
0.957665
0.979625
0.992430
0.966995
0.992125
0.993420
0.994520
0.994010
0.995010
0.994350
0.994340
0.985525
0.981725
0.994185
0.991925
0.994785
0.958225
0.989410
0.990780
0.986215
0.994475
0.994650
0.993605
0.972630
0.994920
0.993185
0.990970
0.978395
0.994685
0.993470
0.993935
0.994345
0.994950
0.994355
0.994395
0.984005
0.993345
0.989795
0.982295
0.993440
0.964425
0.983705
0.982755
0.994385
0.994115
0.994125
0.983245
0.993110
0.990645
0.988535
0.972695
0.992500
0.992235
0.970605
0.978935
0.993775
0.964335
0.989355
0.994960
0.987085
0.990220
0.987340
0.988505
0.976650
0.986070
0.978950
0.983320
0.994100
0.994625
0.989885
0.987370
0.984700
0.973985
0.995000
0.983920
0.963530
0.988785
0.987330
0.991660
0.993935
0.989700
0.994990
0.972240
0.993445
0.993940
0.982610
0.983145
0.994695
0.976900
0.992525
0.977585
0.990550
0.988135
