0.994680
0.994680
0.994680
0.994680
0.994680
0.994680
0.994680
0.994680
0.994680
0.994680
0.994660
0.994680
0.994680
0.994680
0.994680
0.994680
0.994680
0.994680
0.994680
0.994680
0.994680
0.981480
0.994680
0.994650
0.994680
0.994295
0.992670
0.994680
0.992535
0.994070
0.994615
0.994680
0.994680
0.994310
0.992805
0.994575
0.985055
0.994635
0.994235
0.991215
0.990065
0.994665
0.994665
0.994655
0.994635
0.994625
0.994115
0.994630
0.981160
0.983305
0.992860
0.994680
0.994490
0.983180
0.994680
0.994665
0.994530
0.991365
0.994665
0.992815
0.994655
0.994255
0.991710
0.994645
0.994645
0.994000
0.992630
0.980260
0.994675
0.987495
0.994670
0.994125
0.994680
0.990145
0.994630
0.969585
0.994490
0.989530
0.986765
0.966060
0.988605
0.994560
0.989345
0.994215
0.970805
0.984670
0.994645
0.994090
0.994510
0.994085
0.989025
0.994640
0.994675
0.994430
0.994435
0.983805
0.994675
0.985280
0.987590
0.993895
0.994680
0.994535
0.972950
0.994675
0.991845
0.994680
0.994300
0.957875
0.979435
0.992185
0.966870
0.991585
0.993140
0.994105
0.993725
0.994680
0.993970
0.994015
0.985440
0.981340
0.994035
0.991400
0.994460
0.958585
0.989170
0.990575
0.986350
0.994150
0.994265
0.993410
0.972035
0.994590
0.993015
0.990375
0.977910
0.994280
0.993180
0.993745
0.993950
0.994625
0.994050
0.994120
0.983490
0.992850
0.989040
0.982130
0.993215
0.963730
0.983040
0.982145
0.994065
0.993710
0.993710
0.982975
0.992715
0.990675
0.988095
0.972860
0.992340
0.992005
0.969910
0.978135
0.993370
0.965095
0.989305
0.994635
0.987230
0.990025
0.986725
0.987845
0.976370
0.985680
0.978030
0.983150
0.993905
0.994285
0.989360
0.986695
0.983825
0.974360
0.994660
0.983625
0.963170
0.988275
0.986645
0.991255
0.993730
0.989590
0.994665
0.972110
0.993250
0.993615
0.982160
0.982410
0.994340
0.976730
0.992190
0.977555
0.990380
0.987380
