0.994480
0.994480
0.994480
0.994480
0.994480
0.994480
0.994480
0.994480
0.994480
0.994480
0.994465
0.994480
0.994480
0.994480
0.994480
0.994480
0.994480
0.994480
0.994480
0.994480
0.994480
0.981180
0.994480
0.994410
0.994480
0.994165
0.992565
0.994480
0.992445
0.993870
0.994450
0.994480
0.994480
0.994130
0.992745
0.994410
0.984455
0.994440
0.993940
0.991230
0.989480
0.994465
0.994455
0.994475
0.994430
0.994455
0.993835
0.994410
0.981175
0.982445
0.992365
0.994480
0.994300
0.982435
0.994480
0.994455
0.994325
0.991015
0.994425
0.992955
0.994445
0.994085
0.991820
0.994405
0.994440
0.993800
0.992465
0.980425
0.994480
0.987310
0.994465
0.993820
0.994480
0.989700
0.994420
0.969210
0.994290
0.989595
0.986325
0.966210
0.988760
0.994315
0.989045
0.993965
0.971365
0.984315
0.994430
0.993840
0.994355
0.993850
0.988445
0.994415
0.994480
0.994180
0.994220
0.983760
0.994475
0.984905
0.987600
0.993700
0.994480
0.994275
0.972375
0.994480
0.991700
0.994480
0.994135
0.957210
0.979180
0.991915
0.966165
0.991360
0.993075
0.993835
0.993565
0.994480
0.993720
0.993850
0.984950
0.980925
0.993730
0.991340
0.994240
0.957995
0.988965
0.990375
0.986315
0.993910
0.994010
0.993170
0.972375
0.994365
0.992755
0.990095
0.978040
0.994145
0.993005
0.993530
0.993870
0.994380
0.993875
0.993945
0.983160
0.992785
0.988665
0.982455
0.992980
0.963575
0.983075
0.981745
0.993935
0.993560
0.993560
0.982720
0.992505
0.990485
0.988200
0.971760
0.992085
0.991670
0.970180
0.978625
0.993180
0.964215
0.988850
0.994405
0.986805
0.989690
0.986735
0.987735
0.976300
0.985480
0.978655
0.982400
0.993615
0.994055
0.988780
0.986915
0.984210
0.973950
0.994440
0.983440
0.962665
0.987790
0.986330
0.991205
0.993375
0.989140
0.994465
0.971595
0.993120
0.993535
0.982310
0.982305
0.994100
0.976880
0.992105
0.977315
0.990050
0.987330
