0.994695
0.994695
0.994695
0.994695
0.994695
0.994695
0.994695
0.994695
0.994695
0.994695
0.994695
0.994695
0.994695
0.994695
0.994695
0.994695
0.994695
0.994695
0.994690
0.994695
0.994695
0.982045
0.994695
0.994680
0.994695
0.994420
0.992920
0.994695
0.992650
0.994040
0.994610
0.994695
0.994695
0.994365
0.992665
0.994635
0.985160
0.994650
0.994145
0.991470
0.989830
0.994690
0.994665
0.994675
0.994655
0.994665
0.994105
0.994600
0.980830
0.982675
0.992875
0.994695
0.994460
0.982705
0.994695
0.994655
0.994585
0.991160
0.994665
0.993105
0.994685
0.994145
0.991945
0.994635
0.994650
0.994100
0.992800
0.980455
0.994695
0.987330
0.994685
0.994040
0.994695
0.990275
0.994670
0.969615
0.994460
0.989675
0.986165
0.967160
0.988770
0.994580
0.989390
0.994095
0.971575
0.985120
0.994670
0.994265
0.994610
0.993990
0.988970
0.994645
0.994680
0.994410
0.994480
0.984410
0.994675
0.985160
0.987425
0.993955
0.994695
0.994510
0.973000
0.994695
0.991770
0.994695
0.994290
0.957745
0.979490
0.992215
0.967035
0.991490
0.993305
0.994220
0.993535
0.994685
0.993940
0.993920
0.985265
0.981105
0.994115
0.991665
0.994515
0.958260
0.989060
0.990520
0.986470
0.994235
0.994230
0.993460
0.972370
0.994610
0.993080
0.990455
0.977625
0.994360
0.993090
0.993655
0.993975
0.994640
0.994070
0.994025
0.983660
0.993040
0.989095
0.982425
0.993155
0.964465
0.982965
0.982240
0.994090
0.993770
0.993790
0.982845
0.992810
0.990700
0.988120
0.972175
0.992105
0.991875
0.970285
0.978680
0.993480
0.965000
0.988840
0.994645
0.986570
0.989725
0.986915
0.987960
0.975740
0.985955
0.979080
0.982915
0.993910
0.994345
0.989150
0.986660
0.983640
0.974290
0.994685
0.983625
0.963115
0.988080
0.986810
0.991200
0.993620
0.989870
0.994685
0.972555
0.993290
0.993640
0.982715
0.982560
0.994395
0.976765
0.992340
0.977030
0.990275
0.987330
