0.994925
0.994925
0.994925
0.994925
0.994925
0.994925
0.994925
0.994925
0.994925
0.994925
0.994905
0.994925
0.994925
0.994925
0.994925
0.994925
0.994925
0.994925
0.994925
0.994925
0.994925
0.982320
0.994925
0.994880
0.994925
0.994510
0.992965
0.994925
0.992900
0.994215
0.994865
0.994925
0.994925
0.994630
0.993090
0.994835
0.985425
0.994900
0.994525
0.991515
0.990200
0.994920
0.994910
0.994885
0.994895
0.994875
0.994235
0.994905
0.981300
0.983095
0.992945
0.994925
0.994735
0.982790
0.994920
0.994900
0.994795
0.991620
0.994910
0.993065
0.994905
0.994485
0.992290
0.994850
0.994835
0.994370
0.992960
0.980865
0.994925
0.987715
0.994910
0.994180
0.994925
0.990645
0.994890
0.969840
0.994645
0.989715
0.986865
0.967115
0.988910
0.994785
0.989355
0.994425
0.971110
0.985455
0.994885
0.994420
0.994810
0.994320
0.988760
0.994880
0.994905
0.994640
0.994640
0.984480
0.994915
0.985200
0.987670
0.994055
0.994925
0.994715
0.972330
0.994915
0.992095
0.994925
0.994545
0.957930
0.979460
0.992510
0.966775
0.991965
0.993495
0.994385
0.993970
0.994920
0.994205
0.994300
0.985370
0.981645
0.994230
0.991775
0.994735
0.958560
0.989360
0.990840
0.986430
0.994350
0.994525
0.993490
0.972465
0.994825
0.993075
0.990620
0.977610
0.994610
0.993490
0.994055
0.994255
0.994860
0.994215
0.994375
0.984340
0.993350
0.989475
0.982545
0.993350
0.963550
0.983200
0.982195
0.994365
0.993945
0.994070
0.982985
0.993110
0.990865
0.988470
0.972550
0.992675
0.992195
0.970180
0.979005
0.993650
0.965565
0.989290
0.994855
0.987415
0.990220
0.987285
0.987900
0.976615
0.986040
0.978840
0.983520
0.994125
0.994575
0.989305
0.987170
0.984970
0.974535
0.994890
0.984235
0.963835
0.988470
0.987060
0.991380
0.993915
0.989995
0.994920
0.971650
0.993670
0.993970
0.982035
0.983225
0.994535
0.977025
0.992485
0.977655
0.990490
0.987790
