0.995205
0.995205
0.995205
0.995205
0.995205
0.995205
0.995205
0.995205
0.995205
0.995205
0.995185
0.995205
0.995205
0.995205
0.995205
0.995205
0.995205
0.995205
0.995205
0.995205
0.995205
0.982805
0.995205
0.995180
0.995205
0.994885
0.993060
0.995205
0.993170
0.994580
0.995170
0.995205
0.995205
0.994910
0.993340
0.995125
0.985665
0.995165
0.994755
0.991940
0.990225
0.995190
0.995175
0.995200
0.995185
0.995155
0.994420
0.995180
0.981640
0.983595
0.993280
0.995205
0.995005
0.983725
0.995205
0.995175
0.995100
0.991855
0.995170
0.993355
0.995180
0.994735
0.992460
0.995145
0.995160
0.994620
0.993150
0.981285
0.995200
0.988115
0.995185
0.994485
0.995205
0.990745
0.995175
0.970185
0.994925
0.989945
0.987045
0.967055
0.989100
0.995085
0.989795
0.994620
0.971925
0.985540
0.995175
0.994590
0.995105
0.994500
0.989175
0.995160
0.995205
0.994930
0.994915
0.984620
0.995195
0.985660
0.987965
0.994515
0.995205
0.995025
0.973360
0.995200
0.992570
0.995205
0.994905
0.958130
0.979995
0.992580
0.967125
0.992060
0.993700
0.994630
0.994195
0.995200
0.994510
0.994480
0.985590
0.981650
0.994520
0.992150
0.995000
0.958680
0.989510
0.991310
0.986950
0.994735
0.994715
0.993765
0.973645
0.995125
0.993340
0.990865
0.978200
0.994970
0.993620
0.994305
0.994585
0.995160
0.994600
0.994585
0.984190
0.993560
0.989830
0.983140
0.993570
0.964950
0.983565
0.982475
0.994605
0.994195
0.994285
0.983145
0.993250
0.991010
0.988610
0.972980
0.992750
0.992735
0.970825
0.979120
0.993910
0.964725
0.989110
0.995155
0.987115
0.990155
0.987445
0.988525
0.976800
0.986545
0.978655
0.983170
0.994385
0.994955
0.989535
0.987175
0.984735
0.974410
0.995170
0.984360
0.963760
0.988690
0.987345
0.991770
0.994210
0.990020
0.995160
0.972320
0.993800
0.994240
0.983265
0.982935
0.994860
0.977260
0.992580
0.978055
0.990675
0.988120
