0.994595
0.994595
0.994595
0.994595
0.994595
0.994595
0.994595
0.994595
0.994595
0.994595
0.994580
0.994595
0.994595
0.994595
0.994595
0.994595
0.994595
0.994595
0.994595
0.994595
0.994595
0.981345
0.994595
0.994555
0.994595
0.994250
0.992635
0.994595
0.992605
0.993970
0.994565
0.994595
0.994595
0.994260
0.992660
0.994510
0.984670
0.994515
0.994160
0.991100
0.989880
0.994595
0.994575
0.994575
0.994575
0.994520
0.994005
0.994535
0.980665
0.982400
0.992775
0.994595
0.994410
0.982650
0.994595
0.994590
0.994490
0.991135
0.994575
0.992760
0.994570
0.994180
0.991830
0.994535
0.994535
0.993930
0.992455
0.980660
0.994590
0.987405
0.994580
0.993980
0.994595
0.990155
0.994560
0.969160
0.994365
0.989470
0.986400
0.967590
0.988435
0.994475
0.989035
0.993995
0.971620
0.984570
0.994535
0.994070
0.994495
0.994010
0.988465
0.994555
0.994580
0.994375
0.994315
0.984080
0.994580
0.984965
0.987430
0.993785
0.994595
0.994435
0.972595
0.994585
0.991640
0.994595
0.994220
0.956065
0.979155
0.992130
0.967265
0.991515
0.993260
0.994055
0.993590
0.994590
0.993845
0.993865
0.985315
0.980875
0.993880
0.991495
0.994350
0.957955
0.988790
0.990625
0.986185
0.993905
0.994155
0.993200
0.972825
0.994490
0.992715
0.990205
0.978050
0.994235
0.993015
0.993645
0.993890
0.994560
0.993890
0.994060
0.983445
0.992945
0.989005
0.982310
0.992985
0.963725
0.983155
0.981610
0.994040
0.993625
0.993660
0.982865
0.992675
0.990575
0.988040
0.971910
0.992115
0.992000
0.969965
0.978470
0.993295
0.964390
0.988995
0.994555
0.986990
0.989590
0.986685
0.988140
0.976050
0.985820
0.978885
0.982650
0.993655
0.994280
0.989135
0.986480
0.984090
0.974290
0.994555
0.983550
0.963420
0.987935
0.986845
0.991050
0.993730
0.989120
0.994585
0.972085
0.993210
0.993585
0.981780
0.982475
0.994280
0.976790
0.992160
0.977455
0.990030
0.987130
