0.994700
0.994700
0.994700
0.994700
0.994700
0.994700
0.994700
0.994700
0.994700
0.994700
0.994680
0.994700
0.994700
0.994700
0.994700
0.994700
0.994700
0.994700
0.994700
0.994700
0.994700
0.981050
0.994700
0.994625
0.994700
0.994320
0.992950
0.994700
0.992715
0.994190
0.994665
0.994700
0.994700
0.994375
0.992730
0.994580
0.985065
0.994665
0.994185
0.991420
0.989675
0.994695
0.994665
0.994680
0.994655
0.994660
0.993985
0.994665
0.981020
0.982715
0.992660
0.994700
0.994480
0.983340
0.994700
0.994685
0.994535
0.991195
0.994655
0.992885
0.994670
0.994225
0.991870
0.994625
0.994645
0.994110
0.992685
0.980870
0.994700
0.987830
0.994700
0.994095
0.994700
0.990500
0.994660
0.969315
0.994480
0.989735
0.986110
0.966815
0.988570
0.994600
0.989195
0.994235
0.971005
0.984630
0.994675
0.994230
0.994590
0.994050
0.988765
0.994655
0.994695
0.994440
0.994470
0.983900
0.994685
0.985125
0.987405
0.993825
0.994700
0.994555
0.972545
0.994695
0.991925
0.994700
0.994340
0.956845
0.979345
0.992050
0.967285
0.991550
0.993160
0.994245
0.993815
0.994695
0.993945
0.994130
0.985475
0.981240
0.994085
0.991755
0.994465
0.958440
0.989235
0.990555
0.986210
0.994130
0.994230
0.993135
0.972420
0.994605
0.992735
0.990280
0.977755
0.994340
0.993110
0.993670
0.994010
0.994665
0.994135
0.994065
0.983880
0.993070
0.989210
0.982465
0.993205
0.964670
0.982990
0.981650
0.994100
0.993715
0.993645
0.982585
0.992790
0.990590
0.988050
0.973340
0.992140
0.991985
0.970495
0.978485
0.993420
0.964890
0.989250
0.994635
0.986845
0.989765
0.986740
0.988355
0.976755
0.985670
0.978695
0.983115
0.993840
0.994325
0.989400
0.986905
0.984235
0.974310
0.994680
0.983780
0.964035
0.988430
0.987025
0.991470
0.993610
0.989590
0.994680
0.972490
0.993260
0.993760
0.983005
0.983280
0.994400
0.976870
0.992305
0.976940
0.990295
0.987300
