0.994800
0.994800
0.994800
0.994800
0.994800
0.994800
0.994800
0.994800
0.994800
0.994800
0.994790
0.994800
0.994800
0.994800
0.994800
0.994800
0.994800
0.994800
0.994800
0.994800
0.994800
0.981835
0.994800
0.994765
0.994800
0.994410
0.993010
0.994800
0.992945
0.994185
0.994740
0.994800
0.994800
0.994530
0.992855
0.994680
0.984920
0.994755
0.994395
0.991610
0.989945
0.994765
0.994785
0.994785
0.994740
0.994735
0.994170
0.994765
0.980850
0.983195
0.992810
0.994800
0.994610
0.983100
0.994800
0.994790
0.994680
0.991610
0.994775
0.993020
0.994780
0.994410
0.992095
0.994710
0.994770
0.994120
0.992695
0.980795
0.994800
0.987615
0.994795
0.994175
0.994800
0.990510
0.994750
0.968800
0.994605
0.989750
0.986615
0.967200
0.988765
0.994680
0.989270
0.994270
0.971610
0.985280
0.994740
0.994260
0.994655
0.994235
0.988830
0.994775
0.994780
0.994510
0.994515
0.984180
0.994790
0.985360
0.987570
0.993995
0.994800
0.994610
0.972730
0.994800
0.991920
0.994800
0.994395
0.957320
0.979295
0.992360
0.967130
0.991765
0.993305
0.994175
0.993900
0.994800
0.994060
0.994045
0.985185
0.981300
0.994195
0.991695
0.994560
0.958740
0.989630
0.990775
0.986575
0.994260
0.994380
0.993395
0.972850
0.994675
0.992900
0.990525
0.978085
0.994515
0.993215
0.993770
0.994200
0.994710
0.994130
0.994160
0.983520
0.993125
0.989450
0.982755
0.993245
0.964320
0.983510
0.982015
0.994080
0.993820
0.993745
0.983065
0.992865
0.990850
0.988230
0.972330
0.992300
0.992185
0.970505
0.978665
0.993665
0.964590
0.989195
0.994740
0.986885
0.989765
0.987125
0.988355
0.976250
0.985700
0.978970
0.982810
0.993990
0.994440
0.989450
0.986695
0.983750
0.974580
0.994775
0.983780
0.963425
0.988600
0.987190
0.991050
0.993880
0.989605
0.994775
0.971245
0.993545
0.993810
0.982720
0.982605
0.994460
0.976845
0.992300
0.977550
0.990515
0.987800
