0.994710
0.994710
0.994710
0.994710
0.994710
0.994710
0.994710
0.994710
0.994710
0.994710
0.994690
0.994710
0.994710
0.994710
0.994710
0.994710
0.994710
0.994710
0.994710
0.994710
0.994710
0.982040
0.994710
0.994675
0.994710
0.994365
0.992915
0.994710
0.992785
0.994145
0.994665
0.994710
0.994710
0.994435
0.992780
0.994645
0.985340
0.994670
0.994210
0.991520
0.990185
0.994710
0.994670
0.994685
0.994645
0.994650
0.993935
0.994630
0.980505
0.983005
0.992630
0.994710
0.994440
0.982785
0.994710
0.994670
0.994605
0.990895
0.994680
0.992870
0.994680
0.994285
0.991850
0.994655
0.994625
0.994080
0.992565
0.980995
0.994705
0.987405
0.994690
0.993945
0.994710
0.990240
0.994655
0.968830
0.994415
0.989610
0.986445
0.967145
0.988880
0.994575
0.989365
0.994200
0.971345
0.985345
0.994690
0.994230
0.994585
0.994075
0.988950
0.994700
0.994690
0.994420
0.994360
0.984165
0.994680
0.985035
0.987340
0.993975
0.994710
0.994545
0.972590
0.994690
0.991865
0.994705
0.994305
0.956925
0.979150
0.992255
0.966250
0.991640
0.993105
0.994000
0.993660
0.994710
0.993910
0.993930
0.985190
0.981695
0.994135
0.991580
0.994480
0.958815
0.989350
0.990520
0.986060
0.994145
0.994295
0.993355
0.973140
0.994620
0.992875
0.990565
0.977975
0.994460
0.993115
0.993740
0.994050
0.994665
0.994105
0.994135
0.983335
0.993020
0.989330
0.982280
0.993180
0.964290
0.983035
0.982035
0.994045
0.993720
0.993810
0.982435
0.992750
0.990730
0.987965
0.972240
0.992165
0.992175
0.971295
0.978230
0.993445
0.964855
0.988780
0.994675
0.986980
0.989635
0.986875
0.988075
0.976055
0.985950
0.978480
0.982845
0.993890
0.994330
0.989485
0.986840
0.984360
0.974505
0.994675
0.984100
0.963235
0.988295
0.987150
0.991275
0.993705
0.989285
0.994700
0.972475
0.993270
0.993665
0.981970
0.982760
0.994280
0.977015
0.992175
0.977805
0.990280
0.987415
