0.994590
0.994590
0.994590
0.994590
0.994590
0.994590
0.994590
0.994590
0.994590
0.994590
0.994570
0.994590
0.994590
0.994590
0.994590
0.994590
0.994590
0.994590
0.994590
0.994590
0.994590
0.982245
0.994590
0.994540
0.994590
0.994235
0.992500
0.994590
0.992520
0.994000
0.994510
0.994590
0.994590
0.994290
0.992875
0.994420
0.985070
0.994545
0.994060
0.991255
0.989740
0.994590
0.994565
0.994575
0.994560
0.994550
0.993925
0.994550
0.981170
0.982135
0.992690
0.994590
0.994380
0.982725
0.994590
0.994530
0.994470
0.991210
0.994555
0.992735
0.994560
0.994145
0.991715
0.994515
0.994555
0.994040
0.992445
0.980415
0.994590
0.987415
0.994590
0.993940
0.994590
0.990340
0.994525
0.969790
0.994400
0.989250
0.986175
0.966815
0.988395
0.994415
0.989230
0.994090
0.970895
0.984825
0.994560
0.994055
0.994500
0.993985
0.988580
0.994580
0.994570
0.994360
0.994375
0.983775
0.994570
0.985120
0.987105
0.993705
0.994590
0.994430
0.972050
0.994585
0.991785
0.994590
0.994255
0.957450
0.979140
0.992100
0.966525
0.991665
0.993095
0.994045
0.993685
0.994590
0.993875
0.993905
0.985150
0.981635
0.994010
0.991390
0.994345
0.958275
0.988885
0.990195
0.985935
0.994015
0.994135
0.993235
0.972165
0.994465
0.992745
0.990115
0.977210
0.994300
0.993045
0.993610
0.993975
0.994525
0.993990
0.994115
0.983720
0.992900
0.989030
0.982525
0.993040
0.964260
0.982495
0.981715
0.994030
0.993740
0.993570
0.982480
0.992530
0.990360
0.988235
0.971830
0.992160
0.992035
0.970040
0.978845
0.993515
0.964735
0.988975
0.994570
0.986600
0.989860
0.987150
0.988240
0.976215
0.985705
0.978600
0.982675
0.993775
0.994210
0.989070
0.986405
0.984400
0.974655
0.994575
0.984115
0.963455
0.988220
0.986565
0.991095
0.993590
0.989580
0.994570
0.971375
0.993320
0.993550
0.982245
0.982285
0.994225
0.976480
0.992120
0.977345
0.990085
0.987575
