0.994810
0.994810
0.994810
0.994810
0.994810
0.994810
0.994810
0.994810
0.994810
0.994810
0.994795
0.994810
0.994810
0.994810
0.994810
0.994810
0.994810
0.994810
0.994805
0.994810
0.994810
0.981910
0.994810
0.994765
0.994810
0.994365
0.993025
0.994810
0.992960
0.994205
0.994770
0.994810
0.994810
0.994530
0.993060
0.994710
0.984985
0.994750
0.994340
0.991370
0.989920
0.994795
0.994780
0.994795
0.994735
0.994760
0.994115
0.994760
0.980700
0.982115
0.992730
0.994810
0.994575
0.982635
0.994810
0.994790
0.994650
0.991395
0.994790
0.992905
0.994775
0.994365
0.991870
0.994745
0.994760
0.994240
0.992825
0.981095
0.994805
0.987300
0.994805
0.994210
0.994810
0.990595
0.994760
0.969355
0.994495
0.989750
0.986540
0.967100
0.988815
0.994665
0.989200
0.994340
0.971400
0.985580
0.994770
0.994345
0.994720
0.994210
0.988920
0.994780
0.994795
0.994505
0.994545
0.984045
0.994800
0.985250
0.987535
0.993965
0.994810
0.994640
0.972660
0.994810
0.991645
0.994805
0.994280
0.956910
0.979285
0.992430
0.966940
0.991640
0.993395
0.994140
0.993890
0.994805
0.994130
0.994145
0.985305
0.980765
0.994115
0.991705
0.994600
0.958390
0.988955
0.990445
0.986450
0.994335
0.994355
0.993390
0.972470
0.994740
0.992950
0.990695
0.977585
0.994525
0.993290
0.993825
0.994125
0.994745
0.994215
0.994170
0.983340
0.993160
0.989255
0.982570
0.993170
0.964520
0.983520
0.982420
0.994185
0.993900
0.993960
0.982705
0.992790
0.990660
0.988050
0.972800
0.992345
0.991950
0.970075
0.978550
0.993510
0.965355
0.989340
0.994770
0.987080
0.990000
0.986930
0.988085
0.976015
0.985640
0.979015
0.983460
0.994000
0.994485
0.989485
0.986865
0.984715
0.974345
0.994795
0.983925
0.963695
0.987920
0.986990
0.991430
0.993750
0.989630
0.994785
0.972035
0.993285
0.993865
0.982295
0.982440
0.994455
0.976930
0.992355
0.977500
0.990230
0.987490
