0.994670
0.994670
0.994670
0.994670
0.994670
0.994670
0.994670
0.994670
0.994670
0.994670
0.994665
0.994670
0.994670
0.994670
0.994670
0.994670
0.994670
0.994670
0.994670
0.994670
0.994670
0.981965
0.994670
0.994605
0.994670
0.994240
0.992820
0.994670
0.992915
0.994050
0.994615
0.994670
0.994670
0.994340
0.992985
0.994560
0.985340
0.994645
0.994195
0.991425
0.989640
0.994665
0.994640
0.994635
0.994630
0.994650
0.994025
0.994630
0.981115
0.982910
0.992750
0.994670
0.994490
0.983215
0.994670
0.994650
0.994535
0.991385
0.994655
0.992740
0.994645
0.994235
0.991810
0.994620
0.994645
0.993985
0.992510
0.980925
0.994670
0.987525
0.994655
0.994055
0.994670
0.990370
0.994640
0.968660
0.994430
0.989460
0.986355
0.966790
0.988975
0.994565
0.989480
0.994215
0.971130
0.984740
0.994635
0.994240
0.994540
0.993980
0.988580
0.994640
0.994650
0.994330
0.994455
0.984255
0.994665
0.984770
0.987155
0.993950
0.994670
0.994485
0.973105
0.994665
0.991690
0.994670
0.994285
0.956900
0.979340
0.992135
0.967265
0.991500
0.993110
0.994165
0.993575
0.994665
0.993920
0.994070
0.985475
0.981360
0.994035
0.991575
0.994490
0.958240
0.989405
0.990775
0.985965
0.994085
0.994255
0.993470
0.972335
0.994570
0.993025
0.990115
0.977950
0.994280
0.993110
0.993650
0.994005
0.994625
0.994115
0.994130
0.984035
0.992915
0.988965
0.982560
0.993020
0.963445
0.983355
0.981555
0.994005
0.993700
0.993660
0.982640
0.992715
0.990485
0.987950
0.972655
0.992375
0.991920
0.970160
0.978500
0.993580
0.964580
0.988930
0.994625
0.986990
0.989765
0.987090
0.988145
0.976270
0.985965
0.978800
0.982695
0.993900
0.994315
0.988765
0.987015
0.984040
0.974190
0.994635
0.983860
0.963910
0.988430
0.986880
0.991280
0.993560
0.989360
0.994655
0.971940
0.993375
0.993720
0.981850
0.982860
0.994355
0.976965
0.992090
0.977510
0.990140
0.987635
