0.995070
0.995070
0.995070
0.995070
0.995070
0.995070
0.995070
0.995070
0.995070
0.995070
0.995055
0.995070
0.995070
0.995070
0.995070
0.995070
0.995070
0.995070
0.995070
0.995070
0.995070
0.982180
0.995070
0.995025
0.995070
0.994720
0.993170
0.995070
0.993145
0.994535
0.995000
0.995070
0.995070
0.994700
0.993090
0.994945
0.985660
0.995040
0.994660
0.991760
0.990095
0.995065
0.995050
0.995065
0.995010
0.995010
0.994340
0.995015
0.981565
0.983355
0.993135
0.995070
0.994985
0.983230
0.995070
0.995045
0.994920
0.991850
0.995035
0.993295
0.995050
0.994640
0.992205
0.995000
0.995030
0.994545
0.993000
0.981305
0.995070
0.987985
0.995055
0.994260
0.995070
0.990430
0.995015
0.969825
0.994910
0.989680
0.986760
0.967015
0.988945
0.994935
0.989305
0.994560
0.971370
0.985215
0.995030
0.994580
0.994945
0.994385
0.989100
0.995045
0.995045
0.994775
0.994825
0.984585
0.995060
0.985850
0.987850
0.994320
0.995070
0.994895
0.972425
0.995070
0.992030
0.995070
0.994715
0.957695
0.979455
0.992665
0.967350
0.991920
0.993610
0.994480
0.994210
0.995070
0.994375
0.994375
0.985440
0.981295
0.994515
0.991830
0.994895
0.959345
0.989660
0.991085
0.986785
0.994575
0.994510
0.993750
0.972810
0.994970
0.993400
0.990765
0.978020
0.994725
0.993555
0.994020
0.994355
0.994995
0.994435
0.994435
0.983575
0.993510
0.989255
0.982895
0.993655
0.964980
0.983425
0.981710
0.994430
0.994155
0.994125
0.983070
0.993045
0.990745
0.988085
0.973100
0.992515
0.992450
0.970985
0.979045
0.993845
0.965570
0.989325
0.995025
0.987440
0.990125
0.987515
0.988290
0.977185
0.986240
0.979335
0.983435
0.994265
0.994660
0.989345
0.987785
0.984805
0.974400
0.995040
0.984485
0.963735
0.988715
0.987465
0.991750
0.994120
0.990120
0.995045
0.972660
0.993780
0.994165
0.982660
0.983005
0.994735
0.977725
0.992710
0.977845
0.990565
0.988225
