0.994750
0.994750
0.994750
0.994750
0.994750
0.994750
0.994750
0.994750
0.994750
0.994750
0.994750
0.994750
0.994750
0.994750
0.994750
0.994750
0.994750
0.994750
0.994750
0.994750
0.994750
0.981950
0.994750
0.994700
0.994750
0.994405
0.992695
0.994750
0.992715
0.994120
0.994705
0.994750
0.994750
0.994365
0.992785
0.994660
0.984815
0.994725
0.994215
0.991410
0.989820
0.994735
0.994730
0.994740
0.994700
0.994685
0.994020
0.994695
0.981210
0.982800
0.992915
0.994750
0.994580
0.983095
0.994750
0.994730
0.994620
0.991580
0.994720
0.992895
0.994725
0.994310
0.991930
0.994670
0.994725
0.994190
0.992725
0.980710
0.994740
0.987735
0.994745
0.994145
0.994750
0.990305
0.994710
0.969150
0.994495
0.989815
0.986220
0.967055
0.988535
0.994610
0.989165
0.994330
0.971345
0.985030
0.994720
0.994285
0.994620
0.994120
0.988715
0.994715
0.994725
0.994495
0.994560
0.984025
0.994735
0.984750
0.987690
0.994005
0.994750
0.994555
0.973135
0.994745
0.991915
0.994750
0.994285
0.957620
0.979185
0.992315
0.966800
0.991600
0.993280
0.994240
0.993815
0.994750
0.994075
0.994050
0.985230
0.981655
0.994125
0.991580
0.994525
0.958045
0.989380
0.990835
0.986240
0.994310
0.994315
0.993375
0.971785
0.994625
0.992950
0.990605
0.977755
0.994440
0.993030
0.993670
0.994135
0.994700
0.994075
0.994150
0.983840
0.993120
0.989130
0.982375
0.993215
0.964380
0.982995
0.982180
0.994130
0.993785
0.993760
0.982975
0.992940
0.990860
0.988295
0.973050
0.991980
0.991930
0.971240
0.978705
0.993390
0.964820
0.988975
0.994705
0.986655
0.990070
0.987125
0.988135
0.976505
0.986225
0.978625
0.983070
0.993950
0.994390
0.989375
0.987345
0.984560
0.974785
0.994725
0.984220
0.963630
0.988125
0.986780
0.991335
0.993735
0.989660
0.994725
0.971900
0.993365
0.993775
0.982405
0.982340
0.994385
0.976735
0.992405
0.977860
0.990240
0.987460
