0.994645
0.994645
0.994645
0.994645
0.994645
0.994645
0.994645
0.994645
0.994645
0.994645
0.994615
0.994645
0.994645
0.994645
0.994645
0.994645
0.994645
0.994645
0.994645
0.994645
0.994645
0.981695
0.994645
0.994615
0.994640
0.994305
0.992830
0.994645
0.992705
0.994105
0.994610
0.994645
0.994645
0.994365
0.992680
0.994505
0.985360
0.994610
0.994140
0.991290
0.989675
0.994640
0.994635
0.994610
0.994605
0.994615
0.993890
0.994600
0.980565
0.982580
0.992675
0.994645
0.994385
0.982950
0.994645
0.994630
0.994550
0.991210
0.994625
0.992835
0.994600
0.994220
0.991695
0.994575
0.994615
0.993965
0.992535
0.980785
0.994640
0.987530
0.994635
0.993980
0.994645
0.989925
0.994625
0.969495
0.994335
0.989440
0.986390
0.967020
0.988690
0.994490
0.989060
0.994030
0.971320
0.984760
0.994630
0.994095
0.994525
0.994025
0.988595
0.994615
0.994640
0.994340
0.994400
0.983950
0.994645
0.984955
0.987690
0.993715
0.994645
0.994450
0.972775
0.994645
0.991795
0.994645
0.994215
0.957245
0.979075
0.992015
0.965965
0.991415
0.993380
0.994090
0.993700
0.994635
0.993910
0.994035
0.985135
0.981035
0.994025
0.991560
0.994415
0.958625
0.989225
0.990425
0.986450
0.994195
0.994155
0.993350
0.972160
0.994550
0.992990
0.990235
0.977825
0.994310
0.993120
0.993575
0.993910
0.994590
0.994135
0.994050
0.983620
0.993095
0.988890
0.981970
0.993055
0.963990
0.983515
0.981705
0.994120
0.993655
0.993750
0.982745
0.992775
0.990490
0.988435
0.972920
0.992160
0.992120
0.969970
0.978615
0.993515
0.964995
0.988845
0.994560
0.986685
0.989890
0.986660
0.988165
0.976040
0.985375
0.978130
0.982770
0.993760
0.994345
0.989295
0.986870
0.984190
0.974095
0.994600
0.983635
0.962650
0.987985
0.987040
0.991155
0.993795
0.989640
0.994645
0.971365
0.993240
0.993655
0.982375
0.982900
0.994225
0.976840
0.992150
0.977735
0.990115
0.987260
