1.000000
1.000000
1.000000
1.000000
1.000000
1.000000
1.000000
1.000000
1.000000
1.000000
1.000000
1.000000
1.000000
1.000000
1.000000
1.000000
1.000000
1.000000
1.000000
1.000000
1.000000
0.999995
1.000000
1.000000
1.000000
1.000000
1.000000
1.000000
1.000000
1.000000
1.000000
1.000000
1.000000
0.999995
1.000000
1.000000
1.000000
1.000000
1.000000
1.000000
1.000000
1.000000
1.000000
1.000000
1.000000
1.000000
1.000000
1.000000
0.999995
0.999995
1.000000
1.000000
1.000000
1.000000
1.000000
1.000000
1.000000
1.000000
1.000000
1.000000
1.000000
1.000000
1.000000
1.000000
1.000000
1.000000
1.000000
0.999995
1.000000
0.999995
1.000000
1.000000
1.000000
0.999995
1.000000
0.999995
1.000000
1.000000
1.000000
0.999990
1.000000
1.000000
1.000000
1.000000
0.999990
1.000000
1.000000
1.000000
1.000000
1.000000
1.000000
1.000000
1.000000
1.000000
0.999995
1.000000
1.000000
1.000000
0.999995
1.000000
1.000000
1.000000
1.000000
1.000000
1.000000
1.000000
1.000000
0.999960
1.000000
1.000000
0.999975
1.000000
1.000000
1.000000
1.000000
0.999995
1.000000
1.000000
1.000000
1.000000
1.000000
1.000000
1.000000
0.999950
1.000000
1.000000
1.000000
1.000000
1.000000
1.000000
0.999985
1.000000
1.000000
1.000000
0.999995
1.000000
1.000000
1.000000
1.000000
1.000000
1.000000
1.000000
1.000000
1.000000
1.000000
1.000000
1.000000
0.999990
0.999990
1.000000
1.000000
1.000000
1.000000
1.000000
1.000000
1.000000
1.000000
0.999990
1.000000
1.000000
0.999985
0.999995
1.000000
0.999990
1.000000
1.000000
1.000000
1.000000
1.000000
0.999995
0.999975
1.000000
0.999995
1.000000
1.000000
1.000000
1.000000
1.000000
0.999995
0.999990
1.000000
1.000000
0.999945
1.000000
1.000000
1.000000
1.000000
1.000000
1.000000
0.999990
1.000000
1.000000
0.999995
1.000000
1.000000
1.000000
1.000000
0.999995
1.000000
1.000000
