1.000000
1.000000
1.000000
1.000000
1.000000
1.000000
1.000000
1.000000
1.000000
1.000000
1.000000
1.000000
1.000000
1.000000
1.000000
1.000000
1.000000
1.000000
1.000000
1.000000
1.000000
1.000000
1.000000
1.000000
1.000000
1.000000
1.000000
1.000000
1.000000
1.000000
1.000000
1.000000
1.000000
1.000000
1.000000
1.000000
1.000000
1.000000
1.000000
1.000000
1.000000
1.000000
1.000000
1.000000
1.000000
1.000000
1.000000
1.000000
1.000000
1.000000
1.000000
1.000000
1.000000
1.000000
1.000000
1.000000
1.000000
1.000000
1.000000
1.000000
1.000000
1.000000
1.000000
1.000000
1.000000
1.000000
1.000000
1.000000
1.000000
1.000000
1.000000
1.000000
1.000000
1.000000
1.000000
0.999990
1.000000
1.000000
0.999995
0.999975
1.000000
1.000000
1.000000
1.000000
0.999995
1.000000
1.000000
1.000000
1.000000
1.000000
1.000000
1.000000
1.000000
1.000000
1.000000
1.000000
1.000000
0.999995
1.000000
1.000000
1.000000
1.000000
0.999985
1.000000
1.000000
1.000000
1.000000
0.999955
0.999995
1.000000
0.999970
1.000000
1.000000
1.000000
1.000000
1.000000
1.000000
1.000000
1.000000
0.999995
1.000000
1.000000
1.000000
0.999980
1.000000
1.000000
1.000000
1.000000
1.000000
1.000000
0.999995
1.000000
1.000000
1.000000
0.999995
1.000000
1.000000
1.000000
1.000000
1.000000
1.000000
1.000000
1.000000
1.000000
1.000000
1.000000
1.000000
0.999965
0.999995
1.000000
1.000000
1.000000
1.000000
1.000000
1.000000
1.000000
1.000000
0.999990
1.000000
1.000000
0.999995
1.000000
1.000000
0.999975
0.999995
1.000000
1.000000
1.000000
1.000000
1.000000
1.000000
1.000000
1.000000
0.999995
1.000000
1.000000
1.000000
1.000000
1.000000
1.000000
1.000000
1.000000
0.999960
1.000000
0.999995
1.000000
1.000000
1.000000
1.000000
1.000000
1.000000
1.000000
1.000000
1.000000
1.000000
1.000000
1.000000
0.999995
1.000000
1.000000
