1.000000
1.000000
0.999935
0.995000
1.000000
1.000000
1.000000
1.000000
1.000000
1.000000
1.000000
1.000000
0.999975
1.000000
1.000000
0.999965
0.999945
1.000000
1.000000
1.000000
1.000000
0.999920
1.000000
1.000000
1.000000
1.000000
1.000000
0.999995
0.999980
0.999995
1.000000
0.999900
1.000000
0.999995
0.999990
0.999995
0.999950
1.000000
0.999990
0.999965
0.999960
1.000000
1.000000
1.000000
0.999995
0.999990
0.999965
1.000000
0.999870
0.999865
0.999990
1.000000
0.999995
0.999870
1.000000
1.000000
1.000000
0.999975
1.000000
0.999985
1.000000
1.000000
0.999985
1.000000
1.000000
0.999990
1.000000
0.999865
1.000000
0.999930
1.000000
1.000000
1.000000
0.999960
1.000000
0.999715
0.999595
0.999965
0.999935
0.999695
0.999425
1.000000
0.999965
0.999995
0.999780
0.999960
1.000000
1.000000
0.999800
1.000000
0.999605
1.000000
1.000000
0.999995
0.999995
0.996175
1.000000
0.999930
0.999950
0.999995
0.999990
1.000000
0.999755
1.000000
0.999970
1.000000
0.999970
0.999395
0.999885
0.999990
0.999645
0.999990
0.999995
1.000000
0.999995
0.999990
1.000000
1.000000
0.999965
0.999900
0.999995
0.999985
1.000000
0.999550
0.999680
0.999995
0.999945
1.000000
0.999985
0.999375
0.999695
0.999995
0.999960
0.999960
0.999885
1.000000
0.999985
0.999995
0.999955
1.000000
0.999995
1.000000
0.999940
0.999990
0.999925
0.995935
0.999985
0.998935
0.999860
0.999895
1.000000
0.999990
0.999970
0.999915
0.999995
0.999955
0.999960
0.999790
0.999980
0.999975
0.999725
0.999800
0.999980
0.999640
0.999965
1.000000
0.999935
0.999960
0.999940
0.999805
0.999775
0.996935
0.999850
0.999880
0.999990
0.999990
0.999960
0.999955
0.999890
0.999770
0.999995
0.999895
0.999650
0.999945
0.999970
0.999970
1.000000
0.999980
1.000000
0.999795
0.999990
1.000000
0.999900
0.999920
1.000000
0.999790
0.999970
0.999860
0.999960
0.999955
