0.999995
0.999990
0.999885
0.995000
1.000000
1.000000
1.000000
0.999995
0.999990
1.000000
1.000000
1.000000
0.999965
1.000000
1.000000
0.999985
0.999910
1.000000
1.000000
1.000000
1.000000
0.999870
1.000000
1.000000
1.000000
1.000000
0.999975
1.000000
0.999995
1.000000
1.000000
0.999915
1.000000
0.999990
0.999990
0.999980
0.999935
0.999995
0.999980
0.999970
0.999935
0.999995
1.000000
0.999990
0.999990
1.000000
0.999950
1.000000
0.999865
0.999905
0.999980
1.000000
1.000000
0.999910
1.000000
1.000000
1.000000
0.999985
1.000000
0.999990
1.000000
1.000000
1.000000
1.000000
1.000000
1.000000
1.000000
0.999895
1.000000
0.999955
1.000000
1.000000
1.000000
0.999965
1.000000
0.999655
0.999700
0.999990
0.999935
0.999680
0.999535
1.000000
0.999940
0.999990
0.999730
0.999920
1.000000
1.000000
0.999870
0.999990
0.999685
1.000000
0.999990
1.000000
0.999995
0.996400
1.000000
0.999935
0.999980
0.999995
1.000000
1.000000
0.999785
1.000000
0.999975
1.000000
0.999975
0.999345
0.999870
0.999965
0.999625
0.999980
0.999995
0.999985
0.999995
1.000000
1.000000
0.999990
0.999910
0.999885
1.000000
0.999985
1.000000
0.999500
0.999680
0.999980
0.999940
0.999995
1.000000
0.999425
0.999790
1.000000
0.999970
0.999935
0.999890
0.999995
0.999990
1.000000
0.999955
1.000000
1.000000
1.000000
0.999905
0.999985
0.999955
0.996115
0.999990
0.998835
0.999910
0.999840
1.000000
1.000000
0.999950
0.999895
0.999995
0.999975
0.999950
0.999765
0.999985
0.999990
0.999790
0.999865
0.999995
0.999630
0.999950
1.000000
0.999935
0.999980
0.999950
0.999825
0.999835
0.997155
0.999830
0.999870
1.000000
1.000000
0.999970
0.999935
0.999905
0.999785
1.000000
0.999945
0.999595
0.999975
0.999955
0.999985
0.999990
0.999940
1.000000
0.999755
1.000000
1.000000
0.999940
0.999910
1.000000
0.999835
0.999985
0.999795
0.999975
0.999930
