0.999995
1.000000
0.999915
0.995000
1.000000
1.000000
1.000000
1.000000
0.999995
1.000000
1.000000
1.000000
0.999980
1.000000
1.000000
0.999970
0.999930
1.000000
0.999995
1.000000
1.000000
0.999870
1.000000
1.000000
1.000000
1.000000
0.999985
1.000000
0.999995
0.999995
1.000000
0.999930
1.000000
1.000000
0.999990
0.999980
0.999940
1.000000
0.999975
0.999965
0.999965
1.000000
1.000000
0.999995
0.999995
1.000000
0.999980
0.999995
0.999885
0.999910
0.999990
1.000000
1.000000
0.999875
1.000000
1.000000
0.999995
0.999975
1.000000
0.999995
1.000000
0.999990
0.999985
1.000000
1.000000
1.000000
0.999990
0.999875
1.000000
0.999970
1.000000
0.999995
1.000000
0.999970
1.000000
0.999720
0.999640
0.999960
0.999935
0.999650
0.999415
1.000000
0.999990
1.000000
0.999740
0.999905
0.999995
0.999995
0.999845
0.999995
0.999670
0.999990
0.999985
1.000000
0.999980
0.996035
1.000000
0.999935
0.999940
1.000000
0.999980
1.000000
0.999765
1.000000
0.999980
1.000000
0.999965
0.999355
0.999880
0.999990
0.999685
0.999980
1.000000
0.999990
0.999995
1.000000
0.999995
0.999995
0.999950
0.999885
1.000000
0.999990
1.000000
0.999410
0.999685
0.999970
0.999965
0.999990
0.999995
0.999335
0.999750
1.000000
0.999980
0.999975
0.999825
0.999995
0.999975
0.999995
0.999965
1.000000
1.000000
1.000000
0.999900
0.999995
0.999965
0.996085
0.999995
0.998880
0.999890
0.999885
0.999990
0.999985
0.999980
0.999925
0.999975
0.999965
0.999935
0.999700
0.999965
0.999985
0.999750
0.999860
1.000000
0.999555
0.999945
1.000000
0.999920
0.999970
0.999955
0.999810
0.999825
0.997115
0.999840
0.999900
0.999990
0.999995
0.999965
0.999945
0.999905
0.999775
1.000000
0.999920
0.999605
0.999945
0.999925
0.999980
1.000000
0.999935
1.000000
0.999795
1.000000
1.000000
0.999920
0.999885
1.000000
0.999800
0.999980
0.999815
0.999970
0.999930
