0.999995
0.999995
0.999930
0.994995
0.999995
0.999995
0.999995
0.999995
0.999990
0.999995
0.999995
0.999995
0.999980
0.999995
0.999995
0.999975
0.999940
0.999995
0.999985
0.999995
0.999995
0.999915
0.999995
0.999995
0.999995
0.999990
0.999995
0.999995
0.999985
0.999995
0.999990
0.999950
0.999995
0.999990
0.999960
0.999985
0.999895
0.999995
0.999970
0.999975
0.999955
0.999995
0.999995
0.999985
0.999985
0.999990
0.999970
0.999990
0.999810
0.999885
0.999980
0.999995
0.999990
0.999920
0.999995
0.999995
0.999995
0.999975
0.999990
0.999990
0.999995
0.999995
0.999980
0.999995
0.999995
0.999995
0.999990
0.999825
0.999995
0.999935
0.999995
0.999995
0.999995
0.999985
0.999985
0.999710
0.999615
0.999955
0.999945
0.999640
0.999430
0.999995
0.999950
0.999990
0.999695
0.999950
0.999995
0.999995
0.999845
0.999995
0.999680
0.999995
0.999990
0.999995
0.999990
0.996230
0.999995
0.999915
0.999945
0.999990
0.999985
0.999995
0.999820
0.999995
0.999965
0.999995
0.999975
0.999385
0.999895
0.999990
0.999635
0.999980
0.999980
0.999995
0.999985
0.999985
0.999990
0.999990
0.999940
0.999855
0.999985
0.999965
0.999995
0.999490
0.999645
0.999970
0.999950
0.999990
0.999995
0.999405
0.999805
0.999995
0.999970
0.999940
0.999810
0.999995
0.999985
0.999980
0.999940
0.999985
0.999985
0.999985
0.999855
0.999995
0.999925
0.996395
0.999995
0.998915
0.999900
0.999870
0.999995
0.999990
0.999960
0.999875
0.999980
0.999955
0.999955
0.999785
0.999985
0.999985
0.999750
0.999835
0.999970
0.999655
0.999945
0.999995
0.999945
0.999960
0.999955
0.999815
0.999825
0.997365
0.999870
0.999900
0.999985
0.999985
0.999960
0.999945
0.999940
0.999770
0.999995
0.999940
0.999570
0.999985
0.999940
0.999980
0.999990
0.999950
0.999995
0.999675
0.999990
0.999980
0.999905
0.999910
0.999995
0.999820
0.999965
0.999855
0.999970
0.999915
