0.999995
0.999995
0.999930
0.994995
0.999995
0.999995
0.999995
0.999995
0.999995
0.999995
0.999995
0.999995
0.999960
0.999995
0.999995
0.999975
0.999950
0.999995
0.999990
0.999995
0.999995
0.999880
0.999995
0.999995
0.999995
0.999995
0.999975
0.999995
0.999990
0.999990
0.999995
0.999950
0.999995
0.999990
0.999985
0.999985
0.999925
0.999995
0.999960
0.999970
0.999960
0.999995
0.999995
0.999990
0.999995
0.999990
0.999970
0.999995
0.999870
0.999935
0.999980
0.999995
0.999995
0.999910
0.999995
0.999995
0.999995
0.999970
0.999995
0.999985
0.999995
0.999995
0.999975
0.999995
0.999995
0.999990
0.999990
0.999870
0.999995
0.999940
0.999995
0.999990
0.999995
0.999975
0.999985
0.999670
0.999685
0.999965
0.999930
0.999665
0.999450
0.999995
0.999975
0.999995
0.999705
0.999900
0.999995
0.999990
0.999825
0.999995
0.999645
0.999995
0.999995
0.999995
0.999985
0.996635
0.999995
0.999895
0.999925
0.999990
0.999995
0.999990
0.999770
0.999995
0.999980
0.999995
0.999980
0.999350
0.999865
0.999980
0.999715
0.999975
0.999985
0.999995
0.999990
0.999990
0.999995
0.999985
0.999955
0.999845
0.999985
0.999985
0.999995
0.999480
0.999650
0.999970
0.999950
0.999995
0.999995
0.999525
0.999795
0.999995
0.999965
0.999960
0.999825
0.999995
0.999985
0.999990
0.999955
0.999995
0.999985
0.999995
0.999915
0.999990
0.999945
0.996355
0.999975
0.998860
0.999870
0.999910
0.999995
0.999980
0.999970
0.999915
0.999990
0.999980
0.999975
0.999735
0.999980
0.999970
0.999740
0.999850
0.999990
0.999570
0.999945
0.999995
0.999945
0.999960
0.999950
0.999830
0.999805
0.997275
0.999855
0.999850
0.999985
0.999990
0.999960
0.999950
0.999895
0.999835
0.999995
0.999880
0.999515
0.999965
0.999965
0.999980
0.999990
0.999970
0.999995
0.999735
0.999990
0.999975
0.999860
0.999900
0.999995
0.999785
0.999990
0.999820
0.999970
0.999915
