0.999995
0.999995
0.999950
0.994995
0.999995
0.999995
0.999995
0.999995
0.999980
0.999995
0.999995
0.999995
0.999980
0.999995
0.999995
0.999965
0.999960
0.999995
0.999990
0.999995
0.999995
0.999885
0.999995
0.999995
0.999995
0.999995
0.999990
0.999995
0.999990
0.999995
0.999990
0.999955
0.999995
0.999995
0.999980
0.999965
0.999945
0.999995
0.999990
0.999960
0.999985
0.999995
0.999995
0.999995
0.999990
0.999990
0.999960
0.999995
0.999870
0.999890
0.999985
0.999995
0.999995
0.999895
0.999995
0.999995
0.999995
0.999960
0.999990
0.999975
0.999995
0.999995
0.999975
0.999995
0.999995
0.999995
0.999980
0.999885
0.999995
0.999930
0.999995
0.999995
0.999995
0.999975
0.999990
0.999715
0.999660
0.999960
0.999925
0.999675
0.999465
0.999995
0.999970
0.999985
0.999730
0.999910
0.999995
0.999990
0.999820
0.999985
0.999580
0.999995
0.999995
0.999990
0.999985
0.996545
0.999995
0.999950
0.999925
0.999985
0.999970
0.999995
0.999825
0.999995
0.999970
0.999995
0.999970
0.999475
0.999855
0.999995
0.999645
0.999970
0.999990
0.999995
0.999985
0.999990
0.999985
0.999990
0.999920
0.999915
0.999990
0.999970
0.999995
0.999400
0.999685
0.999955
0.999930
0.999990
0.999985
0.999405
0.999755
0.999995
0.999940
0.999965
0.999835
0.999985
0.999985
0.999990
0.999965
0.999995
0.999995
0.999995
0.999895
0.999990
0.999925
0.996385
0.999995
0.998815
0.999905
0.999905
0.999980
0.999990
0.999950
0.999910
0.999970
0.999985
0.999940
0.999720
0.999980
0.999970
0.999680
0.999880
0.999985
0.999540
0.999950
0.999995
0.999920
0.999960
0.999935
0.999795
0.999830
0.996940
0.999885
0.999920
0.999985
0.999995
0.999960
0.999955
0.999910
0.999835
0.999995
0.999850
0.999610
0.999960
0.999970
0.999985
0.999990
0.999960
0.999995
0.999785
0.999995
0.999985
0.999915
0.999910
0.999995
0.999845
0.999990
0.999870
0.999970
0.999945
