1.000000
1.000000
0.999935
0.995000
1.000000
1.000000
1.000000
1.000000
1.000000
1.000000
1.000000
1.000000
0.999990
1.000000
1.000000
0.999995
0.999940
1.000000
1.000000
1.000000
1.000000
0.999850
1.000000
0.999995
1.000000
1.000000
0.999990
1.000000
0.999990
1.000000
0.999985
0.999950
1.000000
0.999995
0.999995
0.999975
0.999950
1.000000
0.999970
0.999980
0.999980
1.000000
1.000000
1.000000
1.000000
1.000000
0.999970
1.000000
0.999895
0.999920
1.000000
1.000000
0.999990
0.999890
1.000000
1.000000
1.000000
0.999990
1.000000
0.999990
1.000000
1.000000
0.999985
1.000000
1.000000
0.999995
0.999990
0.999865
1.000000
0.999940
1.000000
0.999995
1.000000
0.999980
1.000000
0.999770
0.999615
0.999945
0.999940
0.999545
0.999605
0.999995
0.999965
1.000000
0.999730
0.999935
1.000000
1.000000
0.999775
0.999995
0.999700
0.999995
0.999995
1.000000
0.999990
0.996640
1.000000
0.999880
0.999950
1.000000
0.999985
1.000000
0.999830
0.999995
0.999980
1.000000
0.999990
0.999485
0.999850
0.999975
0.999725
0.999980
1.000000
1.000000
0.999995
0.999985
0.999995
1.000000
0.999940
0.999860
1.000000
0.999960
0.999995
0.999455
0.999620
0.999970
0.999905
1.000000
1.000000
0.999450
0.999745
1.000000
0.999975
0.999980
0.999815
1.000000
0.999990
0.999985
0.999965
1.000000
1.000000
1.000000
0.999885
1.000000
0.999970
0.996015
0.999990
0.998875
0.999895
0.999900
0.999995
1.000000
0.999955
0.999915
0.999975
0.999965
0.999970
0.999760
0.999985
1.000000
0.999680
0.999805
0.999995
0.999565
0.999965
1.000000
0.999925
0.999970
0.999910
0.999760
0.999805
0.997125
0.999880
0.999885
1.000000
1.000000
0.999965
0.999970
0.999915
0.999845
1.000000
0.999885
0.999630
0.999970
0.999930
0.999975
0.999990
0.999940
1.000000
0.999750
1.000000
0.999990
0.999905
0.999840
0.999995
0.999825
0.999980
0.999820
0.999985
0.999960
