0.999995
0.999995
0.999900
0.994995
0.999995
0.999995
0.999995
0.999995
0.999995
0.999995
0.999995
0.999995
0.999970
0.999995
0.999995
0.999980
0.999905
0.999995
0.999995
0.999995
0.999995
0.999895
0.999995
0.999995
0.999995
0.999990
0.999985
0.999995
0.999985
0.999995
0.999995
0.999920
0.999995
0.999995
0.999970
0.999985
0.999910
0.999995
0.999960
0.999985
0.999960
0.999995
0.999995
0.999990
0.999990
0.999990
0.999970
0.999995
0.999900
0.999890
0.999990
0.999995
0.999995
0.999865
0.999995
0.999995
0.999995
0.999960
0.999995
0.999995
0.999990
0.999995
0.999970
0.999995
0.999995
0.999995
0.999970
0.999855
0.999995
0.999930
0.999995
0.999990
0.999995
0.999960
0.999995
0.999745
0.999685
0.999965
0.999950
0.999620
0.999470
0.999995
0.999965
0.999995
0.999765
0.999915
0.999995
0.999995
0.999780
0.999990
0.999700
0.999995
0.999995
0.999995
0.999975
0.996700
0.999995
0.999925
0.999945
0.999985
0.999985
0.999990
0.999795
0.999995
0.999975
0.999995
0.999975
0.999465
0.999840
0.999985
0.999680
0.999985
0.999995
0.999995
0.999990
0.999995
0.999995
0.999980
0.999935
0.999855
0.999990
0.999965
0.999990
0.999545
0.999630
0.999970
0.999925
0.999990
0.999995
0.999490
0.999755
0.999995
0.999965
0.999920
0.999855
0.999995
0.999990
0.999990
0.999950
0.999995
0.999995
0.999995
0.999920
0.999985
0.999970
0.996135
0.999995
0.998680
0.999885
0.999870
0.999995
0.999995
0.999980
0.999875
0.999970
0.999980
0.999960
0.999710
0.999980
0.999980
0.999750
0.999840
0.999995
0.999610
0.999950
0.999995
0.999945
0.999970
0.999930
0.999845
0.999855
0.997245
0.999860
0.999930
0.999990
0.999995
0.999960
0.999930
0.999925
0.999820
0.999995
0.999925
0.999635
0.999955
0.999945
0.999980
0.999985
0.999980
0.999995
0.999805
0.999985
0.999995
0.999855
0.999860
0.999990
0.999765
0.999980
0.999855
0.999955
0.999945
