0.999995
0.999995
0.999965
0.994995
0.999995
0.999995
0.999995
0.999995
0.999990
0.999995
0.999995
0.999995
0.999985
0.999995
0.999995
0.999960
0.999985
0.999995
0.999990
0.999995
0.999995
0.999870
0.999995
0.999995
0.999995
0.999995
0.999990
0.999995
0.999975
0.999995
0.999995
0.999920
0.999995
0.999995
0.999980
0.999990
0.999920
0.999995
0.999960
0.999980
0.999970
0.999995
0.999995
0.999995
0.999995
0.999990
0.999970
0.999995
0.999910
0.999860
0.999980
0.999995
0.999990
0.999875
0.999995
0.999995
0.999990
0.999980
0.999995
0.999985
0.999995
0.999995
0.999985
0.999995
0.999995
0.999995
0.999990
0.999845
0.999995
0.999930
0.999995
0.999995
0.999995
0.999970
0.999995
0.999675
0.999670
0.999955
0.999930
0.999625
0.999505
0.999995
0.999970
0.999990
0.999645
0.999895
0.999995
0.999995
0.999775
0.999995
0.999580
0.999990
0.999990
0.999995
0.999980
0.996575
0.999995
0.999930
0.999895
0.999985
0.999985
0.999990
0.999685
0.999995
0.999975
0.999995
0.999980
0.999475
0.999885
0.999975
0.999785
0.999990
0.999990
0.999995
0.999995
0.999995
0.999985
0.999995
0.999930
0.999845
0.999995
0.999965
0.999990
0.999580
0.999695
0.999980
0.999930
0.999995
0.999990
0.999460
0.999745
0.999995
0.999950
0.999985
0.999800
0.999995
0.999980
0.999990
0.999960
0.999995
0.999990
0.999995
0.999900
0.999985
0.999965
0.996180
0.999980
0.998750
0.999920
0.999910
0.999995
0.999995
0.999950
0.999925
0.999975
0.999965
0.999950
0.999775
0.999970
0.999975
0.999770
0.999865
0.999980
0.999645
0.999950
0.999995
0.999920
0.999960
0.999940
0.999795
0.999760
0.996945
0.999825
0.999880
0.999990
0.999990
0.999960
0.999945
0.999890
0.999805
0.999995
0.999930
0.999520
0.999950
0.999945
0.999970
0.999990
0.999965
0.999995
0.999780
0.999990
0.999995
0.999935
0.999915
0.999990
0.999760
0.999985
0.999835
0.999970
0.999965
