1.000000
0.999995
0.999935
0.995000
1.000000
1.000000
1.000000
1.000000
1.000000
1.000000
1.000000
1.000000
0.999980
1.000000
1.000000
0.999980
0.999945
1.000000
1.000000
1.000000
1.000000
0.999925
1.000000
1.000000
1.000000
1.000000
0.999955
1.000000
0.999995
1.000000
0.999995
0.999930
1.000000
1.000000
0.999975
0.999975
0.999920
1.000000
0.999975
0.999965
0.999945
1.000000
1.000000
0.999995
1.000000
1.000000
0.999970
0.999995
0.999910
0.999865
0.999990
1.000000
1.000000
0.999925
1.000000
1.000000
1.000000
0.999970
1.000000
0.999990
1.000000
1.000000
0.999985
1.000000
1.000000
1.000000
0.999990
0.999890
1.000000
0.999940
1.000000
1.000000
1.000000
0.999945
1.000000
0.999725
0.999625
0.999960
0.999925
0.999635
0.999520
1.000000
0.999930
1.000000
0.999700
0.999915
1.000000
0.999995
0.999850
1.000000
0.999620
1.000000
0.999995
1.000000
0.999970
0.996125
1.000000
0.999945
0.999940
1.000000
0.999990
1.000000
0.999790
1.000000
0.999990
1.000000
0.999970
0.999425
0.999790
0.999985
0.999685
0.999960
0.999985
1.000000
1.000000
0.999995
1.000000
0.999995
0.999950
0.999860
1.000000
0.999980
1.000000
0.999575
0.999565
0.999970
0.999950
0.999990
1.000000
0.999410
0.999805
1.000000
0.999960
0.999960
0.999830
0.999995
1.000000
1.000000
0.999975
1.000000
1.000000
0.999990
0.999950
0.999985
0.999960
0.996290
1.000000
0.998785
0.999950
0.999830
1.000000
0.999995
0.999955
0.999900
0.999980
0.999985
0.999950
0.999750
0.999990
0.999980
0.999670
0.999860
0.999995
0.999575
0.999955
1.000000
0.999920
0.999970
0.999945
0.999730
0.999830
0.997170
0.999860
0.999920
0.999980
0.999995
0.999940
0.999935
0.999935
0.999775
1.000000
0.999910
0.999655
0.999970
0.999935
0.999970
1.000000
0.999945
1.000000
0.999800
0.999990
0.999995
0.999910
0.999870
1.000000
0.999860
0.999980
0.999845
0.999965
0.999945
