1.000000
0.999990
0.999940
0.995000
1.000000
1.000000
1.000000
1.000000
1.000000
1.000000
1.000000
1.000000
0.999980
1.000000
1.000000
0.999975
0.999965
1.000000
1.000000
1.000000
1.000000
0.999915
1.000000
1.000000
1.000000
1.000000
1.000000
1.000000
0.999985
0.999990
1.000000
0.999950
1.000000
1.000000
0.999990
0.999990
0.999900
1.000000
0.999965
0.999985
0.999955
1.000000
1.000000
1.000000
0.999995
1.000000
0.999955
1.000000
0.999820
0.999910
0.999975
1.000000
1.000000
0.999895
1.000000
1.000000
1.000000
0.999975
0.999995
0.999990
1.000000
1.000000
0.999975
1.000000
1.000000
0.999985
0.999995
0.999850
1.000000
0.999950
1.000000
0.999990
1.000000
0.999975
1.000000
0.999665
0.999645
0.999955
0.999955
0.999660
0.999475
1.000000
0.999975
0.999995
0.999780
0.999920
1.000000
1.000000
0.999825
1.000000
0.999695
1.000000
0.999995
1.000000
0.999995
0.996305
1.000000
0.999925
0.999950
0.999995
0.999995
0.999995
0.999725
1.000000
0.999980
1.000000
0.999980
0.999500
0.999835
0.999990
0.999620
0.999940
0.999990
0.999995
0.999995
0.999995
1.000000
0.999990
0.999950
0.999865
0.999990
0.999995
1.000000
0.999500
0.999665
0.999970
0.999930
1.000000
0.999995
0.999470
0.999695
1.000000
0.999960
0.999985
0.999850
1.000000
1.000000
0.999995
0.999960
1.000000
0.999995
0.999995
0.999900
0.999995
0.999955
0.996330
0.999985
0.998835
0.999895
0.999900
0.999990
1.000000
0.999975
0.999920
0.999990
0.999985
0.999945
0.999685
0.999995
0.999965
0.999760
0.999850
0.999995
0.999605
0.999945
1.000000
0.999980
0.999965
0.999955
0.999770
0.999825
0.997265
0.999850
0.999900
0.999990
0.999995
0.999920
0.999925
0.999905
0.999870
1.000000
0.999910
0.999580
0.999950
0.999945
0.999985
1.000000
0.999970
1.000000
0.999710
0.999995
0.999990
0.999935
0.999890
0.999995
0.999820
0.999995
0.999825
0.999970
0.999985
