1.000000
0.999995
0.999910
0.995000
1.000000
1.000000
1.000000
1.000000
0.999995
1.000000
1.000000
1.000000
0.999990
1.000000
1.000000
0.999995
0.999955
1.000000
0.999990
1.000000
1.000000
0.999850
1.000000
1.000000
1.000000
1.000000
0.999995
1.000000
0.999995
0.999995
1.000000
0.999945
1.000000
1.000000
0.999985
1.000000
0.999910
0.999995
0.999975
0.999980
0.999980
1.000000
1.000000
1.000000
1.000000
1.000000
0.999975
1.000000
0.999860
0.999890
1.000000
1.000000
1.000000
0.999910
1.000000
1.000000
1.000000
0.999980
1.000000
0.999975
1.000000
0.999995
0.999985
1.000000
1.000000
0.999995
0.999975
0.999855
1.000000
0.999945
1.000000
1.000000
1.000000
0.999950
1.000000
0.999695
0.999600
0.999965
0.999970
0.999565
0.999395
1.000000
0.999985
0.999985
0.999750
0.999955
1.000000
0.999990
0.999775
1.000000
0.999605
0.999995
0.999995
1.000000
0.999990
0.996585
1.000000
0.999940
0.999935
1.000000
0.999990
1.000000
0.999745
1.000000
0.999970
1.000000
0.999975
0.999530
0.999860
0.999990
0.999640
0.999965
0.999985
0.999995
0.999990
1.000000
1.000000
1.000000
0.999910
0.999915
1.000000
0.999975
1.000000
0.999510
0.999655
0.999970
0.999950
1.000000
0.999995
0.999405
0.999750
1.000000
0.999980
0.999970
0.999845
1.000000
0.999990
0.999995
0.999965
1.000000
0.999995
1.000000
0.999905
0.999990
0.999975
0.996360
0.999985
0.998710
0.999950
0.999875
0.999995
0.999995
0.999970
0.999875
0.999990
0.999970
0.999935
0.999770
0.999985
0.999995
0.999700
0.999855
0.999980
0.999600
0.999960
1.000000
0.999955
0.999960
0.999945
0.999750
0.999840
0.997265
0.999875
0.999865
1.000000
1.000000
0.999960
0.999925
0.999935
0.999810
1.000000
0.999915
0.999455
0.999980
0.999890
0.999955
1.000000
0.999945
0.999995
0.999705
0.999990
0.999990
0.999895
0.999835
1.000000
0.999780
0.999985
0.999855
0.999960
0.999955
