1.000000
1.000000
0.999950
0.995000
1.000000
1.000000
1.000000
1.000000
1.000000
1.000000
1.000000
1.000000
0.999990
1.000000
1.000000
0.999995
0.999950
1.000000
0.999995
1.000000
1.000000
0.999880
1.000000
1.000000
1.000000
1.000000
0.999985
1.000000
0.999985
1.000000
1.000000
0.999955
1.000000
1.000000
0.999985
0.999975
0.999935
1.000000
0.999980
0.999990
0.999965
1.000000
1.000000
1.000000
1.000000
1.000000
0.999965
1.000000
0.999885
0.999940
0.999995
0.999990
0.999990
0.999880
1.000000
1.000000
1.000000
0.999980
1.000000
0.999990
1.000000
1.000000
0.999985
1.000000
1.000000
0.999995
0.999995
0.999875
1.000000
0.999940
1.000000
1.000000
1.000000
0.999980
0.999995
0.999625
0.999630
0.999970
0.999900
0.999615
0.999505
1.000000
0.999940
1.000000
0.999770
0.999945
1.000000
1.000000
0.999860
0.999990
0.999580
1.000000
1.000000
0.999995
0.999995
0.996370
1.000000
0.999900
0.999960
0.999995
0.999990
1.000000
0.999805
1.000000
0.999965
1.000000
0.999960
0.999475
0.999880
0.999970
0.999690
0.999985
0.999985
0.999995
1.000000
0.999995
1.000000
0.999995
0.999890
0.999900
0.999990
0.999985
0.999990
0.999480
0.999590
0.999960
0.999950
1.000000
0.999995
0.999430
0.999785
1.000000
0.999970
0.999940
0.999820
0.999995
0.999990
0.999990
0.999965
1.000000
1.000000
1.000000
0.999945
0.999995
0.999970
0.996060
0.999990
0.998770
0.999955
0.999835
0.999995
0.999990
0.999945
0.999890
0.999985
0.999965
0.999980
0.999765
0.999995
0.999985
0.999835
0.999845
1.000000
0.999680
0.999970
1.000000
0.999920
0.999975
0.999940
0.999800
0.999855
0.997065
0.999830
0.999950
1.000000
0.999995
0.999955
0.999915
0.999915
0.999810
1.000000
0.999945
0.999510
0.999980
0.999950
0.999980
0.999990
0.999970
1.000000
0.999765
1.000000
0.999990
0.999885
0.999860
1.000000
0.999805
0.999985
0.999840
0.999965
0.999945
