0.999995
0.999995
0.999950
0.994995
0.999995
0.999995
0.999995
0.999995
0.999990
0.999995
0.999995
0.999995
0.999950
0.999995
0.999995
0.999990
0.999960
0.999995
0.999995
0.999995
0.999995
0.999840
0.999995
0.999995
0.999995
0.999995
0.999995
0.999995
0.999975
0.999990
0.999995
0.999895
0.999995
0.999995
0.999985
0.999995
0.999915
0.999995
0.999980
0.999970
0.999975
0.999995
0.999995
0.999995
0.999990
0.999995
0.999985
0.999990
0.999865
0.999875
0.999980
0.999995
0.999995
0.999890
0.999995
0.999995
0.999995
0.999970
0.999995
0.999990
0.999995
0.999990
0.999970
0.999995
0.999995
0.999995
0.999985
0.999950
0.999995
0.999960
0.999995
0.999995
0.999995
0.999945
0.999995
0.999735
0.999655
0.999930
0.999935
0.999665
0.999470
0.999990
0.999975
0.999995
0.999740
0.999935
0.999995
0.999995
0.999760
0.999995
0.999630
0.999990
0.999995
0.999990
0.999985
0.996465
0.999995
0.999955
0.999945
0.999990
0.999985
0.999995
0.999760
0.999995
0.999975
0.999995
0.999980
0.999465
0.999825
0.999965
0.999595
0.999970
0.999985
0.999995
0.999995
0.999990
0.999995
0.999980
0.999955
0.999915
0.999995
0.999975
0.999995
0.999515
0.999720
0.999960
0.999945
0.999990
0.999990
0.999450
0.999765
0.999995
0.999950
0.999965
0.999870
0.999990
0.999990
0.999995
0.999980
0.999995
0.999990
0.999995
0.999880
0.999985
0.999960
0.996385
0.999980
0.998730
0.999865
0.999895
0.999995
0.999995
0.999960
0.999910
0.999980
0.999970
0.999935
0.999755
0.999980
0.999985
0.999720
0.999850
0.999995
0.999600
0.999975
0.999995
0.999955
0.999975
0.999935
0.999745
0.999800
0.996935
0.999860
0.999940
0.999995
0.999990
0.999950
0.999925
0.999885
0.999770
0.999995
0.999905
0.999520
0.999965
0.999955
0.999965
0.999985
0.999985
0.999990
0.999750
0.999990
0.999990
0.999835
0.999845
0.999990
0.999870
0.999990
0.999790
0.999945
0.999945
