1.000000
1.000000
0.999945
0.995000
1.000000
1.000000
1.000000
1.000000
1.000000
1.000000
1.000000
1.000000
0.999985
1.000000
1.000000
0.999985
0.999950
1.000000
1.000000
1.000000
1.000000
0.999890
1.000000
1.000000
1.000000
1.000000
1.000000
1.000000
0.999990
0.999995
1.000000
0.999955
1.000000
1.000000
0.999990
0.999980
0.999925
0.999995
0.999975
0.999975
0.999970
1.000000
1.000000
1.000000
1.000000
1.000000
0.999965
1.000000
0.999880
0.999890
0.999990
0.999995
1.000000
0.999880
1.000000
1.000000
1.000000
0.999965
1.000000
0.999985
1.000000
1.000000
0.999985
1.000000
1.000000
0.999990
0.999990
0.999885
1.000000
0.999960
1.000000
0.999990
1.000000
0.999965
1.000000
0.999765
0.999645
0.999970
0.999940
0.999670
0.999570
1.000000
0.999960
0.999985
0.999735
0.999900
1.000000
1.000000
0.999840
0.999995
0.999645
1.000000
0.999990
1.000000
0.999980
0.996175
1.000000
0.999910
0.999915
0.999995
0.999990
1.000000
0.999785
1.000000
0.999985
1.000000
0.999975
0.999340
0.999835
0.999970
0.999645
0.999980
0.999980
0.999995
0.999995
0.999995
0.999990
0.999995
0.999945
0.999845
0.999995
1.000000
1.000000
0.999525
0.999550
0.999975
0.999940
0.999995
1.000000
0.999400
0.999770
1.000000
0.999975
0.999970
0.999780
1.000000
0.999990
1.000000
0.999965
1.000000
1.000000
0.999990
0.999905
1.000000
0.999965
0.996090
0.999985
0.998770
0.999875
0.999915
0.999995
0.999990
0.999980
0.999870
0.999995
0.999980
0.999940
0.999725
0.999990
0.999975
0.999755
0.999825
0.999985
0.999585
0.999970
1.000000
0.999940
0.999950
0.999935
0.999785
0.999790
0.997440
0.999875
0.999900
0.999995
1.000000
0.999950
0.999920
0.999910
0.999755
1.000000
0.999940
0.999625
0.999975
0.999955
0.999980
0.999995
0.999940
1.000000
0.999725
0.999980
1.000000
0.999860
0.999895
1.000000
0.999805
0.999990
0.999850
0.999970
0.999940
