1.000000
0.999995
0.999945
0.995000
1.000000
1.000000
1.000000
1.000000
0.999995
1.000000
1.000000
1.000000
0.999975
1.000000
1.000000
0.999995
0.999960
1.000000
0.999995
1.000000
1.000000
0.999820
1.000000
1.000000
1.000000
1.000000
0.999980
1.000000
0.999990
1.000000
1.000000
0.999935
1.000000
0.999985
0.999995
0.999985
0.999915
1.000000
0.999990
0.999975
0.999975
1.000000
1.000000
0.999995
0.999995
0.999995
0.999960
1.000000
0.999890
0.999865
0.999985
1.000000
0.999995
0.999850
1.000000
1.000000
1.000000
1.000000
1.000000
1.000000
0.999995
0.999995
0.999990
1.000000
1.000000
1.000000
0.999985
0.999885
1.000000
0.999950
1.000000
0.999995
1.000000
0.999950
1.000000
0.999685
0.999590
0.999970
0.999955
0.999615
0.999630
1.000000
0.999960
1.000000
0.999690
0.999950
1.000000
1.000000
0.999820
1.000000
0.999680
1.000000
0.999995
1.000000
0.999985
0.996255
1.000000
0.999935
0.999940
0.999995
1.000000
1.000000
0.999780
1.000000
0.999995
1.000000
0.999965
0.999490
0.999850
0.999995
0.999590
0.999975
1.000000
0.999995
1.000000
1.000000
0.999995
0.999990
0.999950
0.999825
0.999995
0.999990
1.000000
0.999465
0.999665
0.999975
0.999970
0.999995
0.999995
0.999415
0.999675
1.000000
0.999995
0.999985
0.999825
1.000000
0.999980
0.999995
0.999940
1.000000
0.999995
0.999995
0.999945
0.999990
0.999940
0.996080
0.999990
0.998670
0.999915
0.999870
1.000000
0.999995
0.999975
0.999915
0.999980
0.999955
0.999975
0.999790
0.999970
0.999975
0.999840
0.999890
0.999995
0.999630
0.999980
1.000000
0.999945
0.999980
0.999920
0.999760
0.999860
0.997105
0.999790
0.999885
1.000000
1.000000
0.999965
0.999935
0.999915
0.999830
1.000000
0.999870
0.999555
0.999950
0.999930
0.999980
0.999995
0.999965
1.000000
0.999720
0.999995
1.000000
0.999930
0.999900
1.000000
0.999780
0.999985
0.999820
0.999975
0.999975
