1.000000
1.000000
0.999930
0.995000
1.000000
1.000000
1.000000
1.000000
1.000000
1.000000
1.000000
1.000000
0.999985
1.000000
1.000000
0.999990
0.999945
1.000000
1.000000
1.000000
1.000000
0.999850
1.000000
1.000000
1.000000
1.000000
0.999995
1.000000
0.999990
1.000000
0.999995
0.999970
1.000000
1.000000
0.999995
0.999990
0.999925
1.000000
0.999980
0.999975
0.999975
1.000000
1.000000
1.000000
0.999995
1.000000
0.999965
1.000000
0.999885
0.999895
0.999985
1.000000
1.000000
0.999885
1.000000
1.000000
1.000000
0.999990
1.000000
0.999990
1.000000
0.999995
0.999990
1.000000
1.000000
1.000000
0.999995
0.999855
1.000000
0.999935
1.000000
0.999990
1.000000
0.999960
0.999995
0.999730
0.999630
0.999935
0.999915
0.999650
0.999440
1.000000
0.999970
1.000000
0.999795
0.999905
1.000000
1.000000
0.999795
0.999995
0.999565
0.999990
1.000000
1.000000
0.999990
0.996115
1.000000
0.999940
0.999970
1.000000
0.999990
1.000000
0.999715
1.000000
1.000000
1.000000
0.999980
0.999555
0.999845
0.999980
0.999640
0.999980
0.999995
0.999995
1.000000
1.000000
1.000000
1.000000
0.999920
0.999880
1.000000
0.999975
0.999990
0.999450
0.999660
0.999970
0.999895
0.999995
0.999980
0.999465
0.999800
1.000000
0.999990
0.999965
0.999870
0.999995
1.000000
0.999990
0.999985
1.000000
1.000000
0.999995
0.999900
0.999995
0.999960
0.996385
0.999990
0.998800
0.999905
0.999890
1.000000
0.999995
0.999960
0.999915
0.999985
0.999970
0.999950
0.999745
0.999990
0.999985
0.999775
0.999890
1.000000
0.999600
0.999940
1.000000
0.999940
0.999970
0.999920
0.999745
0.999835
0.997435
0.999825
0.999945
1.000000
1.000000
0.999980
0.999950
0.999940
0.999700
1.000000
0.999930
0.999500
0.999970
0.999965
0.999975
1.000000
0.999955
1.000000
0.999755
0.999985
0.999990
0.999895
0.999940
0.999995
0.999885
0.999980
0.999820
0.999970
0.999945
