1.000000
1.000000
0.999925
0.995000
1.000000
1.000000
1.000000
1.000000
0.999995
1.000000
1.000000
1.000000
0.999980
1.000000
1.000000
0.999970
0.999950
1.000000
1.000000
1.000000
1.000000
0.999860
1.000000
1.000000
1.000000
0.999995
0.999985
1.000000
0.999995
1.000000
0.999995
0.999925
1.000000
0.999990
0.999995
0.999985
0.999915
1.000000
0.999985
0.999980
0.999980
1.000000
1.000000
1.000000
1.000000
1.000000
0.999950
1.000000
0.999885
0.999910
0.999995
1.000000
1.000000
0.999905
1.000000
1.000000
1.000000
0.999985
1.000000
0.999995
1.000000
1.000000
0.999980
1.000000
1.000000
1.000000
0.999990
0.999875
1.000000
0.999965
1.000000
0.999995
1.000000
0.999970
0.999995
0.999700
0.999645
0.999985
0.999945
0.999615
0.999460
1.000000
0.999935
1.000000
0.999695
0.999920
1.000000
0.999995
0.999835
1.000000
0.999680
1.000000
0.999995
0.999995
0.999980
0.996620
1.000000
0.999925
0.999945
1.000000
0.999995
1.000000
0.999770
1.000000
0.999985
1.000000
0.999990
0.999445
0.999845
0.999985
0.999620
0.999985
0.999995
1.000000
0.999995
1.000000
0.999995
1.000000
0.999915
0.999850
0.999995
0.999985
1.000000
0.999530
0.999725
0.999975
0.999950
1.000000
0.999995
0.999410
0.999715
1.000000
0.999985
0.999975
0.999805
1.000000
0.999985
0.999990
0.999970
1.000000
1.000000
1.000000
0.999940
0.999990
0.999930
0.996200
0.999995
0.998770
0.999875
0.999920
0.999985
0.999995
0.999970
0.999900
0.999985
0.999965
0.999935
0.999745
0.999985
0.999980
0.999750
0.999890
0.999995
0.999600
0.999950
1.000000
0.999950
0.999950
0.999965
0.999840
0.999830
0.996910
0.999830
0.999900
1.000000
1.000000
0.999960
0.999970
0.999905
0.999790
1.000000
0.999920
0.999535
0.999935
0.999930
0.999990
0.999995
0.999965
1.000000
0.999755
1.000000
0.999995
0.999900
0.999925
1.000000
0.999760
0.999990
0.999840
0.999970
0.999940
