0.999995
0.999995
0.999880
0.995000
1.000000
1.000000
1.000000
1.000000
0.999995
1.000000
1.000000
1.000000
0.999990
1.000000
1.000000
0.999980
0.999915
1.000000
1.000000
1.000000
1.000000
0.999875
1.000000
1.000000
1.000000
0.999990
0.999980
1.000000
0.999985
0.999990
0.999995
0.999950
1.000000
1.000000
0.999990
0.999995
0.999905
1.000000
0.999980
0.999960
0.999980
1.000000
1.000000
1.000000
0.999995
1.000000
0.999965
1.000000
0.999865
0.999885
0.999990
1.000000
1.000000
0.999890
1.000000
1.000000
1.000000
0.999995
1.000000
0.999995
1.000000
1.000000
0.999975
1.000000
1.000000
1.000000
0.999975
0.999890
1.000000
0.999935
1.000000
1.000000
1.000000
0.999970
1.000000
0.999670
0.999680
0.999985
0.999925
0.999650
0.999665
1.000000
0.999965
1.000000
0.999780
0.999915
1.000000
1.000000
0.999875
0.999995
0.999615
1.000000
0.999990
1.000000
0.999985
0.996170
1.000000
0.999940
0.999975
0.999995
0.999990
0.999995
0.999760
1.000000
0.999980
1.000000
0.999955
0.999465
0.999890
0.999975
0.999585
0.999975
0.999980
1.000000
1.000000
0.999995
1.000000
1.000000
0.999905
0.999860
0.999985
0.999980
1.000000
0.999555
0.999620
0.999975
0.999955
1.000000
1.000000
0.999470
0.999790
1.000000
0.999980
0.999960
0.999870
1.000000
1.000000
0.999995
0.999955
1.000000
0.999990
0.999995
0.999935
0.999985
0.999955
0.996215
0.999995
0.998905
0.999885
0.999905
1.000000
0.999995
0.999985
0.999910
0.999995
0.999980
0.999950
0.999770
1.000000
0.999985
0.999685
0.999880
0.999995
0.999610
0.999965
1.000000
0.999925
0.999930
0.999940
0.999780
0.999820
0.997260
0.999865
0.999880
0.999985
0.999990
0.999980
0.999900
0.999920
0.999785
1.000000
0.999910
0.999660
0.999925
0.999980
0.999975
1.000000
0.999970
1.000000
0.999740
0.999995
0.999990
0.999870
0.999895
1.000000
0.999865
0.999990
0.999810
0.999975
0.999960
