0.999995
0.999995
0.999920
0.994995
0.999995
0.999995
0.999995
0.999995
0.999995
0.999995
0.999995
0.999995
0.999980
0.999995
0.999995
0.999960
0.999935
0.999995
0.999990
0.999995
0.999995
0.999925
0.999995
0.999995
0.999995
0.999985
0.999985
0.999995
0.999985
0.999995
0.999990
0.999940
0.999995
0.999995
0.999975
0.999995
0.999885
0.999995
0.999985
0.999975
0.999955
0.999995
0.999995
0.999995
0.999995
0.999995
0.999980
0.999995
0.999885
0.999875
0.999990
0.999990
0.999995
0.999890
0.999995
0.999995
0.999995
0.999970
0.999995
0.999990
0.999995
0.999990
0.999970
0.999995
0.999995
0.999990
0.999985
0.999845
0.999995
0.999945
0.999995
0.999995
0.999995
0.999970
0.999995
0.999670
0.999635
0.999970
0.999945
0.999695
0.999485
0.999995
0.999930
0.999985
0.999735
0.999900
0.999995
0.999995
0.999860
0.999995
0.999605
0.999995
0.999995
0.999995
0.999985
0.996290
0.999995
0.999915
0.999935
0.999995
0.999980
0.999995
0.999730
0.999995
0.999975
0.999995
0.999985
0.999575
0.999870
0.999975
0.999715
0.999940
0.999985
0.999995
0.999985
0.999995
0.999990
0.999985
0.999910
0.999865
0.999995
0.999970
0.999995
0.999540
0.999680
0.999950
0.999960
0.999985
0.999995
0.999345
0.999665
0.999995
0.999970
0.999950
0.999845
0.999985
0.999985
0.999995
0.999930
0.999995
0.999980
0.999995
0.999900
0.999985
0.999965
0.995825
0.999980
0.998670
0.999910
0.999890
0.999990
0.999995
0.999960
0.999870
0.999990
0.999985
0.999930
0.999785
0.999990
0.999985
0.999685
0.999780
0.999995
0.999610
0.999990
0.999995
0.999910
0.999985
0.999945
0.999845
0.999765
0.997470
0.999875
0.999890
0.999990
0.999995
0.999925
0.999935
0.999925
0.999830
0.999995
0.999920
0.999565
0.999955
0.999940
0.999975
0.999995
0.999955
0.999990
0.999750
0.999990
0.999985
0.999915
0.999890
0.999995
0.999815
0.999985
0.999810
0.999980
0.999925
