0.999995
0.999995
0.999905
0.994995
0.999995
0.999995
0.999995
0.999995
0.999995
0.999995
0.999995
0.999995
0.999985
0.999995
0.999995
0.999975
0.999925
0.999995
0.999995
0.999995
0.999995
0.999910
0.999995
0.999995
0.999995
0.999990
0.999990
0.999995
0.999995
0.999980
0.999990
0.999935
0.999995
0.999995
0.999985
0.999975
0.999925
0.999995
0.999975
0.999975
0.999975
0.999995
0.999995
0.999995
0.999995
0.999995
0.999980
0.999995
0.999870
0.999920
0.999990
0.999995
0.999995
0.999890
0.999995
0.999995
0.999995
0.999935
0.999995
0.999980
0.999995
0.999990
0.999980
0.999995
0.999995
0.999990
0.999985
0.999865
0.999995
0.999955
0.999995
0.999995
0.999995
0.999980
0.999995
0.999690
0.999610
0.999975
0.999935
0.999685
0.999480
0.999995
0.999960
0.999995
0.999770
0.999885
0.999995
0.999995
0.999780
0.999995
0.999700
0.999995
0.999985
0.999990
0.999995
0.996330
0.999995
0.999940
0.999965
0.999990
0.999985
0.999995
0.999750
0.999995
0.999985
0.999995
0.999960
0.999300
0.999870
0.999980
0.999610
0.999980
0.999980
0.999995
0.999990
0.999990
0.999995
0.999985
0.999885
0.999900
0.999990
0.999965
0.999995
0.999440
0.999620
0.999975
0.999945
0.999995
0.999995
0.999455
0.999865
0.999990
0.999975
0.999970
0.999865
0.999995
0.999985
0.999990
0.999975
0.999995
0.999995
0.999995
0.999895
0.999990
0.999960
0.996275
0.999985
0.998925
0.999920
0.999860
0.999995
0.999995
0.999965
0.999925
0.999995
0.999995
0.999930
0.999795
0.999975
0.999975
0.999705
0.999880
0.999990
0.999550
0.999935
0.999995
0.999925
0.999975
0.999955
0.999770
0.999810
0.997040
0.999850
0.999900
0.999995
0.999995
0.999965
0.999925
0.999905
0.999825
0.999995
0.999940
0.999570
0.999960
0.999945
0.999970
0.999990
0.999935
0.999995
0.999765
0.999985
0.999980
0.999890
0.999905
0.999995
0.999860
0.999990
0.999835
0.999965
0.999945
