0.999995
0.999995
0.999905
0.994995
0.999995
0.999995
0.999995
0.999995
0.999980
0.999995
0.999995
0.999995
0.999980
0.999995
0.999995
0.999960
0.999915
0.999995
0.999995
0.999995
0.999995
0.999890
0.999995
0.999995
0.999995
0.999990
0.999970
0.999995
0.999995
0.999995
0.999995
0.999950
0.999995
0.999995
0.999975
0.999995
0.999925
0.999995
0.999970
0.999975
0.999930
0.999995
0.999995
0.999995
0.999995
0.999995
0.999965
0.999995
0.999850
0.999925
0.999985
0.999985
0.999990
0.999905
0.999995
0.999995
0.999995
0.999975
0.999995
0.999990
0.999995
0.999995
0.999980
0.999995
0.999995
0.999985
0.999990
0.999905
0.999995
0.999935
0.999995
0.999995
0.999995
0.999935
0.999995
0.999635
0.999645
0.999960
0.999925
0.999715
0.999480
0.999995
0.999960
0.999985
0.999700
0.999950
0.999995
0.999995
0.999825
0.999995
0.999710
0.999995
0.999990
0.999995
0.999980
0.996235
0.999995
0.999910
0.999960
0.999995
0.999995
0.999995
0.999795
0.999995
0.999980
0.999995
0.999975
0.999405
0.999815
0.999980
0.999695
0.999970
0.999980
0.999995
0.999995
0.999995
0.999995
0.999995
0.999920
0.999895
0.999990
0.999965
0.999995
0.999475
0.999625
0.999955
0.999960
0.999995
0.999995
0.999395
0.999765
0.999995
0.999955
0.999975
0.999865
0.999990
0.999985
0.999985
0.999980
0.999995
0.999995
0.999990
0.999905
0.999990
0.999940
0.996335
0.999995
0.998735
0.999905
0.999905
0.999995
0.999995
0.999980
0.999905
0.999980
0.999980
0.999950
0.999745
0.999985
0.999990
0.999645
0.999845
0.999990
0.999685
0.999950
0.999995
0.999880
0.999980
0.999955
0.999825
0.999770
0.997160
0.999850
0.999905
0.999990
0.999990
0.999965
0.999940
0.999955
0.999765
0.999995
0.999930
0.999535
0.999950
0.999925
0.999965
0.999985
0.999980
0.999995
0.999685
0.999990
0.999975
0.999855
0.999930
0.999990
0.999835
0.999980
0.999825
0.999970
0.999930
