1.000000
0.999995
0.999940
0.995000
1.000000
1.000000
1.000000
1.000000
1.000000
1.000000
1.000000
1.000000
0.999990
1.000000
1.000000
0.999980
0.999955
1.000000
1.000000
1.000000
1.000000
0.999925
1.000000
1.000000
1.000000
0.999995
0.999990
1.000000
0.999995
1.000000
1.000000
0.999920
1.000000
0.999995
1.000000
0.999985
0.999960
1.000000
0.999980
0.999980
0.999985
1.000000
1.000000
1.000000
1.000000
0.999995
0.999990
1.000000
0.999910
0.999910
0.999985
1.000000
0.999995
0.999915
1.000000
1.000000
1.000000
0.999995
1.000000
0.999980
1.000000
1.000000
0.999985
1.000000
1.000000
0.999995
0.999980
0.999920
1.000000
0.999935
1.000000
0.999985
1.000000
0.999955
1.000000
0.999630
0.999665
0.999965
0.999940
0.999635
0.999585
1.000000
0.999945
1.000000
0.999800
0.999935
1.000000
0.999995
0.999855
1.000000
0.999590
0.999995
0.999995
1.000000
0.999985
0.996485
1.000000
0.999915
0.999940
1.000000
0.999995
1.000000
0.999775
1.000000
0.999970
1.000000
0.999995
0.999595
0.999885
0.999990
0.999620
0.999990
0.999980
1.000000
1.000000
1.000000
0.999995
1.000000
0.999940
0.999910
0.999995
0.999985
1.000000
0.999355
0.999615
0.999975
0.999930
1.000000
0.999995
0.999400
0.999705
1.000000
0.999980
0.999975
0.999890
0.999995
0.999990
0.999990
0.999950
1.000000
1.000000
1.000000
0.999935
0.999990
0.999975
0.996365
0.999985
0.998940
0.999920
0.999920
0.999990
1.000000
0.999980
0.999910
0.999990
0.999970
0.999965
0.999745
0.999985
0.999985
0.999710
0.999825
0.999995
0.999575
0.999985
0.999995
0.999960
0.999980
0.999920
0.999795
0.999785
0.996980
0.999885
0.999905
0.999995
0.999995
0.999990
0.999970
0.999920
0.999780
1.000000
0.999925
0.999565
0.999950
0.999965
1.000000
1.000000
0.999980
1.000000
0.999675
0.999990
0.999990
0.999940
0.999890
1.000000
0.999840
0.999985
0.999745
0.999965
0.999945
