1.000000
1.000000
0.999945
0.995000
1.000000
1.000000
1.000000
1.000000
1.000000
1.000000
1.000000
1.000000
0.999980
1.000000
1.000000
0.999990
0.999965
1.000000
1.000000
1.000000
1.000000
0.999890
1.000000
1.000000
1.000000
1.000000
0.999995
1.000000
0.999985
1.000000
1.000000
0.999945
1.000000
0.999990
0.999995
0.999995
0.999925
1.000000
0.999980
0.999965
0.999980
1.000000
1.000000
0.999995
0.999995
1.000000
0.999975
1.000000
0.999890
0.999905
0.999985
1.000000
0.999995
0.999875
1.000000
1.000000
1.000000
0.999985
1.000000
0.999990
1.000000
0.999995
0.999975
1.000000
1.000000
0.999995
0.999975
0.999885
1.000000
0.999955
1.000000
0.999990
1.000000
0.999965
1.000000
0.999750
0.999560
0.999960
0.999910
0.999730
0.999520
0.999995
0.999990
1.000000
0.999705
0.999905
1.000000
1.000000
0.999880
1.000000
0.999625
0.999995
1.000000
1.000000
0.999965
0.996135
1.000000
0.999935
0.999945
1.000000
0.999995
1.000000
0.999795
0.999995
0.999970
1.000000
0.999975
0.999385
0.999855
0.999985
0.999640
0.999990
0.999985
1.000000
0.999995
0.999995
0.999990
1.000000
0.999945
0.999860
1.000000
0.999995
1.000000
0.999470
0.999640
0.999965
0.999895
1.000000
0.999995
0.999375
0.999695
1.000000
0.999975
0.999975
0.999810
1.000000
0.999995
0.999995
0.999970
1.000000
0.999990
0.999995
0.999960
0.999995
0.999960
0.996070
1.000000
0.998765
0.999880
0.999880
1.000000
0.999995
0.999990
0.999900
0.999990
0.999970
0.999930
0.999760
0.999995
0.999975
0.999710
0.999865
0.999980
0.999620
0.999950
1.000000
0.999935
0.999965
0.999950
0.999740
0.999815
0.997120
0.999880
0.999890
1.000000
0.999995
0.999960
0.999965
0.999935
0.999835
1.000000
0.999935
0.999575
0.999935
0.999945
0.999965
0.999995
0.999965
1.000000
0.999770
0.999995
0.999995
0.999925
0.999910
0.999995
0.999840
0.999990
0.999865
0.999975
0.999945
