1.000000
0.999995
0.999940
0.995000
1.000000
1.000000
1.000000
0.999995
1.000000
1.000000
1.000000
0.999995
0.999975
1.000000
1.000000
0.999985
0.999955
1.000000
0.999995
1.000000
1.000000
0.999905
1.000000
1.000000
1.000000
1.000000
0.999980
1.000000
0.999995
1.000000
1.000000
0.999935
1.000000
0.999995
0.999985
0.999990
0.999925
1.000000
0.999970
0.999990
0.999940
1.000000
1.000000
0.999995
1.000000
1.000000
0.999965
1.000000
0.999905
0.999885
0.999985
1.000000
1.000000
0.999905
1.000000
1.000000
1.000000
0.999970
1.000000
0.999980
1.000000
0.999995
0.999970
1.000000
1.000000
0.999995
0.999990
0.999855
1.000000
0.999925
1.000000
1.000000
1.000000
0.999965
1.000000
0.999740
0.999660
0.999965
0.999935
0.999720
0.999460
1.000000
0.999965
1.000000
0.999770
0.999915
0.999995
0.999995
0.999810
1.000000
0.999595
1.000000
0.999995
0.999995
0.999990
0.996460
1.000000
0.999915
0.999895
0.999990
0.999995
1.000000
0.999745
1.000000
0.999975
1.000000
0.999985
0.999440
0.999860
0.999985
0.999670
0.999985
0.999970
1.000000
0.999995
1.000000
1.000000
1.000000
0.999945
0.999855
1.000000
0.999980
1.000000
0.999560
0.999570
0.999975
0.999920
1.000000
0.999995
0.999435
0.999715
0.999995
0.999980
0.999945
0.999770
1.000000
0.999980
1.000000
0.999980
1.000000
0.999995
1.000000
0.999870
0.999985
0.999960
0.995965
0.999995
0.999015
0.999895
0.999835
1.000000
1.000000
0.999985
0.999905
0.999990
0.999980
0.999965
0.999765
0.999975
0.999980
0.999675
0.999855
1.000000
0.999660
0.999960
1.000000
0.999945
0.999960
0.999925
0.999805
0.999885
0.997170
0.999880
0.999895
1.000000
1.000000
0.999965
0.999940
0.999890
0.999815
1.000000
0.999875
0.999605
0.999950
0.999965
0.999990
0.999990
0.999960
0.999995
0.999670
1.000000
1.000000
0.999920
0.999880
0.999995
0.999855
0.999990
0.999820
0.999965
0.999920
