1.000000
0.999995
0.999920
0.995000
1.000000
1.000000
1.000000
1.000000
0.999990
1.000000
1.000000
1.000000
0.999970
1.000000
1.000000
0.999990
0.999925
1.000000
1.000000
1.000000
1.000000
0.999890
1.000000
1.000000
1.000000
1.000000
1.000000
1.000000
0.999995
0.999995
1.000000
0.999910
1.000000
0.999985
0.999990
0.999975
0.999925
1.000000
0.999980
0.999995
0.999975
1.000000
1.000000
1.000000
1.000000
1.000000
0.999975
1.000000
0.999890
0.999865
0.999995
0.999995
1.000000
0.999900
1.000000
1.000000
1.000000
0.999980
1.000000
0.999990
1.000000
1.000000
0.999970
1.000000
1.000000
1.000000
0.999995
0.999855
1.000000
0.999930
1.000000
0.999990
1.000000
0.999980
0.999990
0.999745
0.999740
0.999965
0.999950
0.999600
0.999495
1.000000
0.999955
0.999995
0.999720
0.999935
1.000000
1.000000
0.999775
0.999995
0.999600
1.000000
1.000000
0.999995
0.999985
0.996335
1.000000
0.999940
0.999950
0.999990
0.999990
1.000000
0.999815
1.000000
0.999975
1.000000
0.999980
0.999480
0.999845
0.999990
0.999685
0.999995
0.999990
1.000000
0.999995
1.000000
0.999990
0.999995
0.999930
0.999955
0.999995
0.999980
1.000000
0.999435
0.999650
0.999970
0.999935
1.000000
0.999995
0.999440
0.999780
1.000000
0.999970
0.999975
0.999760
0.999995
0.999990
0.999990
0.999985
1.000000
0.999990
1.000000
0.999890
0.999985
0.999930
0.996170
0.999990
0.998760
0.999855
0.999910
0.999995
0.999995
0.999955
0.999925
0.999995
0.999975
0.999960
0.999810
0.999980
0.999990
0.999760
0.999855
0.999995
0.999690
0.999955
1.000000
0.999955
0.999975
0.999935
0.999740
0.999825
0.997055
0.999850
0.999920
1.000000
1.000000
0.999970
0.999920
0.999925
0.999835
1.000000
0.999900
0.999565
0.999985
0.999925
0.999980
0.999990
0.999985
1.000000
0.999830
0.999980
0.999995
0.999910
0.999900
1.000000
0.999855
0.999980
0.999870
0.999970
0.999935
