1.000000
0.999990
0.999940
0.995000
1.000000
1.000000
1.000000
0.999990
0.999995
1.000000
1.000000
1.000000
0.999985
1.000000
1.000000
0.999995
0.999955
1.000000
1.000000
1.000000
1.000000
0.999860
1.000000
1.000000
1.000000
1.000000
0.999990
1.000000
0.999980
1.000000
0.999995
0.999950
1.000000
0.999995
0.999990
0.999995
0.999900
1.000000
0.999970
0.999985
0.999940
1.000000
1.000000
1.000000
1.000000
1.000000
0.999975
1.000000
0.999865
0.999895
0.999995
1.000000
0.999995
0.999910
1.000000
1.000000
1.000000
0.999995
1.000000
0.999995
1.000000
1.000000
0.999975
1.000000
1.000000
1.000000
0.999985
0.999875
1.000000
0.999955
1.000000
1.000000
1.000000
0.999965
1.000000
0.999615
0.999630
0.999955
0.999925
0.999640
0.999435
0.999995
0.999970
1.000000
0.999715
0.999930
1.000000
1.000000
0.999845
0.999995
0.999675
1.000000
1.000000
1.000000
0.999995
0.996400
1.000000
0.999930
0.999955
0.999995
0.999970
1.000000
0.999775
1.000000
0.999980
1.000000
0.999985
0.999435
0.999880
0.999990
0.999630
0.999995
0.999995
0.999995
0.999985
1.000000
0.999995
1.000000
0.999965
0.999865
1.000000
0.999965
1.000000
0.999390
0.999655
0.999975
0.999975
1.000000
0.999995
0.999390
0.999790
1.000000
0.999990
0.999965
0.999855
1.000000
0.999985
0.999985
0.999960
1.000000
1.000000
0.999995
0.999900
0.999995
0.999930
0.996140
0.999980
0.998810
0.999895
0.999900
1.000000
1.000000
0.999970
0.999930
0.999985
0.999975
0.999970
0.999750
0.999975
0.999995
0.999770
0.999805
0.999995
0.999710
0.999945
1.000000
0.999935
0.999975
0.999950
0.999795
0.999800
0.997315
0.999865
0.999870
0.999995
0.999995
0.999970
0.999945
0.999930
0.999795
1.000000
0.999900
0.999675
0.999915
0.999945
0.999985
0.999995
0.999970
1.000000
0.999705
1.000000
1.000000
0.999870
0.999885
0.999995
0.999825
0.999975
0.999840
0.999970
0.999945
