1.000000
0.999990
0.999930
0.995000
1.000000
1.000000
1.000000
1.000000
0.999990
1.000000
1.000000
1.000000
0.999995
1.000000
1.000000
0.999985
0.999940
1.000000
1.000000
1.000000
1.000000
0.999890
1.000000
1.000000
1.000000
0.999995
0.999995
1.000000
0.999990
0.999995
1.000000
0.999950
1.000000
1.000000
0.999985
1.000000
0.999905
1.000000
0.999975
0.999965
0.999970
1.000000
1.000000
1.000000
1.000000
1.000000
0.999960
1.000000
0.999890
0.999900
0.999995
1.000000
1.000000
0.999920
1.000000
1.000000
1.000000
0.999965
1.000000
0.999985
1.000000
1.000000
0.999970
1.000000
1.000000
0.999995
0.999990
0.999905
1.000000
0.999930
1.000000
0.999995
1.000000
0.999975
1.000000
0.999755
0.999650
0.999940
0.999955
0.999605
0.999455
0.999995
0.999975
1.000000
0.999690
0.999940
1.000000
1.000000
0.999800
0.999990
0.999620
0.999995
1.000000
1.000000
1.000000
0.996025
1.000000
0.999945
0.999935
0.999990
0.999990
1.000000
0.999805
1.000000
0.999990
1.000000
0.999995
0.999450
0.999885
0.999995
0.999625
0.999985
0.999995
0.999995
0.999995
1.000000
1.000000
0.999995
0.999905
0.999870
1.000000
0.999985
0.999995
0.999455
0.999605
0.999965
0.999950
1.000000
1.000000
0.999330
0.999765
1.000000
0.999975
0.999965
0.999805
1.000000
0.999990
1.000000
0.999970
1.000000
0.999995
0.999985
0.999935
1.000000
0.999970
0.996210
0.999985
0.998740
0.999915
0.999845
1.000000
0.999990
0.999915
0.999900
0.999995
0.999985
0.999950
0.999725
0.999985
0.999995
0.999675
0.999875
0.999995
0.999585
0.999975
1.000000
0.999935
0.999975
0.999910
0.999785
0.999795
0.997325
0.999895
0.999960
0.999995
0.999990
0.999970
0.999920
0.999930
0.999780
1.000000
0.999915
0.999625
0.999960
0.999935
0.999975
1.000000
0.999970
0.999995
0.999785
0.999990
1.000000
0.999900
0.999925
0.999990
0.999815
0.999990
0.999810
0.999950
0.999930
