1.000000
0.999995
0.999935
0.995000
1.000000
1.000000
1.000000
1.000000
1.000000
1.000000
1.000000
1.000000
0.999970
1.000000
1.000000
0.999990
0.999950
1.000000
1.000000
1.000000
1.000000
0.999845
1.000000
1.000000
1.000000
1.000000
0.999985
1.000000
0.999995
0.999990
0.999990
0.999925
1.000000
1.000000
0.999995
1.000000
0.999950
1.000000
0.999980
0.999985
0.999975
1.000000
1.000000
0.999995
1.000000
1.000000
0.999970
1.000000
0.999885
0.999860
1.000000
1.000000
1.000000
0.999875
1.000000
1.000000
1.000000
0.999985
1.000000
0.999980
1.000000
1.000000
0.999995
1.000000
1.000000
0.999995
0.999995
0.999860
1.000000
0.999945
1.000000
0.999995
1.000000
0.999980
0.999995
0.999625
0.999645
0.999990
0.999945
0.999660
0.999620
0.999995
0.999955
0.999995
0.999695
0.999945
1.000000
0.999995
0.999860
1.000000
0.999635
0.999995
1.000000
1.000000
0.999985
0.996540
1.000000
0.999940
0.999955
0.999995
0.999990
0.999995
0.999755
1.000000
0.999980
1.000000
0.999960
0.999440
0.999845
0.999985
0.999710
0.999975
0.999995
1.000000
0.999990
0.999995
0.999995
1.000000
0.999910
0.999855
0.999995
0.999970
1.000000
0.999500
0.999635
0.999980
0.999975
1.000000
0.999995
0.999440
0.999700
1.000000
0.999980
0.999990
0.999840
0.999995
1.000000
1.000000
0.999985
1.000000
0.999990
0.999995
0.999895
0.999990
0.999975
0.996405
1.000000
0.998915
0.999930
0.999905
0.999995
0.999990
0.999975
0.999915
0.999990
0.999975
0.999940
0.999810
1.000000
0.999985
0.999740
0.999815
1.000000
0.999595
0.999980
1.000000
0.999935
0.999965
0.999945
0.999730
0.999815
0.996980
0.999880
0.999920
0.999995
1.000000
0.999960
0.999935
0.999905
0.999775
1.000000
0.999905
0.999540
0.999955
0.999940
0.999980
0.999990
0.999975
1.000000
0.999720
1.000000
1.000000
0.999910
0.999895
0.999995
0.999840
0.999990
0.999785
0.999965
0.999965
