0.373000
0.372000
0.372000
0.350000
0.388000
0.381000
0.354000
0.371000
0.339000
0.369000
0.358000
0.396000
0.370000
0.358000
0.373000
0.360000
0.375000
0.359000
0.355000
0.391000
0.370000
0.358000
0.363000
0.359000
0.368000
0.346000
0.352000
0.380000
0.383000
0.379000
0.363000
0.350000
0.385000
0.350000
0.378000
0.391000
0.376000
0.375000
0.373000
0.358000
0.364000
0.400000
0.354000
0.334000
0.346000
0.358000
0.355000
0.373000
0.357000
0.364000
0.369000
0.350000
0.371000
0.374000
0.389000
0.356000
0.349000
0.375000
0.369000
0.380000
0.383000
0.345000
0.359000
0.358000
0.370000
0.363000
0.375000
0.339000
0.352000
0.365000
0.393000
0.355000
0.357000
0.387000
0.372000
0.365000
0.349000
0.368000
0.382000
0.376000
0.369000
0.358000
0.371000
0.364000
0.343000
0.362000
0.375000
0.370000
0.389000
0.356000
0.354000
0.344000
0.340000
0.358000
0.353000
0.370000
0.369000
0.379000
0.370000
0.376000
0.388000
0.361000
0.389000
0.369000
0.373000
0.392000
0.354000
0.351000
0.370000
0.384000
0.338000
0.354000
0.356000
0.357000
0.370000
0.357000
0.387000
0.348000
0.362000
0.359000
0.387000
0.358000
0.371000
0.347000
0.356000
0.401000
0.363000
0.371000
0.358000
0.344000
0.404000
0.358000
0.339000
0.373000
0.392000
0.352000
0.366000
0.341000
0.324000
0.362000
0.362000
0.418000
0.345000
0.361000
0.379000
0.373000
0.392000
0.346000
0.380000
0.367000
0.343000
0.373000
0.396000
0.375000
0.352000
0.325000
0.368000
0.390000
0.342000
0.355000
0.367000
0.368000
0.346000
0.361000
0.341000
0.344000
0.367000
0.361000
0.378000
0.352000
0.364000
0.369000
0.340000
0.362000
0.393000
0.364000
0.361000
0.370000
0.364000
0.379000
0.355000
0.358000
0.355000
0.354000
0.366000
0.400000
0.391000
0.329000
0.361000
0.375000
0.378000
0.347000
0.366000
0.351000
0.373000
0.368000
0.361000
0.380000
0.372000
0.352000
