1.000000
1.000000
1.000000
1.000000
1.000000
1.000000
1.000000
1.000000
1.000000
1.000000
1.000000
1.000000
1.000000
1.000000
1.000000
1.000000
1.000000
1.000000
1.000000
1.000000
1.000000
0.994000
1.000000
0.998000
1.000000
0.996000
0.999000
1.000000
0.999000
1.000000
0.999000
1.000000
1.000000
0.999000
0.950000
1.000000
0.944000
1.000000
1.000000
1.000000
0.925000
1.000000
1.000000
1.000000
1.000000
1.000000
0.999000
1.000000
0.950000
0.940000
0.944000
1.000000
1.000000
0.937000
1.000000
0.998000
1.000000
1.000000
1.000000
1.000000
1.000000
0.999000
0.995000
1.000000
1.000000
0.999000
0.990000
0.993000
1.000000
0.950000
1.000000
1.000000
1.000000
1.000000
0.999000
0.942000
0.999000
0.953000
0.998000
0.988000
0.929000
0.999000
0.993000
0.989000
0.996000
0.955000
1.000000
0.998000
0.992000
1.000000
0.994000
1.000000
1.000000
1.000000
0.999000
0.000000
1.000000
0.949000
0.999000
0.946000
1.000000
1.000000
0.999000
1.000000
0.945000
1.000000
0.996000
0.995000
0.930000
1.000000
0.947000
0.998000
1.000000
0.994000
0.998000
1.000000
0.940000
0.995000
0.947000
0.990000
1.000000
0.999000
0.999000
0.987000
0.995000
0.991000
0.939000
1.000000
0.939000
0.989000
0.925000
0.938000
0.896000
1.000000
0.991000
0.997000
1.000000
1.000000
0.996000
1.000000
0.992000
0.999000
0.995000
0.999000
0.988000
0.950000
0.989000
0.886000
0.946000
0.989000
0.944000
1.000000
0.919000
0.997000
0.995000
0.989000
0.998000
0.991000
0.994000
0.996000
0.991000
0.937000
0.938000
0.997000
0.945000
1.000000
0.943000
0.999000
0.938000
0.931000
0.939000
0.943000
0.932000
0.944000
0.998000
0.999000
0.993000
0.992000
0.994000
0.991000
0.988000
0.996000
0.993000
0.914000
0.963000
0.994000
0.993000
0.951000
0.997000
0.998000
0.989000
0.996000
0.939000
0.993000
0.995000
0.948000
0.996000
0.921000
0.994000
0.995000
