1.000000
1.000000
1.000000
1.000000
1.000000
1.000000
1.000000
1.000000
1.000000
1.000000
1.000000
1.000000
1.000000
1.000000
1.000000
1.000000
1.000000
1.000000
1.000000
1.000000
1.000000
0.993000
1.000000
1.000000
1.000000
0.997000
0.999000
1.000000
0.999000
1.000000
0.999000
1.000000
1.000000
0.999000
0.938000
1.000000
0.959000
1.000000
0.999000
1.000000
0.939000
1.000000
0.999000
1.000000
0.999000
1.000000
1.000000
0.999000
0.944000
0.937000
0.934000
1.000000
0.997000
0.930000
1.000000
1.000000
1.000000
1.000000
1.000000
0.999000
1.000000
1.000000
0.993000
1.000000
0.999000
1.000000
0.996000
0.995000
1.000000
0.944000
1.000000
1.000000
1.000000
0.998000
0.999000
0.935000
1.000000
0.933000
1.000000
0.994000
0.935000
0.999000
0.992000
0.991000
0.996000
0.955000
1.000000
1.000000
0.992000
1.000000
0.997000
0.998000
1.000000
0.999000
1.000000
0.000000
1.000000
0.946000
0.998000
0.935000
1.000000
0.999000
0.995000
1.000000
0.943000
1.000000
0.996000
0.994000
0.930000
1.000000
0.926000
0.997000
1.000000
0.994000
0.996000
1.000000
0.942000
0.995000
0.953000
0.993000
0.998000
1.000000
0.998000
0.992000
0.995000
0.990000
0.926000
1.000000
0.926000
0.996000
0.939000
0.941000
0.909000
1.000000
0.994000
0.995000
0.999000
1.000000
0.994000
1.000000
0.989000
0.999000
0.996000
1.000000
0.990000
0.949000
0.995000
0.883000
0.930000
0.996000
0.933000
1.000000
0.921000
0.993000
0.998000
0.996000
0.995000
0.993000
0.995000
0.996000
0.999000
0.934000
0.941000
0.997000
0.938000
1.000000
0.956000
0.997000
0.932000
0.916000
0.927000
0.950000
0.941000
0.936000
0.998000
0.998000
0.996000
0.994000
0.997000
0.997000
0.997000
0.995000
0.993000
0.923000
0.944000
0.995000
0.997000
0.936000
0.997000
0.996000
0.997000
0.995000
0.944000
0.992000
0.999000
0.951000
0.995000
0.930000
0.996000
1.000000
