1.000000
1.000000
1.000000
1.000000
1.000000
1.000000
1.000000
1.000000
1.000000
1.000000
1.000000
1.000000
1.000000
1.000000
1.000000
1.000000
1.000000
1.000000
1.000000
1.000000
1.000000
0.994000
1.000000
1.000000
1.000000
0.997000
1.000000
1.000000
1.000000
1.000000
0.999000
1.000000
1.000000
0.998000
0.948000
1.000000
0.929000
1.000000
0.999000
0.999000
0.935000
1.000000
1.000000
1.000000
1.000000
1.000000
0.999000
1.000000
0.935000
0.949000
0.939000
1.000000
0.998000
0.938000
1.000000
0.999000
1.000000
1.000000
1.000000
0.999000
1.000000
1.000000
0.990000
1.000000
1.000000
1.000000
0.992000
0.996000
1.000000
0.933000
1.000000
1.000000
1.000000
0.999000
0.999000
0.926000
1.000000
0.950000
0.999000
0.996000
0.945000
1.000000
0.994000
0.994000
0.994000
0.954000
1.000000
1.000000
0.995000
1.000000
0.993000
1.000000
1.000000
0.999000
1.000000
0.000000
1.000000
0.958000
1.000000
0.939000
1.000000
0.999000
0.994000
1.000000
0.948000
1.000000
0.997000
0.994000
0.922000
1.000000
0.926000
1.000000
1.000000
0.996000
0.995000
1.000000
0.945000
0.993000
0.950000
0.990000
1.000000
1.000000
1.000000
0.994000
0.996000
0.988000
0.923000
1.000000
0.923000
0.996000
0.935000
0.946000
0.910000
1.000000
0.995000
0.995000
1.000000
0.998000
0.998000
1.000000
0.993000
1.000000
0.997000
1.000000
0.993000
0.941000
0.989000
0.888000
0.940000
0.992000
0.940000
1.000000
0.926000
0.993000
0.998000
0.992000
0.997000
0.996000
0.995000
0.995000
0.998000
0.952000
0.946000
0.992000
0.948000
1.000000
0.956000
0.995000
0.939000
0.917000
0.923000
0.941000
0.938000
0.946000
0.992000
0.997000
0.994000
0.998000
0.995000
0.997000
0.995000
0.996000
0.988000
0.939000
0.949000
0.998000
0.994000
0.947000
0.993000
0.996000
0.997000
0.997000
0.959000
0.996000
0.995000
0.956000
0.999000
0.915000
0.993000
0.996000
