1.000000
1.000000
1.000000
1.000000
1.000000
1.000000
1.000000
1.000000
1.000000
1.000000
1.000000
1.000000
1.000000
1.000000
1.000000
1.000000
1.000000
1.000000
1.000000
1.000000
1.000000
0.995000
1.000000
1.000000
1.000000
0.998000
1.000000
1.000000
1.000000
0.997000
0.999000
1.000000
1.000000
1.000000
0.952000
1.000000
0.958000
1.000000
1.000000
0.999000
0.954000
1.000000
1.000000
1.000000
1.000000
1.000000
1.000000
1.000000
0.937000
0.959000
0.933000
1.000000
0.999000
0.957000
1.000000
1.000000
1.000000
0.999000
1.000000
1.000000
1.000000
0.999000
0.997000
1.000000
1.000000
1.000000
0.991000
0.992000
1.000000
0.937000
1.000000
1.000000
1.000000
0.999000
1.000000
0.943000
0.999000
0.947000
1.000000
0.992000
0.942000
0.999000
0.986000
0.997000
0.994000
0.965000
1.000000
0.999000
0.989000
0.999000
0.995000
1.000000
1.000000
0.999000
1.000000
0.000000
1.000000
0.938000
0.998000
0.948000
1.000000
1.000000
0.993000
1.000000
0.952000
1.000000
0.999000
0.992000
0.938000
0.999000
0.921000
1.000000
0.999000
0.996000
0.997000
1.000000
0.935000
0.996000
0.950000
0.996000
1.000000
1.000000
1.000000
0.994000
0.997000
0.992000
0.922000
1.000000
0.922000
0.996000
0.956000
0.928000
0.890000
0.999000
0.989000
0.997000
1.000000
1.000000
0.991000
1.000000
0.991000
0.999000
0.999000
1.000000
0.992000
0.947000
0.993000
0.885000
0.930000
0.991000
0.934000
1.000000
0.920000
0.995000
0.997000
0.996000
0.997000
0.994000
1.000000
0.996000
0.991000
0.928000
0.928000
0.993000
0.925000
1.000000
0.949000
0.996000
0.934000
0.903000
0.922000
0.952000
0.920000
0.961000
0.998000
0.999000
0.992000
0.993000
0.995000
0.995000
0.997000
0.996000
0.993000
0.944000
0.944000
0.999000
0.994000
0.945000
0.997000
0.993000
0.992000
0.996000
0.947000
0.989000
0.993000
0.944000
0.998000
0.928000
0.995000
0.995000
