1.000000
1.000000
1.000000
1.000000
1.000000
1.000000
1.000000
1.000000
1.000000
1.000000
1.000000
1.000000
1.000000
1.000000
1.000000
1.000000
1.000000
1.000000
1.000000
1.000000
1.000000
0.995000
1.000000
1.000000
1.000000
0.995000
1.000000
1.000000
0.999000
0.999000
1.000000
1.000000
1.000000
1.000000
0.958000
1.000000
0.955000
1.000000
1.000000
0.998000
0.926000
1.000000
0.998000
1.000000
1.000000
1.000000
0.999000
1.000000
0.923000
0.944000
0.934000
1.000000
0.998000
0.925000
1.000000
1.000000
0.998000
0.999000
1.000000
1.000000
0.999000
0.999000
0.996000
1.000000
1.000000
1.000000
0.991000
0.997000
1.000000
0.923000
1.000000
0.997000
1.000000
1.000000
1.000000
0.930000
0.999000
0.955000
0.999000
0.994000
0.937000
0.999000
0.994000
0.992000
0.997000
0.953000
1.000000
0.999000
0.998000
1.000000
0.994000
1.000000
1.000000
0.999000
1.000000
0.000000
1.000000
0.959000
0.998000
0.944000
1.000000
0.998000
0.995000
1.000000
0.946000
1.000000
0.999000
0.993000
0.932000
0.998000
0.944000
0.999000
0.998000
0.994000
0.999000
1.000000
0.939000
0.993000
0.952000
0.992000
1.000000
1.000000
1.000000
0.991000
0.995000
0.992000
0.918000
1.000000
0.918000
0.997000
0.926000
0.945000
0.917000
1.000000
0.988000
0.997000
1.000000
0.999000
0.994000
1.000000
0.992000
0.999000
0.996000
1.000000
0.995000
0.932000
0.995000
0.889000
0.923000
0.991000
0.946000
1.000000
0.934000
0.994000
0.996000
0.990000
0.994000
0.993000
0.998000
0.997000
0.990000
0.927000
0.945000
0.991000
0.940000
1.000000
0.925000
0.996000
0.929000
0.924000
0.918000
0.952000
0.932000
0.955000
0.995000
0.999000
0.996000
0.994000
0.994000
0.999000
0.998000
0.997000
0.993000
0.927000
0.937000
0.997000
1.000000
0.934000
0.996000
0.996000
0.994000
0.998000
0.947000
0.995000
0.997000
0.954000
0.997000
0.931000
0.991000
0.991000
