1.000000
1.000000
1.000000
1.000000
1.000000
1.000000
1.000000
1.000000
1.000000
1.000000
1.000000
1.000000
1.000000
1.000000
1.000000
1.000000
1.000000
1.000000
1.000000
1.000000
1.000000
0.997000
1.000000
0.999000
1.000000
0.998000
1.000000
1.000000
1.000000
0.999000
1.000000
1.000000
1.000000
0.999000
0.952000
1.000000
0.939000
1.000000
1.000000
1.000000
0.921000
1.000000
0.999000
0.998000
1.000000
1.000000
1.000000
0.999000
0.932000
0.952000
0.933000
1.000000
1.000000
0.942000
1.000000
0.999000
0.999000
0.999000
1.000000
1.000000
1.000000
1.000000
0.998000
1.000000
1.000000
1.000000
0.996000
0.995000
1.000000
0.932000
1.000000
1.000000
1.000000
0.998000
1.000000
0.935000
0.996000
0.950000
0.997000
0.986000
0.934000
1.000000
0.991000
0.993000
0.996000
0.939000
1.000000
1.000000
0.993000
1.000000
0.994000
1.000000
1.000000
0.999000
1.000000
0.000000
1.000000
0.950000
0.999000
0.937000
1.000000
1.000000
0.997000
1.000000
0.949000
1.000000
0.996000
0.995000
0.936000
0.999000
0.934000
1.000000
1.000000
0.996000
0.998000
1.000000
0.938000
0.994000
0.941000
0.990000
0.998000
0.998000
0.999000
0.994000
0.995000
0.994000
0.935000
1.000000
0.935000
0.986000
0.922000
0.939000
0.899000
1.000000
0.990000
0.998000
1.000000
1.000000
0.992000
1.000000
0.992000
1.000000
0.998000
1.000000
0.995000
0.939000
0.997000
0.891000
0.934000
0.997000
0.928000
1.000000
0.915000
0.994000
0.999000
0.993000
0.995000
0.993000
0.996000
0.994000
0.994000
0.944000
0.939000
0.998000
0.942000
1.000000
0.937000
0.996000
0.932000
0.913000
0.935000
0.945000
0.944000
0.946000
0.997000
0.993000
0.998000
0.996000
0.997000
0.994000
0.994000
0.996000
0.989000
0.927000
0.927000
0.998000
0.997000
0.941000
0.997000
0.994000
0.994000
0.999000
0.959000
0.994000
0.998000
0.949000
0.999000
0.930000
0.993000
0.993000
