1.000000
1.000000
1.000000
1.000000
1.000000
1.000000
1.000000
1.000000
1.000000
1.000000
1.000000
1.000000
1.000000
1.000000
1.000000
1.000000
1.000000
1.000000
1.000000
1.000000
1.000000
0.995000
1.000000
1.000000
0.999000
0.994000
1.000000
1.000000
1.000000
0.999000
1.000000
1.000000
1.000000
1.000000
0.949000
0.999000
0.930000
1.000000
0.999000
1.000000
0.929000
1.000000
1.000000
1.000000
1.000000
1.000000
0.999000
1.000000
0.918000
0.955000
0.942000
1.000000
0.998000
0.943000
1.000000
1.000000
1.000000
0.999000
1.000000
1.000000
1.000000
1.000000
0.995000
1.000000
1.000000
1.000000
0.990000
0.995000
1.000000
0.918000
1.000000
0.998000
1.000000
0.997000
1.000000
0.930000
0.999000
0.961000
0.998000
0.993000
0.949000
0.999000
0.994000
0.994000
0.995000
0.958000
1.000000
1.000000
0.999000
1.000000
0.991000
1.000000
1.000000
1.000000
1.000000
0.000000
1.000000
0.950000
1.000000
0.936000
1.000000
0.999000
0.996000
1.000000
0.949000
1.000000
0.996000
0.990000
0.936000
1.000000
0.944000
1.000000
0.999000
0.994000
0.991000
1.000000
0.947000
0.995000
0.959000
0.988000
1.000000
1.000000
0.998000
0.992000
0.999000
0.991000
0.936000
1.000000
0.936000
0.996000
0.930000
0.935000
0.920000
1.000000
0.993000
0.995000
1.000000
0.999000
0.993000
1.000000
0.997000
0.999000
0.997000
1.000000
0.994000
0.949000
0.995000
0.868000
0.935000
0.998000
0.944000
1.000000
0.911000
0.997000
0.996000
0.993000
0.993000
0.990000
0.998000
0.997000
0.997000
0.932000
0.935000
0.996000
0.940000
1.000000
0.947000
0.998000
0.931000
0.929000
0.936000
0.946000
0.938000
0.943000
0.994000
0.996000
0.996000
0.992000
0.994000
0.996000
0.994000
0.997000
0.995000
0.934000
0.939000
0.997000
0.995000
0.941000
1.000000
0.996000
0.998000
0.995000
0.957000
0.994000
0.992000
0.960000
0.996000
0.921000
0.994000
0.998000
