1.000000
1.000000
1.000000
1.000000
1.000000
1.000000
1.000000
1.000000
1.000000
1.000000
1.000000
1.000000
1.000000
1.000000
1.000000
1.000000
1.000000
1.000000
1.000000
1.000000
1.000000
0.999000
1.000000
1.000000
1.000000
0.998000
1.000000
1.000000
0.999000
0.999000
0.999000
1.000000
1.000000
1.000000
0.946000
1.000000
0.933000
0.999000
1.000000
1.000000
0.940000
1.000000
1.000000
0.999000
1.000000
1.000000
1.000000
1.000000
0.944000
0.963000
0.925000
1.000000
0.998000
0.937000
1.000000
1.000000
1.000000
1.000000
1.000000
0.999000
1.000000
0.999000
0.993000
1.000000
1.000000
1.000000
0.995000
0.997000
1.000000
0.944000
1.000000
1.000000
1.000000
0.999000
1.000000
0.934000
1.000000
0.943000
0.998000
0.996000
0.949000
1.000000
0.991000
0.995000
0.993000
0.967000
1.000000
1.000000
0.993000
1.000000
0.997000
0.995000
1.000000
1.000000
1.000000
0.000000
1.000000
0.951000
1.000000
0.948000
1.000000
1.000000
0.996000
1.000000
0.944000
1.000000
0.995000
0.997000
0.933000
0.999000
0.947000
1.000000
0.999000
0.995000
0.994000
1.000000
0.936000
0.991000
0.952000
0.993000
1.000000
1.000000
0.998000
0.990000
0.996000
0.987000
0.949000
1.000000
0.949000
0.994000
0.940000
0.944000
0.909000
1.000000
0.993000
0.996000
1.000000
1.000000
0.995000
1.000000
0.994000
1.000000
0.998000
0.999000
0.982000
0.933000
0.996000
0.885000
0.932000
0.997000
0.953000
0.999000
0.907000
0.997000
0.994000
0.986000
0.995000
0.990000
0.996000
0.996000
0.997000
0.940000
0.944000
0.997000
0.940000
1.000000
0.940000
0.996000
0.950000
0.923000
0.949000
0.946000
0.923000
0.949000
0.997000
0.997000
0.997000
0.995000
0.996000
0.998000
0.993000
0.995000
0.993000
0.944000
0.939000
0.998000
0.998000
0.939000
0.999000
0.993000
0.993000
0.995000
0.941000
0.992000
0.993000
0.948000
0.999000
0.937000
0.992000
0.991000
