1.000000
1.000000
1.000000
1.000000
1.000000
1.000000
1.000000
1.000000
1.000000
1.000000
1.000000
1.000000
1.000000
1.000000
1.000000
1.000000
1.000000
1.000000
1.000000
1.000000
1.000000
0.995000
1.000000
1.000000
1.000000
0.998000
1.000000
1.000000
1.000000
0.999000
0.999000
1.000000
1.000000
1.000000
0.951000
1.000000
0.950000
1.000000
0.999000
0.998000
0.936000
1.000000
1.000000
1.000000
1.000000
1.000000
0.999000
0.999000
0.924000
0.957000
0.946000
1.000000
0.999000
0.937000
1.000000
1.000000
0.998000
1.000000
1.000000
0.998000
1.000000
1.000000
0.997000
1.000000
1.000000
0.999000
0.997000
0.995000
1.000000
0.924000
1.000000
0.998000
1.000000
1.000000
1.000000
0.941000
0.999000
0.941000
0.998000
0.993000
0.940000
0.999000
0.996000
0.996000
0.997000
0.956000
1.000000
0.999000
0.996000
1.000000
0.993000
0.999000
1.000000
1.000000
1.000000
0.000000
1.000000
0.948000
1.000000
0.947000
1.000000
1.000000
0.996000
1.000000
0.947000
1.000000
0.998000
0.993000
0.926000
0.999000
0.934000
1.000000
0.999000
0.998000
0.998000
1.000000
0.953000
0.994000
0.948000
0.994000
1.000000
0.999000
1.000000
0.993000
0.993000
0.993000
0.932000
1.000000
0.932000
0.993000
0.937000
0.939000
0.903000
0.999000
0.995000
0.995000
1.000000
1.000000
0.994000
1.000000
0.999000
1.000000
0.994000
0.999000
0.992000
0.940000
0.993000
0.897000
0.921000
0.995000
0.939000
1.000000
0.925000
0.994000
0.998000
0.987000
0.997000
0.996000
0.995000
0.996000
0.994000
0.944000
0.939000
0.993000
0.916000
1.000000
0.954000
0.998000
0.934000
0.929000
0.932000
0.939000
0.942000
0.938000
0.994000
0.995000
0.995000
0.990000
0.999000
0.992000
0.994000
0.993000
0.991000
0.948000
0.941000
0.998000
0.996000
0.952000
0.999000
0.996000
0.988000
0.997000
0.961000
0.997000
0.993000
0.936000
0.997000
0.924000
0.995000
0.995000
