1.000000
1.000000
1.000000
1.000000
1.000000
1.000000
1.000000
1.000000
1.000000
1.000000
1.000000
1.000000
1.000000
1.000000
1.000000
1.000000
1.000000
1.000000
1.000000
1.000000
1.000000
0.996000
1.000000
1.000000
1.000000
0.992000
1.000000
1.000000
0.997000
1.000000
1.000000
1.000000
1.000000
1.000000
0.947000
1.000000
0.960000
1.000000
0.999000
0.999000
0.934000
1.000000
0.999000
1.000000
1.000000
0.999000
1.000000
1.000000
0.935000
0.947000
0.929000
1.000000
1.000000
0.938000
1.000000
1.000000
0.999000
1.000000
1.000000
1.000000
1.000000
0.999000
0.997000
1.000000
1.000000
0.998000
0.992000
0.996000
1.000000
0.935000
1.000000
1.000000
1.000000
0.999000
1.000000
0.934000
0.999000
0.953000
0.999000
0.993000
0.932000
0.999000
0.992000
0.997000
0.997000
0.945000
1.000000
0.999000
0.995000
1.000000
0.991000
0.999000
1.000000
1.000000
1.000000
0.000000
1.000000
0.938000
1.000000
0.950000
1.000000
0.999000
0.997000
1.000000
0.948000
1.000000
0.992000
0.992000
0.913000
0.999000
0.923000
1.000000
1.000000
0.995000
0.995000
1.000000
0.934000
0.995000
0.954000
0.994000
0.999000
1.000000
1.000000
0.997000
0.997000
0.997000
0.938000
1.000000
0.938000
0.995000
0.934000
0.928000
0.922000
1.000000
0.996000
0.997000
1.000000
1.000000
0.993000
1.000000
0.995000
0.999000
0.998000
0.999000
0.992000
0.943000
0.996000
0.909000
0.938000
0.993000
0.929000
1.000000
0.922000
0.997000
0.998000
0.993000
0.991000
0.996000
0.998000
0.997000
0.995000
0.940000
0.928000
0.994000
0.931000
1.000000
0.940000
0.994000
0.933000
0.925000
0.938000
0.962000
0.924000
0.948000
0.997000
0.997000
0.995000
0.995000
0.992000
0.998000
0.994000
0.997000
0.991000
0.949000
0.940000
0.999000
0.997000
0.934000
0.996000
0.997000
0.996000
0.996000
0.948000
0.996000
0.998000
0.944000
0.998000
0.929000
0.990000
0.997000
