1.000000
1.000000
1.000000
1.000000
1.000000
1.000000
1.000000
1.000000
1.000000
1.000000
1.000000
1.000000
1.000000
1.000000
1.000000
1.000000
1.000000
1.000000
1.000000
1.000000
1.000000
0.998000
1.000000
0.998000
1.000000
0.995000
0.999000
1.000000
0.997000
0.999000
1.000000
1.000000
1.000000
0.999000
0.955000
1.000000
0.946000
1.000000
0.998000
0.999000
0.928000
1.000000
0.999000
1.000000
1.000000
1.000000
1.000000
1.000000
0.939000
0.946000
0.934000
1.000000
1.000000
0.946000
1.000000
1.000000
0.999000
0.999000
1.000000
0.999000
1.000000
0.997000
0.999000
1.000000
1.000000
0.999000
0.992000
0.995000
1.000000
0.939000
1.000000
0.999000
1.000000
0.999000
1.000000
0.921000
1.000000
0.943000
0.998000
0.994000
0.937000
1.000000
0.996000
0.992000
0.995000
0.949000
1.000000
1.000000
0.995000
1.000000
0.995000
1.000000
0.999000
0.999000
0.999000
0.000000
1.000000
0.957000
1.000000
0.962000
1.000000
1.000000
0.995000
1.000000
0.944000
1.000000
0.996000
0.997000
0.933000
1.000000
0.939000
0.998000
0.999000
0.996000
0.998000
1.000000
0.946000
0.996000
0.947000
0.992000
1.000000
1.000000
1.000000
0.989000
0.998000
0.990000
0.941000
1.000000
0.941000
0.999000
0.928000
0.948000
0.927000
1.000000
0.993000
0.996000
0.999000
1.000000
0.996000
1.000000
0.999000
1.000000
0.997000
1.000000
0.990000
0.949000
0.992000
0.873000
0.933000
0.995000
0.939000
1.000000
0.912000
0.995000
0.999000
0.995000
0.995000
0.995000
0.999000
0.994000
0.995000
0.936000
0.948000
0.990000
0.946000
1.000000
0.952000
0.998000
0.943000
0.913000
0.941000
0.952000
0.932000
0.953000
0.996000
0.996000
0.994000
0.994000
0.996000
0.995000
0.994000
0.993000
0.992000
0.929000
0.940000
0.998000
0.995000
0.954000
0.995000
0.990000
0.997000
0.997000
0.953000
0.996000
0.994000
0.946000
0.993000
0.917000
0.993000
0.992000
