1.000000
1.000000
1.000000
1.000000
1.000000
1.000000
1.000000
1.000000
1.000000
1.000000
1.000000
1.000000
1.000000
1.000000
1.000000
1.000000
1.000000
1.000000
1.000000
1.000000
1.000000
0.995000
1.000000
0.999000
0.999000
1.000000
1.000000
1.000000
1.000000
1.000000
0.999000
1.000000
1.000000
1.000000
0.956000
1.000000
0.942000
1.000000
0.999000
1.000000
0.940000
1.000000
0.999000
1.000000
1.000000
1.000000
1.000000
1.000000
0.935000
0.947000
0.929000
1.000000
0.999000
0.933000
1.000000
1.000000
0.999000
1.000000
1.000000
0.999000
1.000000
1.000000
0.996000
1.000000
1.000000
1.000000
0.994000
0.991000
1.000000
0.934000
1.000000
0.999000
1.000000
0.997000
1.000000
0.927000
0.999000
0.956000
0.999000
0.991000
0.943000
1.000000
0.996000
0.995000
0.994000
0.956000
1.000000
0.998000
0.997000
1.000000
0.994000
0.999000
1.000000
1.000000
1.000000
0.000000
1.000000
0.954000
1.000000
0.949000
1.000000
1.000000
0.993000
1.000000
0.950000
1.000000
0.999000
0.995000
0.935000
0.999000
0.937000
0.999000
1.000000
0.994000
0.998000
1.000000
0.951000
0.995000
0.954000
0.994000
1.000000
1.000000
1.000000
0.996000
0.996000
0.990000
0.942000
1.000000
0.942000
0.993000
0.940000
0.940000
0.917000
0.999000
0.992000
0.998000
1.000000
1.000000
0.996000
1.000000
0.992000
1.000000
0.997000
1.000000
0.990000
0.935000
0.998000
0.902000
0.932000
0.993000
0.940000
1.000000
0.917000
0.997000
0.998000
0.992000
0.995000
0.995000
0.996000
0.997000
0.992000
0.933000
0.940000
0.996000
0.949000
1.000000
0.946000
0.998000
0.942000
0.920000
0.943000
0.951000
0.940000
0.954000
0.995000
0.999000
0.995000
0.996000
0.997000
0.994000
0.994000
0.994000
0.989000
0.928000
0.950000
0.995000
0.991000
0.941000
0.997000
0.994000
0.994000
0.995000
0.954000
0.992000
0.996000
0.954000
0.995000
0.926000
0.995000
0.992000
