1.000000
1.000000
1.000000
1.000000
1.000000
1.000000
1.000000
1.000000
1.000000
1.000000
1.000000
1.000000
1.000000
1.000000
1.000000
1.000000
1.000000
1.000000
1.000000
1.000000
1.000000
0.997000
1.000000
1.000000
0.999000
0.990000
0.999000
1.000000
1.000000
1.000000
1.000000
1.000000
1.000000
1.000000
0.955000
1.000000
0.955000
1.000000
1.000000
1.000000
0.920000
1.000000
1.000000
0.998000
1.000000
1.000000
1.000000
1.000000
0.948000
0.946000
0.924000
1.000000
0.999000
0.920000
1.000000
1.000000
1.000000
1.000000
1.000000
1.000000
1.000000
1.000000
0.992000
1.000000
1.000000
1.000000
0.995000
0.996000
1.000000
0.948000
1.000000
1.000000
1.000000
1.000000
1.000000
0.927000
1.000000
0.957000
1.000000
0.993000
0.948000
1.000000
0.993000
0.993000
0.992000
0.954000
0.998000
1.000000
0.993000
0.999000
0.992000
0.999000
1.000000
0.999000
1.000000
0.000000
1.000000
0.938000
0.999000
0.954000
1.000000
0.999000
0.991000
1.000000
0.957000
1.000000
0.998000
0.996000
0.932000
1.000000
0.946000
0.999000
1.000000
0.992000
0.993000
1.000000
0.952000
0.992000
0.957000
0.993000
0.999000
1.000000
0.999000
0.994000
0.995000
0.991000
0.944000
1.000000
0.944000
0.996000
0.920000
0.934000
0.906000
0.999000
0.990000
0.998000
1.000000
1.000000
0.993000
1.000000
0.993000
0.998000
0.997000
1.000000
0.995000
0.932000
0.991000
0.890000
0.942000
0.991000
0.940000
0.999000
0.908000
0.998000
0.997000
0.995000
0.996000
0.996000
0.999000
0.996000
0.999000
0.937000
0.934000
0.996000
0.944000
1.000000
0.948000
0.997000
0.938000
0.911000
0.944000
0.942000
0.933000
0.952000
0.996000
0.998000
0.997000
0.995000
0.996000
0.998000
0.994000
0.998000
0.993000
0.938000
0.949000
0.998000
0.993000
0.945000
0.999000
0.993000
0.991000
0.992000
0.946000
0.989000
0.997000
0.950000
0.995000
0.931000
0.997000
0.995000
