1.000000
1.000000
1.000000
1.000000
1.000000
1.000000
1.000000
1.000000
1.000000
1.000000
1.000000
1.000000
1.000000
1.000000
1.000000
1.000000
1.000000
1.000000
1.000000
1.000000
1.000000
0.993000
1.000000
0.999000
1.000000
0.993000
1.000000
1.000000
0.998000
0.999000
0.999000
1.000000
1.000000
1.000000
0.934000
1.000000
0.949000
0.999000
1.000000
1.000000
0.946000
1.000000
1.000000
0.999000
1.000000
1.000000
1.000000
1.000000
0.936000
0.944000
0.928000
1.000000
1.000000
0.942000
1.000000
0.999000
1.000000
1.000000
0.999000
1.000000
1.000000
1.000000
0.994000
1.000000
1.000000
1.000000
0.995000
0.998000
1.000000
0.936000
1.000000
1.000000
1.000000
0.999000
1.000000
0.935000
1.000000
0.937000
0.998000
0.994000
0.935000
0.999000
0.994000
0.994000
0.998000
0.950000
1.000000
1.000000
0.995000
1.000000
0.992000
0.998000
0.997000
0.999000
1.000000
0.000000
1.000000
0.952000
0.999000
0.950000
1.000000
0.999000
0.996000
1.000000
0.943000
1.000000
0.997000
0.991000
0.932000
1.000000
0.947000
1.000000
1.000000
0.996000
0.997000
1.000000
0.934000
0.996000
0.949000
0.994000
1.000000
1.000000
1.000000
0.993000
0.995000
0.994000
0.935000
1.000000
0.935000
0.992000
0.945000
0.946000
0.910000
1.000000
0.998000
0.997000
1.000000
1.000000
0.997000
1.000000
0.996000
1.000000
0.995000
1.000000
0.990000
0.947000
0.990000
0.887000
0.940000
0.998000
0.948000
0.999000
0.905000
0.995000
0.998000
0.993000
0.993000
0.995000
0.991000
0.997000
0.998000
0.918000
0.946000
0.994000
0.950000
1.000000
0.955000
0.991000
0.942000
0.908000
0.936000
0.947000
0.927000
0.960000
0.993000
0.994000
0.995000
0.997000
0.995000
0.996000
0.995000
0.998000
0.993000
0.927000
0.940000
0.996000
0.997000
0.941000
1.000000
0.994000
0.996000
0.997000
0.950000
0.993000
0.998000
0.947000
1.000000
0.918000
0.992000
0.994000
