1.000000
1.000000
1.000000
1.000000
1.000000
1.000000
1.000000
1.000000
1.000000
1.000000
1.000000
1.000000
1.000000
1.000000
1.000000
1.000000
1.000000
1.000000
1.000000
1.000000
1.000000
0.996000
1.000000
1.000000
1.000000
0.997000
1.000000
1.000000
0.999000
1.000000
1.000000
1.000000
1.000000
0.998000
0.937000
0.999000
0.952000
1.000000
0.999000
0.999000
0.939000
1.000000
0.999000
1.000000
1.000000
1.000000
1.000000
1.000000
0.943000
0.957000
0.939000
1.000000
1.000000
0.938000
1.000000
1.000000
0.999000
1.000000
1.000000
1.000000
1.000000
1.000000
0.991000
1.000000
1.000000
0.999000
0.995000
0.995000
1.000000
0.942000
1.000000
1.000000
1.000000
1.000000
1.000000
0.925000
1.000000
0.941000
1.000000
0.992000
0.920000
0.999000
0.992000
0.994000
0.994000
0.947000
1.000000
1.000000
0.999000
1.000000
0.988000
1.000000
1.000000
0.999000
1.000000
0.000000
1.000000
0.959000
1.000000
0.944000
1.000000
1.000000
0.997000
1.000000
0.940000
1.000000
1.000000
0.996000
0.923000
0.999000
0.921000
1.000000
0.999000
0.995000
0.997000
1.000000
0.945000
0.999000
0.950000
0.990000
1.000000
0.998000
1.000000
0.993000
0.996000
0.995000
0.931000
1.000000
0.931000
0.988000
0.939000
0.947000
0.888000
1.000000
0.993000
0.998000
1.000000
1.000000
0.995000
1.000000
0.999000
1.000000
0.996000
0.999000
0.990000
0.933000
0.992000
0.893000
0.942000
0.992000
0.939000
1.000000
0.912000
0.996000
0.996000
0.989000
0.999000
0.994000
0.998000
0.992000
0.996000
0.932000
0.947000
0.995000
0.930000
1.000000
0.948000
0.998000
0.934000
0.922000
0.931000
0.964000
0.937000
0.945000
0.998000
0.998000
0.992000
0.995000
1.000000
0.995000
0.990000
0.997000
0.991000
0.940000
0.937000
0.995000
0.997000
0.943000
0.995000
0.994000
0.993000
0.998000
0.948000
0.995000
0.996000
0.945000
0.997000
0.921000
0.993000
0.996000
