1.000000
1.000000
1.000000
1.000000
1.000000
1.000000
1.000000
1.000000
1.000000
1.000000
1.000000
1.000000
1.000000
1.000000
1.000000
1.000000
1.000000
1.000000
1.000000
1.000000
1.000000
0.995000
1.000000
0.999000
1.000000
0.996000
0.999000
1.000000
1.000000
0.999000
1.000000
1.000000
1.000000
1.000000
0.943000
0.999000
0.953000
1.000000
1.000000
0.999000
0.927000
1.000000
1.000000
1.000000
1.000000
1.000000
1.000000
1.000000
0.929000
0.942000
0.942000
1.000000
0.997000
0.943000
1.000000
0.999000
0.999000
0.999000
1.000000
1.000000
1.000000
1.000000
0.994000
1.000000
1.000000
0.997000
0.994000
0.992000
1.000000
0.929000
1.000000
1.000000
1.000000
1.000000
1.000000
0.941000
1.000000
0.954000
0.999000
0.994000
0.948000
1.000000
0.993000
0.996000
0.995000
0.951000
1.000000
1.000000
0.997000
1.000000
0.996000
0.999000
1.000000
0.999000
0.999000
0.000000
1.000000
0.945000
1.000000
0.951000
1.000000
0.999000
0.997000
1.000000
0.945000
1.000000
0.996000
0.996000
0.933000
1.000000
0.949000
1.000000
0.997000
0.994000
0.998000
1.000000
0.934000
0.993000
0.954000
0.988000
1.000000
1.000000
1.000000
0.991000
0.994000
0.995000
0.943000
1.000000
0.943000
0.994000
0.928000
0.936000
0.913000
1.000000
0.990000
0.998000
0.999000
0.999000
0.998000
1.000000
0.995000
1.000000
0.997000
0.999000
0.995000
0.930000
0.992000
0.894000
0.952000
0.997000
0.939000
0.998000
0.913000
0.998000
0.994000
0.994000
0.989000
0.996000
0.995000
0.997000
0.991000
0.934000
0.936000
0.994000
0.923000
1.000000
0.928000
0.998000
0.941000
0.919000
0.944000
0.953000
0.937000
0.969000
0.994000
0.994000
0.994000
0.993000
0.999000
0.992000
0.991000
0.995000
0.992000
0.931000
0.932000
0.995000
0.995000
0.942000
0.991000
0.997000
0.994000
0.995000
0.945000
0.994000
0.993000
0.944000
0.996000
0.931000
0.991000
0.998000
