1.000000
1.000000
1.000000
1.000000
1.000000
1.000000
1.000000
1.000000
1.000000
1.000000
1.000000
1.000000
1.000000
1.000000
1.000000
1.000000
1.000000
1.000000
1.000000
1.000000
1.000000
0.995000
1.000000
1.000000
0.998000
0.997000
1.000000
1.000000
0.999000
1.000000
0.999000
1.000000
1.000000
0.998000
0.950000
1.000000
0.965000
1.000000
0.999000
1.000000
0.920000
1.000000
0.999000
1.000000
1.000000
1.000000
0.999000
0.999000
0.941000
0.947000
0.943000
1.000000
0.999000
0.934000
1.000000
1.000000
0.999000
0.999000
1.000000
1.000000
1.000000
1.000000
0.995000
1.000000
1.000000
0.999000
0.994000
0.996000
1.000000
0.941000
1.000000
1.000000
1.000000
0.998000
1.000000
0.931000
1.000000
0.949000
0.999000
0.991000
0.953000
1.000000
0.997000
0.995000
0.996000
0.944000
1.000000
0.999000
0.998000
1.000000
0.992000
1.000000
0.999000
1.000000
1.000000
0.000000
1.000000
0.948000
1.000000
0.948000
1.000000
0.999000
0.996000
1.000000
0.949000
1.000000
0.994000
0.997000
0.940000
1.000000
0.936000
0.999000
0.999000
0.997000
0.997000
1.000000
0.940000
0.992000
0.944000
0.992000
1.000000
1.000000
0.999000
0.992000
0.996000
0.990000
0.932000
1.000000
0.932000
0.991000
0.921000
0.926000
0.901000
0.998000
0.991000
0.999000
1.000000
1.000000
0.996000
1.000000
0.991000
1.000000
0.997000
0.999000
0.996000
0.938000
0.996000
0.884000
0.942000
0.994000
0.932000
1.000000
0.911000
0.995000
0.999000
0.993000
0.994000
0.998000
0.997000
0.995000
0.988000
0.938000
0.926000
0.990000
0.942000
1.000000
0.952000
0.998000
0.946000
0.936000
0.932000
0.952000
0.922000
0.950000
0.997000
0.999000
0.999000
0.995000
0.996000
0.995000
0.995000
0.995000
0.991000
0.938000
0.935000
0.997000
0.997000
0.943000
0.998000
0.994000
0.994000
0.993000
0.956000
0.998000
0.992000
0.942000
0.996000
0.920000
0.997000
0.993000
