1.000000
1.000000
1.000000
1.000000
1.000000
1.000000
1.000000
1.000000
1.000000
1.000000
1.000000
1.000000
1.000000
1.000000
1.000000
1.000000
1.000000
1.000000
1.000000
1.000000
1.000000
0.995000
1.000000
1.000000
1.000000
0.995000
1.000000
1.000000
0.997000
0.999000
0.999000
1.000000
1.000000
0.999000
0.942000
1.000000
0.950000
1.000000
0.999000
0.999000
0.924000
1.000000
1.000000
1.000000
1.000000
1.000000
0.999000
0.999000
0.944000
0.945000
0.932000
1.000000
1.000000
0.935000
1.000000
1.000000
0.999000
1.000000
1.000000
1.000000
1.000000
1.000000
0.996000
1.000000
1.000000
0.999000
0.992000
0.991000
1.000000
0.944000
1.000000
1.000000
1.000000
0.999000
1.000000
0.937000
0.999000
0.941000
1.000000
0.994000
0.935000
1.000000
0.994000
0.995000
0.996000
0.947000
1.000000
0.998000
0.993000
1.000000
0.993000
1.000000
1.000000
1.000000
1.000000
0.000000
1.000000
0.957000
1.000000
0.952000
1.000000
1.000000
0.993000
1.000000
0.950000
1.000000
0.996000
0.996000
0.931000
1.000000
0.929000
1.000000
0.999000
0.996000
0.995000
1.000000
0.943000
0.994000
0.959000
0.995000
0.999000
1.000000
1.000000
0.990000
0.998000
0.995000
0.933000
1.000000
0.933000
0.998000
0.924000
0.942000
0.918000
1.000000
0.989000
0.996000
0.999000
1.000000
0.994000
1.000000
0.996000
0.999000
0.998000
0.998000
0.995000
0.940000
0.992000
0.895000
0.921000
0.993000
0.950000
1.000000
0.925000
0.997000
0.995000
0.991000
0.996000
0.993000
0.998000
1.000000
0.999000
0.949000
0.942000
0.994000
0.939000
1.000000
0.929000
0.997000
0.931000
0.916000
0.934000
0.951000
0.929000
0.948000
0.999000
0.996000
0.996000
0.998000
0.998000
0.994000
0.991000
0.996000
0.994000
0.933000
0.945000
0.995000
0.998000
0.935000
0.997000
0.995000
0.992000
0.995000
0.949000
0.995000
0.993000
0.935000
0.994000
0.934000
0.995000
0.994000
