1.000000
1.000000
1.000000
1.000000
1.000000
1.000000
1.000000
1.000000
1.000000
1.000000
1.000000
1.000000
1.000000
1.000000
1.000000
1.000000
1.000000
1.000000
1.000000
1.000000
1.000000
1.000000
1.000000
0.999000
1.000000
0.999000
1.000000
1.000000
1.000000
1.000000
1.000000
1.000000
1.000000
0.999000
0.945000
1.000000
0.956000
1.000000
1.000000
0.999000
0.938000
1.000000
1.000000
0.999000
1.000000
1.000000
1.000000
1.000000
0.932000
0.947000
0.930000
1.000000
0.999000
0.926000
1.000000
0.999000
1.000000
0.999000
1.000000
1.000000
1.000000
0.999000
0.997000
1.000000
1.000000
0.998000
0.993000
0.996000
1.000000
0.932000
1.000000
1.000000
1.000000
0.999000
1.000000
0.938000
0.999000
0.945000
1.000000
0.994000
0.946000
1.000000
0.995000
0.995000
0.997000
0.953000
1.000000
1.000000
0.990000
1.000000
0.991000
1.000000
1.000000
0.998000
1.000000
0.000000
1.000000
0.960000
1.000000
0.938000
1.000000
0.998000
0.998000
1.000000
0.937000
1.000000
0.996000
0.992000
0.937000
0.999000
0.937000
1.000000
1.000000
0.993000
0.994000
1.000000
0.952000
0.997000
0.956000
0.995000
1.000000
1.000000
1.000000
0.986000
0.995000
0.990000
0.942000
1.000000
0.942000
0.997000
0.938000
0.940000
0.913000
1.000000
0.991000
0.994000
0.998000
1.000000
0.997000
1.000000
0.995000
1.000000
0.995000
0.999000
0.994000
0.938000
0.988000
0.877000
0.934000
0.994000
0.930000
1.000000
0.924000
0.993000
0.994000
0.996000
0.996000
0.996000
0.997000
0.996000
0.995000
0.939000
0.940000
0.996000
0.935000
1.000000
0.946000
0.997000
0.944000
0.929000
0.942000
0.952000
0.930000
0.960000
0.998000
0.999000
0.996000
0.995000
0.999000
0.995000
0.996000
0.994000
0.989000
0.928000
0.937000
0.992000
0.996000
0.946000
0.997000
0.994000
0.992000
0.998000
0.956000
0.995000
0.995000
0.951000
0.995000
0.923000
0.995000
0.992000
