1.000000
1.000000
1.000000
1.000000
1.000000
1.000000
1.000000
1.000000
1.000000
1.000000
1.000000
1.000000
1.000000
1.000000
1.000000
1.000000
1.000000
1.000000
1.000000
1.000000
1.000000
0.997000
1.000000
1.000000
1.000000
0.995000
1.000000
1.000000
1.000000
0.999000
1.000000
1.000000
1.000000
1.000000
0.955000
1.000000
0.954000
1.000000
1.000000
0.998000
0.938000
1.000000
0.999000
1.000000
1.000000
1.000000
0.999000
1.000000
0.932000
0.933000
0.936000
1.000000
1.000000
0.935000
1.000000
1.000000
0.999000
0.999000
1.000000
1.000000
1.000000
1.000000
0.997000
1.000000
1.000000
1.000000
0.995000
0.995000
1.000000
0.932000
1.000000
0.999000
1.000000
1.000000
1.000000
0.930000
1.000000
0.954000
0.998000
0.991000
0.936000
1.000000
0.991000
0.995000
0.992000
0.953000
1.000000
1.000000
0.995000
1.000000
0.996000
0.999000
0.999000
0.999000
0.998000
0.000000
1.000000
0.956000
0.999000
0.951000
1.000000
0.998000
0.998000
1.000000
0.956000
1.000000
0.994000
0.995000
0.936000
1.000000
0.932000
0.998000
1.000000
0.987000
0.996000
1.000000
0.942000
0.992000
0.943000
0.992000
1.000000
0.998000
0.999000
0.996000
0.996000
0.990000
0.942000
1.000000
0.942000
0.997000
0.938000
0.938000
0.914000
0.999000
0.991000
0.996000
1.000000
1.000000
0.998000
1.000000
0.997000
1.000000
0.994000
1.000000
0.990000
0.931000
0.991000
0.879000
0.934000
0.998000
0.937000
0.999000
0.909000
0.995000
0.991000
0.996000
0.995000
0.993000
0.997000
0.995000
0.994000
0.941000
0.938000
0.994000
0.940000
0.999000
0.945000
0.997000
0.932000
0.905000
0.943000
0.947000
0.939000
0.936000
0.997000
0.998000
0.995000
0.995000
0.998000
0.994000
0.994000
0.996000
0.995000
0.915000
0.951000
0.997000
0.999000
0.942000
0.993000
0.991000
0.997000
0.998000
0.943000
0.994000
0.995000
0.944000
0.997000
0.922000
0.992000
0.990000
