1.000000
1.000000
1.000000
1.000000
1.000000
1.000000
1.000000
1.000000
1.000000
1.000000
1.000000
1.000000
1.000000
1.000000
1.000000
1.000000
1.000000
1.000000
1.000000
1.000000
1.000000
0.998000
1.000000
1.000000
1.000000
0.996000
1.000000
1.000000
0.998000
0.997000
1.000000
1.000000
1.000000
1.000000
0.963000
1.000000
0.949000
1.000000
0.997000
0.999000
0.928000
1.000000
0.999000
1.000000
1.000000
1.000000
0.999000
1.000000
0.939000
0.949000
0.936000
1.000000
1.000000
0.948000
1.000000
1.000000
0.999000
0.999000
1.000000
1.000000
1.000000
1.000000
0.996000
1.000000
1.000000
1.000000
0.994000
0.996000
1.000000
0.939000
1.000000
1.000000
1.000000
0.999000
1.000000
0.936000
0.999000
0.942000
0.999000
0.992000
0.931000
1.000000
0.995000
0.995000
0.992000
0.938000
1.000000
1.000000
0.992000
1.000000
0.995000
1.000000
0.999000
0.999000
1.000000
0.000000
1.000000
0.941000
0.999000
0.952000
1.000000
1.000000
0.995000
1.000000
0.938000
1.000000
0.994000
0.992000
0.936000
1.000000
0.933000
0.998000
1.000000
0.996000
0.996000
1.000000
0.953000
0.996000
0.957000
0.992000
1.000000
0.998000
1.000000
0.993000
0.994000
0.991000
0.936000
1.000000
0.936000
0.996000
0.928000
0.942000
0.921000
1.000000
0.994000
0.997000
1.000000
0.999000
0.997000
1.000000
0.999000
1.000000
0.993000
1.000000
0.994000
0.936000
0.994000
0.881000
0.941000
0.995000
0.944000
1.000000
0.932000
0.996000
0.998000
0.989000
0.993000
0.992000
0.994000
0.997000
0.996000
0.929000
0.942000
0.986000
0.941000
1.000000
0.950000
0.993000
0.944000
0.917000
0.936000
0.939000
0.935000
0.952000
0.994000
0.991000
0.995000
0.997000
0.998000
1.000000
0.997000
0.998000
0.987000
0.931000
0.950000
0.995000
0.993000
0.942000
0.994000
0.996000
0.995000
0.998000
0.951000
0.991000
0.993000
0.951000
0.993000
0.939000
0.993000
0.997000
