0.994810
0.994685
0.994950
0.994610
0.994955
0.995005
0.994750
0.994710
0.994525
0.994660
0.994705
0.995085
0.994835
0.994720
0.994810
0.995075
0.994720
0.994790
0.994865
0.995005
0.994635
0.986800
0.994720
0.994725
0.994730
0.993450
0.993605
0.994905
0.993025
0.994030
0.993745
0.994660
0.994875
0.994600
0.991705
0.995160
0.990960
0.994760
0.994935
0.993900
0.991635
0.995210
0.994840
0.994365
0.994500
0.994825
0.994685
0.994955
0.978745
0.982995
0.992935
0.994625
0.994680
0.983205
0.994955
0.994755
0.993700
0.992880
0.994720
0.993905
0.994770
0.993525
0.989840
0.994705
0.994840
0.993815
0.991860
0.984970
0.994630
0.985045
0.995005
0.994550
0.994720
0.990200
0.993855
0.966235
0.994655
0.993875
0.991125
0.969325
0.987875
0.994465
0.990860
0.994705
0.972780
0.983950
0.994800
0.994760
0.994970
0.993610
0.988770
0.994675
0.994700
0.994750
0.994915
0.985995
0.994760
0.987795
0.987915
0.992885
0.995100
0.994930
0.976435
0.994815
0.992885
0.995075
0.994745
0.959210
0.981015
0.992060
0.956325
0.988895
0.992830
0.994645
0.994815
0.994575
0.995105
0.992655
0.985980
0.980950
0.993960
0.992640
0.994830
0.959245
0.989860
0.989125
0.991585
0.993915
0.993610
0.994595
0.979300
0.994795
0.992710
0.990065
0.976445
0.993645
0.994845
0.992505
0.994445
0.994910
0.993675
0.995355
0.982855
0.992650
0.988185
0.982995
0.994015
0.971145
0.985045
0.979150
0.994645
0.993870
0.994000
0.984020
0.993795
0.991680
0.991550
0.971350
0.993325
0.991795
0.971950
0.973195
0.994750
0.954345
0.989660
0.994735
0.980095
0.988845
0.990060
0.986940
0.975125
0.983930
0.982600
0.985960
0.994910
0.994605
0.987685
0.991035
0.981950
0.973205
0.994880
0.984970
0.969210
0.991850
0.982925
0.989945
0.995010
0.989740
0.994785
0.972325
0.994960
0.993725
0.980025
0.986795
0.994970
0.984005
0.991600
0.974225
0.991845
0.987725
