0.994730
0.994975
0.994865
0.994860
0.994860
0.994605
0.995045
0.994660
0.995270
0.994400
0.994650
0.994825
0.994790
0.994495
0.994795
0.994865
0.994805
0.994665
0.994730
0.994760
0.994735
0.985065
0.995025
0.995000
0.994875
0.993945
0.992545
0.994700
0.994550
0.993560
0.994745
0.994940
0.994655
0.994935
0.994975
0.995060
0.986850
0.995050
0.993520
0.987860
0.987910
0.994485
0.994715
0.994815
0.993950
0.994485
0.993715
0.994985
0.981110
0.983990
0.994745
0.994660
0.994705
0.984720
0.994985
0.994775
0.994685
0.991650
0.994815
0.990770
0.994735
0.994785
0.992770
0.994545
0.994700
0.994855
0.991805
0.980175
0.994730
0.988760
0.994680
0.993515
0.994655
0.989740
0.994630
0.958455
0.994820
0.987905
0.982945
0.972965
0.989055
0.994965
0.991850
0.994615
0.968170
0.984935
0.994920
0.993805
0.994775
0.993480
0.989885
0.994815
0.994885
0.992820
0.994890
0.981995
0.994860
0.982190
0.991735
0.993945
0.994755
0.994710
0.967635
0.994745
0.990135
0.994610
0.993580
0.961220
0.982045
0.991860
0.963015
0.986890
0.994975
0.994415
0.992865
0.994465
0.994985
0.993850
0.986985
0.982030
0.992805
0.990615
0.994810
0.947500
0.989010
0.988780
0.987015
0.994650
0.994670
0.992730
0.968210
0.994465
0.992840
0.994975
0.975485
0.994995
0.994730
0.994890
0.995210
0.994465
0.990495
0.994660
0.984860
0.992680
0.990715
0.979935
0.993730
0.970230
0.980130
0.983615
0.992620
0.994865
0.993765
0.976770
0.994100
0.989045
0.983935
0.976015
0.992585
0.991730
0.967225
0.980810
0.994830
0.963310
0.983860
0.994975
0.979780
0.991875
0.986955
0.984715
0.975005
0.987115
0.983210
0.980875
0.995115
0.993925
0.989025
0.990930
0.981785
0.970060
0.994770
0.984225
0.965370
0.992260
0.989845
0.991515
0.993835
0.990695
0.995025
0.966125
0.993700
0.994720
0.983920
0.988665
0.993645
0.972200
0.988755
0.978325
0.991820
0.989680
