0.994810
0.994770
0.994705
0.994515
0.994665
0.994925
0.994795
0.994745
0.994520
0.994735
0.994425
0.994640
0.994970
0.994915
0.994445
0.994410
0.994670
0.994560
0.994730
0.994900
0.994710
0.984810
0.994760
0.994655
0.994685
0.992925
0.992690
0.994655
0.991945
0.994565
0.994785
0.994735
0.995150
0.994750
0.991860
0.994885
0.987690
0.994950
0.994695
0.989005
0.988955
0.994790
0.994840
0.994915
0.995040
0.994620
0.994640
0.994715
0.980775
0.978930
0.993070
0.994505
0.994515
0.978755
0.994955
0.994840
0.994600
0.991705
0.995065
0.994900
0.994795
0.994860
0.993755
0.994845
0.994880
0.992925
0.993890
0.983985
0.994870
0.989120
0.995075
0.994650
0.994830
0.989010
0.994740
0.980915
0.994735
0.980710
0.983795
0.961030
0.988945
0.994870
0.994680
0.993820
0.977015
0.985980
0.994640
0.992885
0.994775
0.993915
0.990955
0.995020
0.994695
0.995045
0.994600
0.980020
0.994910
0.982615
0.984885
0.994730
0.995020
0.994465
0.973915
0.994630
0.994915
0.994800
0.994955
0.959350
0.978220
0.993100
0.963400
0.994170
0.991810
0.994570
0.994860
0.994650
0.993840
0.994540
0.985755
0.979245
0.992815
0.990830
0.994920
0.968400
0.990030
0.992640
0.989820
0.992660
0.993810
0.991875
0.978110
0.995090
0.993890
0.990920
0.979140
0.994015
0.991925
0.993685
0.994925
0.994835
0.994300
0.992850
0.986955
0.993630
0.987045
0.975400
0.991540
0.962985
0.985085
0.984930
0.994485
0.990690
0.993715
0.977025
0.993955
0.992600
0.987930
0.977990
0.991730
0.991925
0.971960
0.977295
0.992790
0.969155
0.986125
0.994650
0.986065
0.989495
0.988020
0.985985
0.980185
0.987745
0.977040
0.982020
0.993915
0.994030
0.991920
0.989765
0.985835
0.974355
0.995055
0.983720
0.963245
0.990830
0.985890
0.994610
0.992955
0.989185
0.994835
0.978155
0.990525
0.994865
0.985080
0.977075
0.994615
0.977060
0.992490
0.977120
0.992750
0.989925
