0.994650
0.994965
0.994860
0.994965
0.994445
0.995140
0.994800
0.994825
0.994820
0.994910
0.994865
0.994815
0.994915
0.994940
0.994735
0.994740
0.994760
0.994765
0.994960
0.994735
0.994990
0.983270
0.994655
0.994650
0.994670
0.994705
0.993555
0.994605
0.993600
0.992625
0.994610
0.994925
0.995020
0.994745
0.995035
0.994840
0.989005
0.994470
0.994530
0.992715
0.991170
0.994850
0.994575
0.994655
0.994840
0.994900
0.994785
0.994720
0.979965
0.980140
0.993915
0.994925
0.994760
0.979830
0.994920
0.994955
0.994805
0.989985
0.994915
0.991860
0.994865
0.993785
0.991895
0.995020
0.994620
0.993705
0.992995
0.983125
0.995175
0.987130
0.994585
0.993905
0.994995
0.991080
0.995060
0.973245
0.994710
0.992800
0.983025
0.970350
0.992830
0.994705
0.990670
0.993480
0.978020
0.984230
0.994975
0.992790
0.994490
0.993705
0.984890
0.994680
0.994715
0.994920
0.994590
0.979225
0.994965
0.981680
0.986275
0.993750
0.994705
0.994045
0.975215
0.994895
0.994915
0.994840
0.994840
0.961465
0.981830
0.994760
0.969115
0.990075
0.995020
0.993895
0.992090
0.995065
0.994975
0.992660
0.985670
0.978130
0.994690
0.993600
0.993715
0.955400
0.991685
0.993745
0.980885
0.994645
0.994745
0.993560
0.970995
0.995015
0.991735
0.987910
0.974035
0.994905
0.992735
0.993440
0.994875
0.994610
0.994520
0.993810
0.985840
0.994935
0.990845
0.976135
0.994015
0.964325
0.974875
0.986970
0.991060
0.993925
0.994785
0.986715
0.993275
0.989925
0.987055
0.978745
0.991055
0.994405
0.974270
0.971195
0.993645
0.969470
0.990435
0.995060
0.988725
0.990990
0.989240
0.984970
0.971235
0.989675
0.982825
0.983895
0.994740
0.994950
0.989940
0.989190
0.980010
0.972165
0.994830
0.984020
0.967365
0.988670
0.980675
0.992795
0.994840
0.991625
0.994760
0.973585
0.992655
0.993940
0.984240
0.983865
0.994520
0.976195
0.990775
0.983140
0.989780
0.990995
