0.994905
0.994745
0.994930
0.995025
0.994645
0.994740
0.994745
0.994560
0.994985
0.994830
0.993870
0.994625
0.994470
0.994905
0.994470
0.994910
0.994825
0.994915
0.994665
0.994770
0.994880
0.983870
0.994610
0.994770
0.995040
0.993890
0.987905
0.994440
0.992795
0.994565
0.994680
0.994645
0.994550
0.994620
0.994575
0.994825
0.986980
0.994815
0.994820
0.988920
0.991675
0.994755
0.994705
0.994780
0.994570
0.994745
0.993885
0.994745
0.983965
0.985955
0.993670
0.994985
0.994585
0.978280
0.995205
0.994740
0.994770
0.992965
0.994785
0.993640
0.994780
0.994745
0.992750
0.994975
0.994905
0.994475
0.992965
0.977210
0.994820
0.988790
0.994660
0.994810
0.994850
0.993720
0.994730
0.966500
0.994685
0.989960
0.990910
0.973995
0.989520
0.994975
0.989980
0.994640
0.975075
0.983810
0.994820
0.994755
0.994780
0.994005
0.991815
0.995055
0.994505
0.993830
0.994330
0.983950
0.994635
0.983040
0.987030
0.993660
0.994850
0.994780
0.978140
0.994575
0.990800
0.994875
0.993830
0.960400
0.980005
0.991930
0.966230
0.991860
0.993675
0.994855
0.993540
0.995245
0.994700
0.993740
0.989125
0.976230
0.994005
0.994810
0.993945
0.949735
0.992495
0.992910
0.986875
0.993980
0.994450
0.993290
0.976915
0.994550
0.994985
0.988995
0.975935
0.993810
0.993685
0.993705
0.994655
0.994790
0.994690
0.994840
0.986960
0.993105
0.983840
0.983960
0.995130
0.966285
0.987085
0.984870
0.994080
0.992850
0.994925
0.981905
0.992915
0.989830
0.989770
0.976065
0.995025
0.991710
0.976140
0.980990
0.994900
0.965025
0.990950
0.995040
0.986865
0.992030
0.986865
0.988945
0.977060
0.988085
0.980105
0.985005
0.993065
0.994920
0.990815
0.990060
0.986830
0.980985
0.994535
0.982180
0.964420
0.991125
0.985000
0.991845
0.993910
0.986695
0.994945
0.967015
0.991900
0.992830
0.977025
0.985110
0.994570
0.975890
0.993940
0.977865
0.995000
0.990655
