0.995265
0.994885
0.994815
0.994790
0.994660
0.994635
0.995090
0.994845
0.994765
0.994790
0.994740
0.994675
0.994535
0.995005
0.994790
0.994840
0.995060
0.994475
0.994800
0.994835
0.994895
0.986260
0.994745
0.994775
0.994905
0.994900
0.992930
0.994810
0.991760
0.994875
0.994680
0.994655
0.994765
0.993825
0.992865
0.994760
0.987140
0.994640
0.994730
0.994955
0.991210
0.994285
0.994965
0.994765
0.994785
0.993540
0.994725
0.993635
0.982845
0.988015
0.992965
0.994900
0.994980
0.983910
0.994555
0.994905
0.995005
0.991715
0.994925
0.993735
0.994960
0.993535
0.993760
0.994730
0.994825
0.993605
0.992855
0.977015
0.995135
0.987820
0.994965
0.994855
0.994525
0.987080
0.994530
0.970890
0.993735
0.990075
0.984965
0.959190
0.986795
0.994945
0.985220
0.994855
0.968385
0.981740
0.994775
0.995115
0.994640
0.993910
0.986780
0.995050
0.994905
0.994675
0.994955
0.983140
0.994585
0.986840
0.990200
0.994785
0.994835
0.994820
0.966950
0.994835
0.992065
0.994740
0.992650
0.952220
0.983700
0.989735
0.969395
0.992880
0.992855
0.993605
0.994800
0.994955
0.994760
0.994880
0.990755
0.981050
0.994710
0.993900
0.994885
0.963045
0.988040
0.991845
0.990955
0.993685
0.994910
0.993820
0.976785
0.994815
0.992595
0.993015
0.975960
0.993990
0.992825
0.993690
0.994930
0.994875
0.994705
0.993910
0.979045
0.992020
0.990860
0.980230
0.991760
0.960930
0.984915
0.978235
0.993785
0.992915
0.989580
0.984755
0.992985
0.992665
0.988990
0.972785
0.993850
0.990675
0.976050
0.983870
0.993665
0.966230
0.990960
0.994750
0.986745
0.989965
0.986960
0.986910
0.974930
0.986655
0.981600
0.981950
0.994795
0.993695
0.991795
0.986900
0.990900
0.974210
0.994780
0.981065
0.965485
0.987920
0.989155
0.994865
0.989770
0.988615
0.994685
0.978925
0.994420
0.994795
0.984930
0.982890
0.993570
0.978955
0.990935
0.978050
0.989970
0.984990
