0.994785
0.994840
0.995075
0.994510
0.995020
0.994785
0.994700
0.994760
0.994815
0.994835
0.994770
0.994830
0.994875
0.995040
0.994630
0.995040
0.994935
0.994830
0.994960
0.994855
0.994840
0.983895
0.994650
0.994865
0.994645
0.994675
0.994340
0.994855
0.993725
0.994890
0.994540
0.994750
0.994545
0.994795
0.995035
0.994425
0.981985
0.994965
0.993825
0.992800
0.989720
0.994710
0.994540
0.994935
0.994590
0.994930
0.991875
0.994430
0.975835
0.980160
0.992570
0.994720
0.993940
0.982625
0.994365
0.994920
0.994850
0.991815
0.994715
0.992785
0.994775
0.993755
0.994845
0.994990
0.994725
0.994495
0.991825
0.974005
0.994585
0.983835
0.994710
0.993720
0.994950
0.987925
0.994800
0.966165
0.995010
0.985740
0.986170
0.957480
0.985890
0.994750
0.987125
0.994755
0.973080
0.984995
0.994730
0.994650
0.994845
0.994710
0.984845
0.994450
0.994720
0.994930
0.994965
0.984700
0.995000
0.987865
0.986160
0.993425
0.994815
0.994565
0.971925
0.994880
0.991935
0.994745
0.993590
0.944860
0.985785
0.994940
0.971935
0.990185
0.989700
0.993825
0.991860
0.994905
0.994770
0.995060
0.989035
0.980015
0.994955
0.990965
0.994825
0.967360
0.995225
0.992040
0.984865
0.994855
0.994575
0.993940
0.983215
0.993625
0.992760
0.988965
0.975180
0.993920
0.992795
0.993785
0.994850
0.994955
0.994965
0.993870
0.982730
0.992830
0.988780
0.981165
0.993785
0.966105
0.983915
0.982640
0.992600
0.991530
0.993795
0.983825
0.990885
0.989065
0.989860
0.966005
0.988820
0.991660
0.972940
0.979150
0.995155
0.966455
0.987920
0.994470
0.985980
0.991640
0.986030
0.987750
0.978205
0.982050
0.976020
0.984405
0.994130
0.995025
0.988830
0.989855
0.982720
0.979070
0.994695
0.982020
0.967200
0.988050
0.984990
0.991855
0.994095
0.992065
0.994930
0.969140
0.993535
0.993550
0.985935
0.979780
0.994825
0.968335
0.991650
0.974455
0.986040
0.989990
