0.994730
0.994860
0.994755
0.994740
0.994465
0.994860
0.994825
0.994830
0.994930
0.994860
0.994905
0.995015
0.995025
0.994830
0.994745
0.994825
0.994575
0.994960
0.994830
0.994770
0.995030
0.980885
0.994385
0.994630
0.994935
0.994665
0.994915
0.994875
0.992820
0.993810
0.993970
0.994565
0.994940
0.994735
0.992865
0.994705
0.980010
0.994820
0.994765
0.990715
0.988955
0.994675
0.994570
0.994650
0.994965
0.994715
0.994455
0.994965
0.974970
0.986070
0.994840
0.995020
0.994610
0.984015
0.994885
0.994940
0.994850
0.990675
0.994545
0.993005
0.994895
0.994665
0.994730
0.994575
0.994730
0.993780
0.990760
0.979855
0.994665
0.986790
0.994615
0.994010
0.994845
0.991855
0.994765
0.980850
0.994450
0.992765
0.986995
0.966415
0.988950
0.994735
0.987805
0.993370
0.969985
0.990685
0.994810
0.994670
0.994525
0.994940
0.987990
0.994785
0.994875
0.994735
0.994765
0.980765
0.994775
0.985860
0.989785
0.992690
0.994890
0.994920
0.957370
0.994535
0.992105
0.994605
0.993555
0.952295
0.980845
0.993595
0.968925
0.993915
0.993660
0.992745
0.993990
0.994655
0.993425
0.994885
0.979900
0.980625
0.994525
0.990815
0.994870
0.957795
0.987975
0.992010
0.979935
0.993900
0.994695
0.992525
0.974125
0.994525
0.994790
0.991395
0.977830
0.993770
0.993950
0.994720
0.993950
0.994515
0.995025
0.992655
0.984750
0.992325
0.987740
0.986065
0.994055
0.964340
0.980275
0.979020
0.994605
0.994950
0.994685
0.979960
0.993830
0.990705
0.986955
0.971150
0.993720
0.992790
0.969150
0.983065
0.991695
0.965280
0.987970
0.994770
0.985945
0.985935
0.989955
0.984000
0.972150
0.982010
0.983960
0.986740
0.994685
0.994900
0.988645
0.984120
0.987540
0.981010
0.994660
0.981920
0.956220
0.989180
0.991775
0.990830
0.991065
0.988910
0.994505
0.968200
0.993230
0.993810
0.981055
0.978210
0.993825
0.973065
0.992995
0.974790
0.992610
0.989940
