0.994850
0.994680
0.994695
0.994750
0.994945
0.994985
0.994675
0.994675
0.994735
0.994805
0.994715
0.994720
0.994940
0.994820
0.994670
0.994920
0.995055
0.994760
0.994850
0.994715
0.994565
0.982995
0.994635
0.994750
0.994695
0.994785
0.991370
0.994930
0.992985
0.992665
0.994635
0.994855
0.994740
0.994750
0.991920
0.994620
0.988000
0.994770
0.995045
0.992010
0.988935
0.994525
0.995015
0.994575
0.994875
0.994630
0.994935
0.995310
0.983040
0.984105
0.993700
0.994775
0.994835
0.985920
0.994950
0.994775
0.994870
0.989865
0.994780
0.995075
0.994960
0.994935
0.994580
0.994670
0.994650
0.994520
0.992660
0.983240
0.994785
0.987895
0.995045
0.992965
0.994830
0.989930
0.994560
0.974005
0.994760
0.989995
0.986900
0.961625
0.986725
0.994980
0.991000
0.994640
0.964120
0.984720
0.994720
0.994905
0.994860
0.994825
0.988955
0.994725
0.994555
0.994535
0.994620
0.984985
0.994880
0.985555
0.993045
0.995025
0.994965
0.993620
0.966215
0.994710
0.990520
0.994805
0.994615
0.956330
0.978245
0.989830
0.962270
0.991900
0.993610
0.995000
0.993750
0.994785
0.993925
0.993875
0.985720
0.981990
0.991585
0.993170
0.994605
0.956510
0.985715
0.992910
0.988100
0.994645
0.994550
0.992955
0.973040
0.994870
0.992815
0.992175
0.978150
0.993785
0.993690
0.993915
0.994780
0.994550
0.994490
0.994530
0.981035
0.991765
0.981990
0.979020
0.994830
0.965390
0.983770
0.982995
0.994745
0.994905
0.994775
0.984900
0.992845
0.990645
0.987930
0.964385
0.994930
0.992755
0.975065
0.983320
0.994505
0.965310
0.989925
0.994705
0.990090
0.991870
0.983935
0.989930
0.973415
0.982020
0.981970
0.981820
0.994605
0.994650
0.988970
0.992075
0.978920
0.972180
0.994900
0.983895
0.966045
0.988925
0.986840
0.987935
0.991950
0.990060
0.994575
0.976225
0.990940
0.993885
0.981115
0.983045
0.994635
0.974190
0.993850
0.974050
0.986725
0.982100
