0.994735
0.994810
0.994660
0.994800
0.994880
0.994910
0.994780
0.994890
0.994700
0.994775
0.994950
0.994910
0.994755
0.994690
0.994770
0.994715
0.994725
0.994935
0.994685
0.994740
0.994745
0.986080
0.994870
0.995050
0.994835
0.994780
0.993815
0.994745
0.994795
0.994590
0.994930
0.994635
0.994930
0.993555
0.991895
0.994505
0.981770
0.993860
0.993790
0.990780
0.985715
0.994620
0.994640
0.995105
0.994920
0.994795
0.993950
0.994970
0.985920
0.982130
0.990090
0.994665
0.994830
0.988690
0.994870
0.994825
0.994110
0.991750
0.994725
0.994765
0.994630
0.994800
0.992095
0.994735
0.995000
0.994575
0.992765
0.977190
0.994450
0.990895
0.994725
0.994755
0.994545
0.990645
0.993815
0.964480
0.994720
0.988915
0.985145
0.968440
0.983995
0.994815
0.987900
0.995005
0.975175
0.989790
0.994900
0.994930
0.994845
0.994885
0.988810
0.995035
0.994985
0.994715
0.993960
0.982990
0.994770
0.986165
0.986795
0.994970
0.994635
0.994725
0.975260
0.994895
0.992560
0.994410
0.994745
0.960405
0.976020
0.992865
0.958450
0.993880
0.992905
0.993830
0.991765
0.994785
0.994765
0.993540
0.983965
0.988535
0.994570
0.992805
0.994505
0.962295
0.992095
0.992795
0.986100
0.994775
0.992680
0.991980
0.971935
0.994645
0.994135
0.990840
0.985310
0.994900
0.990760
0.994725
0.992865
0.994590
0.994665
0.993695
0.980110
0.991890
0.981855
0.983810
0.991835
0.971780
0.984690
0.971300
0.993755
0.994280
0.992915
0.983160
0.993770
0.991970
0.986215
0.971980
0.993550
0.993905
0.963730
0.969245
0.993870
0.963225
0.990790
0.994385
0.985570
0.992845
0.985885
0.989815
0.976920
0.986045
0.985140
0.981160
0.994560
0.994915
0.983705
0.983845
0.984855
0.971905
0.994810
0.984075
0.967550
0.986120
0.985385
0.991690
0.992125
0.991560
0.994550
0.960230
0.994800
0.993760
0.978185
0.990125
0.994580
0.975115
0.992955
0.973155
0.993015
0.990870
