0.994630
0.994635
0.994680
0.994780
0.994500
0.994470
0.994885
0.994895
0.994875
0.994540
0.994855
0.994910
0.994840
0.994800
0.994790
0.994795
0.995040
0.994740
0.995025
0.995000
0.994815
0.990595
0.994705
0.995075
0.994845
0.993915
0.991805
0.994535
0.992750
0.994780
0.994755
0.994800
0.994855
0.994520
0.993825
0.994805
0.983840
0.994775
0.994610
0.991765
0.989695
0.994585
0.994920
0.994975
0.994690
0.995060
0.994410
0.994655
0.981070
0.981145
0.992875
0.994815
0.994555
0.978980
0.994925
0.994765
0.994555
0.987790
0.994915
0.994665
0.995230
0.994765
0.991960
0.994950
0.994800
0.994825
0.994065
0.982095
0.995040
0.988170
0.994625
0.992920
0.994890
0.988760
0.994840
0.963150
0.994550
0.989850
0.989005
0.971520
0.990935
0.994745
0.991810
0.993075
0.974320
0.983065
0.994935
0.993995
0.994740
0.994915
0.987720
0.995105
0.994625
0.994855
0.994695
0.988900
0.994740
0.983155
0.985100
0.993600
0.994740
0.994720
0.979205
0.994930
0.989795
0.994715
0.994840
0.969270
0.976160
0.988605
0.962360
0.994545
0.994640
0.994945
0.992920
0.994790
0.993890
0.992895
0.988005
0.979065
0.992700
0.991790
0.995000
0.959155
0.990325
0.993040
0.988590
0.993595
0.994755
0.994135
0.977270
0.994950
0.993780
0.988885
0.974135
0.993785
0.990585
0.994500
0.994005
0.994880
0.993890
0.993960
0.989050
0.992615
0.988950
0.984195
0.992020
0.963540
0.979065
0.978230
0.993840
0.993805
0.994985
0.980125
0.993635
0.992990
0.987910
0.970570
0.990645
0.989945
0.968990
0.984795
0.993925
0.963490
0.987675
0.994865
0.990055
0.990670
0.985090
0.989090
0.982000
0.990780
0.980070
0.981810
0.994945
0.994950
0.991885
0.986780
0.982955
0.980985
0.994870
0.986805
0.969245
0.991005
0.985005
0.990830
0.993735
0.989765
0.994900
0.978865
0.994750
0.993690
0.984040
0.985855
0.993700
0.974965
0.992910
0.978225
0.990855
0.988940
