0.994865
0.994930
0.994840
0.994970
0.994585
0.994715
0.994655
0.994845
0.995145
0.994725
0.994945
0.994800
0.994870
0.994755
0.994670
0.995025
0.995215
0.994735
0.994865
0.994755
0.994745
0.985040
0.994940
0.993970
0.994975
0.993440
0.990050
0.994920
0.991800
0.993970
0.994910
0.994925
0.994950
0.994685
0.993775
0.993830
0.986915
0.994760
0.994700
0.993595
0.994060
0.994945
0.994905
0.994680
0.995015
0.994775
0.994960
0.994630
0.981770
0.979930
0.993620
0.994835
0.995080
0.978125
0.994955
0.994920
0.993565
0.988775
0.994725
0.994865
0.994500
0.993590
0.989970
0.994835
0.994825
0.993020
0.990960
0.984075
0.994820
0.989045
0.994740
0.993035
0.994830
0.988840
0.994795
0.976040
0.994575
0.989920
0.987055
0.968265
0.989935
0.994905
0.992575
0.994895
0.972105
0.987725
0.994975
0.993800
0.994825
0.994665
0.989010
0.994500
0.994640
0.994790
0.994990
0.986975
0.994560
0.982800
0.989945
0.994880
0.994825
0.994695
0.966460
0.994775
0.991605
0.994715
0.994765
0.949715
0.984195
0.994510
0.963355
0.993005
0.994625
0.993700
0.994850
0.994750
0.992215
0.994460
0.980065
0.981070
0.994510
0.992935
0.995155
0.955160
0.988700
0.991795
0.984930
0.994905
0.994805
0.991870
0.973290
0.994835
0.992955
0.990770
0.970350
0.993125
0.992655
0.994980
0.994705
0.994895
0.992955
0.994915
0.982860
0.989905
0.991945
0.976810
0.991140
0.963405
0.981560
0.983105
0.992705
0.992885
0.992855
0.984295
0.992795
0.991730
0.987030
0.975010
0.988715
0.993810
0.971465
0.978385
0.992890
0.970130
0.989785
0.994830
0.985000
0.986815
0.989775
0.991940
0.979180
0.988110
0.981110
0.985070
0.995005
0.994725
0.992895
0.988705
0.984040
0.977100
0.994790
0.984070
0.951315
0.990940
0.984995
0.988725
0.991630
0.989695
0.994425
0.967300
0.989795
0.994600
0.981755
0.981750
0.995095
0.973870
0.992805
0.970360
0.990800
0.989610
