0.995055
0.994750
0.994645
0.995305
0.994930
0.994945
0.994905
0.994990
0.994960
0.995075
0.994615
0.994880
0.994905
0.994870
0.994950
0.994885
0.994900
0.994775
0.994945
0.994825
0.994820
0.985755
0.995140
0.993615
0.994815
0.994695
0.991635
0.994725
0.991880
0.995010
0.995030
0.994695
0.994770
0.994385
0.991700
0.994870
0.982610
0.994755
0.994360
0.991885
0.988895
0.994860
0.994515
0.994175
0.994715
0.994425
0.994555
0.994465
0.977955
0.985940
0.990610
0.994965
0.993605
0.984060
0.994670
0.995000
0.995080
0.993760
0.994730
0.993705
0.994915
0.994915
0.991560
0.994720
0.994760
0.992745
0.994865
0.978105
0.994990
0.988640
0.994905
0.994090
0.994675
0.992900
0.994700
0.973180
0.994720
0.991745
0.988970
0.978685
0.991010
0.994620
0.990730
0.994090
0.975120
0.983020
0.994825
0.994860
0.994880
0.994945
0.990605
0.994845
0.994780
0.994605
0.993770
0.985895
0.994910
0.982945
0.985885
0.994705
0.994765
0.995025
0.975950
0.994915
0.993685
0.994630
0.994750
0.963635
0.977945
0.991620
0.969135
0.992870
0.992635
0.993795
0.994880
0.994765
0.994755
0.994805
0.986870
0.986100
0.994590
0.991520
0.993485
0.953430
0.988905
0.988920
0.990790
0.994800
0.994755
0.992905
0.976130
0.994700
0.990875
0.991750
0.979945
0.994955
0.993170
0.990910
0.994655
0.994605
0.994770
0.993585
0.984660
0.991125
0.991665
0.974165
0.992900
0.965260
0.984930
0.990175
0.993555
0.992925
0.992070
0.983105
0.991710
0.991785
0.988995
0.970380
0.993835
0.991905
0.968980
0.980220
0.993750
0.967095
0.991025
0.994850
0.987940
0.988725
0.987740
0.979605
0.978970
0.986850
0.985765
0.982265
0.993065
0.995010
0.991685
0.986040
0.982255
0.978125
0.994605
0.981170
0.961390
0.989755
0.990000
0.988930
0.994690
0.994035
0.995110
0.978080
0.993070
0.993640
0.989855
0.982720
0.994740
0.976135
0.995075
0.975165
0.991715
0.993975
