0.994670
0.994670
0.994700
0.994640
0.994920
0.994450
0.994365
0.994710
0.994740
0.994805
0.994565
0.994535
0.994650
0.994905
0.994735
0.994780
0.994960
0.994925
0.994695
0.994540
0.994395
0.980045
0.994965
0.994910
0.994625
0.992925
0.993795
0.994660
0.993955
0.994995
0.994725
0.994585
0.994565
0.992550
0.993850
0.994765
0.985005
0.994920
0.993685
0.993880
0.990625
0.994960
0.994565
0.995075
0.995035
0.994905
0.994910
0.994850
0.979975
0.979975
0.990650
0.994855
0.994760
0.978975
0.995015
0.994545
0.994675
0.987800
0.994545
0.992760
0.994925
0.995055
0.993890
0.994615
0.995055
0.994950
0.995000
0.978750
0.994590
0.991690
0.994930
0.994935
0.994710
0.991950
0.994805
0.968220
0.994620
0.990880
0.985110
0.960475
0.985855
0.994705
0.989975
0.993515
0.971155
0.983905
0.994645
0.994990
0.994645
0.994715
0.989080
0.994505
0.994975
0.992530
0.994755
0.983115
0.994630
0.985705
0.986790
0.993660
0.994910
0.994885
0.970075
0.994705
0.991795
0.994810
0.994870
0.952410
0.977100
0.990885
0.970210
0.993870
0.993810
0.994780
0.993900
0.994750
0.994035
0.993975
0.985905
0.982875
0.993775
0.992035
0.993525
0.954250
0.986920
0.991750
0.982850
0.994790
0.994735
0.994040
0.976190
0.994715
0.992800
0.990705
0.975920
0.993715
0.993795
0.993840
0.995015
0.994870
0.993880
0.993960
0.983270
0.993810
0.987730
0.980120
0.993830
0.964230
0.986860
0.976135
0.992810
0.993970
0.991770
0.983900
0.992785
0.993285
0.985800
0.973100
0.993885
0.991085
0.973305
0.977970
0.991460
0.975100
0.991075
0.994995
0.983745
0.992490
0.986410
0.985730
0.969345
0.984065
0.978200
0.982335
0.994805
0.993810
0.988725
0.990035
0.981970
0.976225
0.994610
0.983820
0.966170
0.989690
0.990250
0.990765
0.994895
0.988790
0.994335
0.968140
0.993835
0.994050
0.985185
0.981950
0.994905
0.977015
0.992005
0.984915
0.990810
0.983645
