0.995015
0.994765
0.994905
0.994885
0.994780
0.994765
0.994725
0.994835
0.995170
0.994740
0.994830
0.994765
0.994780
0.994865
0.994885
0.995155
0.994460
0.994865
0.994940
0.994905
0.994795
0.980105
0.994840
0.995025
0.994930
0.994820
0.994100
0.995000
0.993750
0.994820
0.994410
0.994735
0.994475
0.994705
0.988900
0.994895
0.985185
0.994705
0.995085
0.990925
0.987980
0.994855
0.994505
0.994965
0.995010
0.994690
0.992655
0.994830
0.976870
0.982055
0.994710
0.994585
0.994910
0.983040
0.994890
0.995035
0.994925
0.990135
0.994680
0.995065
0.994600
0.994785
0.992645
0.994705
0.994755
0.992925
0.994545
0.979195
0.994910
0.989595
0.994665
0.994510
0.994760
0.989690
0.994540
0.970215
0.994475
0.984945
0.985300
0.967275
0.987060
0.994825
0.987115
0.994810
0.976090
0.986040
0.994915
0.994635
0.994740
0.993915
0.993065
0.994760
0.994950
0.994520
0.994845
0.980250
0.994710
0.982660
0.985830
0.993735
0.994720
0.994890
0.964445
0.994690
0.992555
0.994745
0.994675
0.953370
0.977765
0.993830
0.972190
0.992985
0.992920
0.993850
0.994655
0.994545
0.993760
0.994960
0.986845
0.985900
0.994870
0.990820
0.994790
0.952475
0.986640
0.989795
0.986950
0.993825
0.993955
0.993860
0.970955
0.994650
0.992840
0.991860
0.980865
0.993895
0.989930
0.993720
0.992840
0.994710
0.994915
0.994920
0.984810
0.994125
0.989745
0.988910
0.993870
0.964120
0.984050
0.980350
0.994920
0.992780
0.995000
0.983880
0.994910
0.991710
0.989135
0.965990
0.995100
0.990935
0.966080
0.974840
0.991725
0.957465
0.984950
0.994995
0.984780
0.990905
0.990920
0.989885
0.972980
0.987020
0.981115
0.980115
0.993950
0.994640
0.991835
0.987945
0.984950
0.967570
0.994885
0.981000
0.966775
0.988805
0.990045
0.991970
0.993675
0.991975
0.994705
0.972895
0.993875
0.994040
0.984840
0.981200
0.994420
0.974050
0.992010
0.970025
0.987060
0.984055
