0.995080
0.994695
0.994425
0.994750
0.994465
0.994575
0.994740
0.994670
0.994640
0.995005
0.994985
0.994745
0.994915
0.994745
0.995100
0.994995
0.994820
0.994700
0.994970
0.994715
0.994865
0.981740
0.994770
0.994960
0.994840
0.992760
0.992755
0.994790
0.991905
0.992930
0.994705
0.994790
0.994660
0.994685
0.993680
0.994700
0.985730
0.994640
0.993725
0.991740
0.985750
0.994890
0.994785
0.994750
0.994710
0.995120
0.994635
0.994645
0.979770
0.985070
0.990920
0.994760
0.994750
0.979125
0.994705
0.994590
0.994830
0.990735
0.994720
0.993005
0.995000
0.992950
0.991810
0.994700
0.994965
0.990910
0.991610
0.980910
0.994755
0.989830
0.995010
0.993730
0.995055
0.990845
0.994705
0.976170
0.994705
0.989120
0.980865
0.964980
0.988075
0.992970
0.987770
0.994670
0.979220
0.985130
0.994800
0.993880
0.994730
0.994965
0.989995
0.994570
0.993630
0.994970
0.992355
0.980945
0.994860
0.982105
0.990640
0.992770
0.994910
0.994825
0.971180
0.994845
0.993550
0.994850
0.994985
0.953675
0.978945
0.992670
0.965975
0.991780
0.994475
0.994705
0.992865
0.994230
0.994755
0.995015
0.983830
0.984035
0.992410
0.994720
0.993760
0.962170
0.990600
0.991890
0.984985
0.992905
0.994835
0.993610
0.973910
0.994795
0.993090
0.989935
0.983825
0.994675
0.993860
0.992690
0.993880
0.994690
0.993905
0.994685
0.983105
0.992910
0.991885
0.983945
0.995070
0.977125
0.986080
0.980935
0.993465
0.995075
0.992470
0.977845
0.992960
0.989040
0.990620
0.976230
0.992930
0.992915
0.975170
0.981030
0.994010
0.949225
0.988915
0.994770
0.987980
0.985185
0.987650
0.983665
0.976135
0.989795
0.976920
0.983045
0.992610
0.992765
0.987875
0.986140
0.979980
0.974995
0.994940
0.984345
0.963405
0.989610
0.980695
0.989740
0.994785
0.991840
0.994935
0.971925
0.993180
0.992685
0.978875
0.982090
0.994420
0.965375
0.990850
0.981070
0.992055
0.982145
