0.994755
0.994710
0.994880
0.994970
0.994725
0.994765
0.994635
0.994600
0.994545
0.994820
0.994650
0.994795
0.994725
0.994455
0.994855
0.994675
0.994820
0.994625
0.994765
0.995160
0.994710
0.982820
0.994670
0.994995
0.994725
0.993745
0.992805
0.994880
0.992925
0.994610
0.993950
0.994840
0.994575
0.995350
0.991565
0.995030
0.984850
0.994605
0.994615
0.991695
0.990775
0.994810
0.994715
0.994675
0.993605
0.994780
0.993740
0.994755
0.985055
0.977940
0.993800
0.994980
0.993635
0.983955
0.994930
0.994620
0.994690
0.992045
0.994560
0.992700
0.994620
0.994800
0.991880
0.994730
0.994550
0.994970
0.989605
0.981975
0.994980
0.988015
0.994675
0.994545
0.994730
0.986095
0.994845
0.966295
0.994950
0.989810
0.987885
0.964160
0.980915
0.995170
0.990245
0.994760
0.981780
0.987875
0.994860
0.994065
0.994795
0.992705
0.985945
0.994910
0.994680
0.994575
0.995040
0.987935
0.994540
0.984030
0.985120
0.992815
0.994755
0.994740
0.971320
0.994715
0.990920
0.994790
0.994615
0.952605
0.977050
0.989720
0.961170
0.991905
0.993760
0.992950
0.993880
0.994610
0.991885
0.993475
0.985145
0.982005
0.994790
0.994435
0.995025
0.959270
0.985860
0.991820
0.986945
0.994815
0.993950
0.992685
0.973060
0.993790
0.993780
0.989700
0.984080
0.994920
0.993785
0.994535
0.994755
0.994775
0.993005
0.994900
0.984010
0.994795
0.990895
0.984850
0.993805
0.956425
0.981865
0.980810
0.991835
0.992630
0.994725
0.981010
0.992835
0.989650
0.989885
0.964895
0.993590
0.989905
0.976255
0.974995
0.993845
0.959480
0.990575
0.994745
0.984650
0.990770
0.983980
0.985160
0.972210
0.985785
0.974230
0.981295
0.993790
0.994890
0.987860
0.983115
0.985865
0.975155
0.994565
0.982145
0.961400
0.988705
0.990160
0.994840
0.994930
0.985825
0.995020
0.970035
0.993700
0.994955
0.981015
0.983850
0.993680
0.978145
0.992800
0.969145
0.989830
0.989115
