0.994700
0.994710
0.994830
0.994955
0.994660
0.994700
0.995095
0.994960
0.994875
0.994600
0.994815
0.994555
0.994895
0.995015
0.994700
0.994655
0.994985
0.994775
0.994705
0.994925
0.994735
0.980070
0.994735
0.994955
0.994815
0.994880
0.993890
0.994740
0.992115
0.994745
0.994865
0.994775
0.994665
0.994280
0.994635
0.994915
0.986720
0.994770
0.993695
0.987885
0.989765
0.995130
0.994890
0.994610
0.994865
0.994705
0.993975
0.994850
0.970985
0.989825
0.993065
0.994855
0.994670
0.981715
0.994640
0.994855
0.994915
0.988950
0.994790
0.994050
0.994765
0.994710
0.990945
0.995055
0.994880
0.994800
0.992790
0.976200
0.995040
0.984735
0.994735
0.994640
0.994870
0.991720
0.994800
0.966245
0.993795
0.992935
0.987805
0.969100
0.989855
0.994540
0.982030
0.994240
0.967220
0.985775
0.994890
0.994810
0.994970
0.994390
0.988945
0.994795
0.993455
0.994865
0.995165
0.977005
0.995020
0.988745
0.990975
0.991955
0.994840
0.994675
0.966105
0.994750
0.990945
0.994725
0.994490
0.960875
0.969075
0.993870
0.959520
0.991990
0.994460
0.994635
0.994520
0.994650
0.994745
0.993935
0.987990
0.986055
0.993790
0.990685
0.993800
0.954465
0.989055
0.991725
0.988115
0.992870
0.993520
0.993630
0.974845
0.994730
0.993975
0.990140
0.980325
0.994965
0.993690
0.994910
0.994695
0.994800
0.994565
0.994830
0.985015
0.993820
0.991875
0.982690
0.993765
0.963280
0.985900
0.977980
0.995035
0.992980
0.994875
0.981970
0.992835
0.988825
0.988805
0.978275
0.993085
0.992760
0.959285
0.981935
0.990955
0.965305
0.987860
0.994660
0.987130
0.992685
0.988185
0.989025
0.980970
0.983980
0.980315
0.980025
0.993780
0.994720
0.992785
0.988725
0.984865
0.969915
0.994605
0.986950
0.957070
0.992975
0.986070
0.991850
0.994640
0.988085
0.994665
0.982220
0.994835
0.993860
0.987765
0.986885
0.994940
0.976935
0.994080
0.974255
0.990580
0.990810
