0.994775
0.994695
0.994880
0.995050
0.994635
0.994725
0.994950
0.994865
0.994910
0.994700
0.994750
0.994895
0.995035
0.994975
0.994675
0.994615
0.994865
0.994790
0.994760
0.994975
0.994515
0.981875
0.994805
0.994610
0.994755
0.993700
0.994900
0.994755
0.993740
0.994700
0.994820
0.994795
0.994680
0.994855
0.992710
0.994565
0.985780
0.995005
0.994845
0.993145
0.988745
0.994990
0.994950
0.994660
0.994555
0.994925
0.994295
0.994805
0.970910
0.981090
0.993750
0.994835
0.995015
0.988045
0.994435
0.994790
0.994710
0.994885
0.994750
0.991785
0.994775
0.993585
0.993720
0.995010
0.994945
0.993955
0.993760
0.983850
0.994875
0.989065
0.994625
0.994730
0.995085
0.990020
0.994750
0.969985
0.994950
0.989560
0.983225
0.960215
0.990730
0.993595
0.985555
0.994615
0.973095
0.984065
0.994810
0.993520
0.994685
0.994440
0.991760
0.994690
0.994810
0.994935
0.995025
0.980935
0.994725
0.984930
0.987090
0.994575
0.995085
0.994880
0.961830
0.994845
0.991675
0.994475
0.994670
0.948295
0.978040
0.993765
0.969065
0.989645
0.994685
0.994715
0.994720
0.994725
0.994720
0.994070
0.982035
0.980045
0.992915
0.995095
0.994895
0.963265
0.992185
0.992995
0.984905
0.994640
0.993945
0.993715
0.969980
0.994830
0.992815
0.987170
0.981770
0.994720
0.993880
0.994695
0.992035
0.994770
0.994880
0.993735
0.987595
0.994790
0.989830
0.982935
0.993805
0.959235
0.986780
0.980955
0.994770
0.994880
0.992930
0.984835
0.990550
0.992640
0.983960
0.968335
0.992925
0.990630
0.971200
0.980035
0.994125
0.967080
0.993750
0.994605
0.983860
0.991210
0.987950
0.986685
0.973945
0.975165
0.974305
0.977135
0.993900
0.994740
0.989875
0.986830
0.980905
0.973980
0.994890
0.983890
0.965435
0.992680
0.988780
0.993655
0.994045
0.988005
0.994765
0.980125
0.994565
0.994000
0.976005
0.977940
0.993760
0.978270
0.995060
0.983280
0.988740
0.991655
