0.994695
0.994435
0.994750
0.994930
0.994735
0.994830
0.994740
0.994545
0.994820
0.994935
0.994505
0.994725
0.994940
0.994950
0.995020
0.994885
0.995055
0.994960
0.994595
0.994690
0.994715
0.985830
0.994505
0.994855
0.994295
0.994610
0.993960
0.994805
0.993935
0.992075
0.994630
0.994795
0.994605
0.994960
0.993960
0.994590
0.982065
0.994960
0.994955
0.989000
0.989755
0.994805
0.994880
0.994900
0.994785
0.994710
0.993695
0.994770
0.984970
0.987180
0.993805
0.994725
0.994440
0.982565
0.994975
0.994955
0.994760
0.989740
0.994825
0.993235
0.994845
0.995010
0.992655
0.994715
0.994600
0.992615
0.991050
0.977920
0.994825
0.989720
0.994860
0.993555
0.994780
0.989295
0.994830
0.964085
0.994830
0.993670
0.987820
0.971125
0.989890
0.995010
0.985820
0.994940
0.973300
0.987020
0.994545
0.994840
0.994825
0.994875
0.985210
0.995055
0.995050
0.993700
0.992955
0.978955
0.994825
0.988030
0.986845
0.993640
0.994935
0.994810
0.964040
0.994730
0.992850
0.994515
0.994570
0.951080
0.979285
0.991805
0.961320
0.992840
0.993915
0.994835
0.993400
0.994910
0.993985
0.993750
0.988995
0.977170
0.994920
0.989170
0.994915
0.967200
0.990865
0.991930
0.988430
0.994555
0.994810
0.993915
0.970975
0.994600
0.992970
0.990735
0.975310
0.994640
0.993760
0.993905
0.994770
0.994910
0.993915
0.992890
0.983070
0.992670
0.991510
0.983035
0.990045
0.969380
0.981940
0.978215
0.993960
0.994715
0.994600
0.981115
0.994120
0.988890
0.987890
0.974160
0.992330
0.990910
0.962110
0.984105
0.993880
0.962615
0.991640
0.995045
0.987100
0.991795
0.988865
0.986560
0.974905
0.984865
0.970130
0.985120
0.993695
0.994795
0.992065
0.988830
0.985210
0.976140
0.994735
0.978095
0.958530
0.987265
0.984690
0.991670
0.994875
0.990945
0.994805
0.971120
0.994735
0.994805
0.986830
0.990100
0.994845
0.981005
0.988760
0.978895
0.987930
0.988805
