0.994710
0.994620
0.994525
0.994855
0.994685
0.994380
0.995030
0.994705
0.994930
0.994880
0.994615
0.994725
0.994955
0.994660
0.994845
0.994670
0.995060
0.994785
0.994680
0.994735
0.994685
0.981835
0.995090
0.994970
0.994965
0.994675
0.991750
0.994850
0.992810
0.992775
0.994900
0.995075
0.995000
0.994720
0.993450
0.994670
0.985955
0.994675
0.991790
0.990815
0.983715
0.994910
0.994675
0.994640
0.994615
0.994715
0.994695
0.994990
0.982255
0.982015
0.992915
0.994520
0.994740
0.983705
0.994790
0.994790
0.994875
0.991835
0.994845
0.993750
0.994895
0.994680
0.990940
0.994595
0.994635
0.994650
0.988960
0.979095
0.994560
0.989950
0.995010
0.993815
0.994890
0.991970
0.994420
0.967245
0.994770
0.987720
0.985890
0.969415
0.988720
0.994820
0.988880
0.992925
0.969080
0.984125
0.994860
0.994865
0.995160
0.994870
0.984365
0.994100
0.994895
0.994940
0.994740
0.988780
0.994680
0.987780
0.988885
0.993760
0.995015
0.994915
0.964140
0.994735
0.988980
0.994830
0.993695
0.950085
0.979075
0.993680
0.967120
0.990885
0.993940
0.994860
0.993110
0.994720
0.992795
0.991795
0.987945
0.980800
0.993635
0.992850
0.994750
0.956650
0.990865
0.990030
0.985725
0.994880
0.995035
0.994990
0.977290
0.994770
0.995205
0.992005
0.972050
0.994850
0.993955
0.992660
0.994435
0.994925
0.994065
0.993920
0.984835
0.993700
0.987295
0.984610
0.993035
0.971225
0.984060
0.977005
0.994560
0.994625
0.994080
0.979940
0.992860
0.990490
0.991035
0.967255
0.988910
0.994710
0.971055
0.976905
0.993715
0.967315
0.991615
0.995040
0.985960
0.988910
0.982100
0.989955
0.973190
0.988065
0.982805
0.980505
0.994565
0.994705
0.983785
0.982015
0.983020
0.975195
0.994730
0.986940
0.958330
0.993535
0.987770
0.989750
0.992900
0.991925
0.994895
0.974730
0.993030
0.993990
0.981910
0.983710
0.994740
0.979825
0.992855
0.980040
0.991885
0.987020
