0.994600
0.995005
0.994610
0.994615
0.994330
0.994985
0.994755
0.994835
0.994835
0.994645
0.994890
0.994745
0.995005
0.994845
0.994650
0.994775
0.994970
0.994585
0.994985
0.994920
0.994645
0.986055
0.995010
0.994425
0.995070
0.994510
0.989975
0.994880
0.993735
0.994815
0.993715
0.995000
0.994780
0.994860
0.992635
0.994990
0.982160
0.994705
0.994695
0.992035
0.988815
0.994980
0.994770
0.994965
0.994825
0.994635
0.993775
0.995090
0.979955
0.986945
0.994840
0.994895
0.994735
0.983685
0.994505
0.994895
0.994690
0.988010
0.994790
0.993880
0.994680
0.995175
0.993680
0.995140
0.994695
0.993915
0.989675
0.983855
0.994820
0.991835
0.994960
0.992790
0.994820
0.985795
0.994910
0.970325
0.994875
0.988775
0.988115
0.961395
0.991995
0.994310
0.991970
0.993910
0.974425
0.990225
0.994800
0.994085
0.995145
0.995070
0.983020
0.994670
0.994475
0.994940
0.994660
0.984350
0.994970
0.986165
0.985865
0.994000
0.994880
0.994710
0.979185
0.994930
0.993675
0.994640
0.994720
0.945355
0.985100
0.993130
0.961200
0.991915
0.993635
0.994725
0.995010
0.994700
0.994095
0.994630
0.984845
0.981885
0.993665
0.990925
0.994345
0.951280
0.987975
0.992250
0.988670
0.994885
0.994925
0.993795
0.973925
0.994860
0.992700
0.992905
0.978685
0.994805
0.993725
0.993745
0.993910
0.994630
0.994780
0.994770
0.977035
0.992785
0.987090
0.984050
0.991980
0.970025
0.980915
0.979995
0.995190
0.995045
0.993685
0.982020
0.989905
0.989745
0.987425
0.967190
0.992685
0.989950
0.977190
0.979120
0.992960
0.964090
0.988785
0.994780
0.986685
0.992985
0.985820
0.986945
0.972165
0.982995
0.980070
0.985835
0.995000
0.993805
0.987795
0.983070
0.986815
0.974965
0.994710
0.990830
0.966090
0.990710
0.979960
0.993980
0.994755
0.989225
0.994895
0.963090
0.992900
0.992520
0.979155
0.975105
0.995030
0.977950
0.993995
0.981810
0.990130
0.984945
