0.994950
0.994905
0.994870
0.994780
0.994755
0.994845
0.995055
0.994535
0.994645
0.994500
0.994605
0.995000
0.994720
0.994835
0.994830
0.994740
0.994760
0.994960
0.995350
0.994720
0.994985
0.979465
0.994745
0.994830
0.994970
0.994925
0.991845
0.994780
0.993915
0.995020
0.994820
0.994710
0.994660
0.994855
0.993480
0.995020
0.987980
0.994920
0.994780
0.986720
0.987760
0.994770
0.994970
0.994515
0.994685
0.994945
0.995030
0.994890
0.978880
0.980995
0.993175
0.994770
0.995000
0.982265
0.994615
0.995270
0.994660
0.991075
0.995180
0.992870
0.994830
0.994145
0.988950
0.994685
0.994750
0.994040
0.992620
0.980005
0.994785
0.987685
0.994800
0.994695
0.994840
0.987050
0.994720
0.968315
0.994635
0.991875
0.984400
0.959230
0.991765
0.993945
0.990890
0.993960
0.973210
0.985060
0.994725
0.994755
0.994715
0.994860
0.989600
0.994705
0.994855
0.994550
0.995020
0.981135
0.995030
0.984025
0.989935
0.992715
0.994895
0.994765
0.974145
0.994925
0.994025
0.994535
0.993720
0.955410
0.981085
0.987865
0.958210
0.992860
0.992090
0.993660
0.993820
0.994765
0.994975
0.992810
0.984960
0.979860
0.992970
0.989885
0.994790
0.974320
0.989715
0.989755
0.987905
0.993690
0.995075
0.991795
0.964975
0.994535
0.988790
0.991795
0.980290
0.992760
0.993910
0.993790
0.993990
0.994545
0.994980
0.993085
0.982140
0.992735
0.985005
0.973740
0.993740
0.967210
0.986730
0.980140
0.994850
0.994855
0.993815
0.980765
0.992075
0.990845
0.990485
0.975080
0.994815
0.991850
0.967425
0.988855
0.994750
0.963270
0.990820
0.994940
0.986025
0.989860
0.987870
0.981010
0.981050
0.982665
0.971870
0.987050
0.994585
0.994790
0.989800
0.990600
0.987030
0.981990
0.994940
0.980795
0.970260
0.987975
0.988840
0.991495
0.993630
0.989005
0.994525
0.973260
0.994920
0.994905
0.983890
0.984140
0.994800
0.981875
0.993050
0.972855
0.988635
0.986090
