0.994840
0.994685
0.994780
0.994765
0.995125
0.994865
0.994905
0.994615
0.994875
0.994745
0.994720
0.994755
0.994900
0.994985
0.994725
0.994690
0.994690
0.994995
0.994885
0.994695
0.994750
0.989150
0.994900
0.994900
0.994595
0.994800
0.989820
0.994835
0.992010
0.993675
0.994670
0.994640
0.995000
0.994555
0.987615
0.994720
0.985955
0.994800
0.993765
0.992020
0.987940
0.994760
0.994825
0.994955
0.994655
0.993605
0.994750
0.994740
0.977225
0.987675
0.991720
0.994640
0.994810
0.987825
0.994960
0.994760
0.994970
0.991445
0.994730
0.993655
0.994680
0.994900
0.990990
0.995135
0.994745
0.994830
0.992470
0.976045
0.994865
0.983865
0.994400
0.994545
0.994850
0.988830
0.994880
0.967260
0.994675
0.988010
0.985750
0.960940
0.990665
0.994520
0.986955
0.993625
0.971470
0.985975
0.994865
0.994565
0.994955
0.995080
0.987030
0.994715
0.994440
0.995060
0.993830
0.986965
0.994825
0.987060
0.990740
0.992755
0.994680
0.994685
0.966265
0.994740
0.991730
0.994720
0.994040
0.964715
0.979855
0.989760
0.971235
0.992835
0.993735
0.993880
0.994905
0.995020
0.994480
0.995035
0.982500
0.973940
0.993885
0.993105
0.994615
0.946495
0.985165
0.991895
0.986960
0.994740
0.994135
0.994815
0.972030
0.994795
0.994660
0.991890
0.974395
0.994630
0.993845
0.993735
0.994780
0.994830
0.992825
0.993685
0.988010
0.993575
0.989170
0.982195
0.992095
0.964280
0.977880
0.987075
0.993915
0.993850
0.992580
0.979845
0.991840
0.990165
0.991070
0.978145
0.992125
0.991830
0.972090
0.980830
0.994805
0.964245
0.985655
0.994850
0.984835
0.994740
0.984865
0.985860
0.970685
0.988665
0.979020
0.978755
0.994865
0.993825
0.989770
0.981645
0.983995
0.975150
0.995025
0.988765
0.963600
0.989930
0.984900
0.993875
0.993885
0.991105
0.994785
0.978895
0.992990
0.992140
0.988575
0.976100
0.994945
0.981110
0.993725
0.980085
0.992030
0.983090
