0.994730
0.994545
0.994880
0.994865
0.994715
0.994800
0.994885
0.994590
0.994510
0.994750
0.994785
0.994985
0.994635
0.994660
0.994550
0.994915
0.995070
0.994680
0.994755
0.994565
0.994795
0.984215
0.995035
0.994700
0.994730
0.994640
0.993090
0.994770
0.992120
0.993940
0.994620
0.994580
0.994990
0.994800
0.994495
0.995160
0.987805
0.994865
0.993785
0.990020
0.991750
0.994690
0.994945
0.994675
0.994310
0.995000
0.994640
0.993875
0.983100
0.986135
0.993875
0.995005
0.995125
0.981960
0.994800
0.994435
0.994830
0.990830
0.994360
0.990850
0.994965
0.994495
0.991750
0.994610
0.994800
0.993930
0.994765
0.984055
0.995025
0.984655
0.994920
0.994755
0.994935
0.990510
0.994760
0.961380
0.993635
0.991725
0.987895
0.967185
0.983150
0.994720
0.992060
0.994805
0.977050
0.984960
0.994760
0.992755
0.995185
0.993710
0.990890
0.995195
0.994900
0.992595
0.994905
0.981270
0.994835
0.982035
0.986935
0.994830
0.995035
0.994580
0.979245
0.994865
0.991885
0.994690
0.993655
0.958305
0.980895
0.992800
0.968355
0.991795
0.992810
0.994760
0.991750
0.994730
0.993865
0.993935
0.980935
0.975055
0.993725
0.994605
0.994845
0.956580
0.991780
0.988165
0.985065
0.994660
0.994660
0.995150
0.962325
0.994590
0.994805
0.990015
0.982930
0.994705
0.992495
0.992680
0.994660
0.994645
0.994100
0.992985
0.977255
0.993690
0.986065
0.983195
0.991955
0.959270
0.983725
0.986025
0.994995
0.995030
0.993630
0.980300
0.991975
0.991920
0.987140
0.967155
0.992585
0.990855
0.968090
0.981840
0.994910
0.972325
0.986015
0.994850
0.987950
0.988090
0.991060
0.987905
0.975160
0.989070
0.982935
0.988865
0.993670
0.994370
0.991845
0.988520
0.985820
0.972115
0.994505
0.985650
0.962275
0.985825
0.986000
0.988725
0.992810
0.985735
0.994660
0.974080
0.994665
0.993650
0.988095
0.978890
0.992595
0.981385
0.992685
0.979065
0.991715
0.987855
