0.994885
0.994890
0.994690
0.994625
0.994675
0.994605
0.994660
0.994705
0.994370
0.994740
0.994635
0.994990
0.994885
0.994825
0.995085
0.994675
0.994915
0.994775
0.995035
0.994890
0.994895
0.987015
0.994825
0.994520
0.995155
0.994560
0.993815
0.994850
0.990740
0.993545
0.994885
0.994895
0.994860
0.994950
0.993830
0.995005
0.987135
0.994800
0.993695
0.991030
0.987885
0.994870
0.994835
0.995030
0.994690
0.994700
0.993800
0.994730
0.979115
0.981750
0.993620
0.994560
0.993660
0.987045
0.994805
0.994835
0.994770
0.991600
0.995020
0.991965
0.994885
0.994805
0.991815
0.994955
0.994755
0.994870
0.993760
0.984000
0.994940
0.990995
0.995020
0.994925
0.994435
0.992350
0.993775
0.968225
0.994790
0.993970
0.985675
0.965335
0.988920
0.994785
0.993015
0.993750
0.969170
0.984170
0.994700
0.994840
0.993795
0.993995
0.986790
0.994845
0.994795
0.994430
0.994685
0.989920
0.994755
0.985935
0.987790
0.992690
0.994685
0.994745
0.974205
0.995015
0.988825
0.994940
0.992830
0.941590
0.973075
0.991820
0.969975
0.991825
0.990695
0.992915
0.993780
0.994675
0.994620
0.993685
0.983755
0.984615
0.994515
0.992730
0.994715
0.967245
0.991815
0.986800
0.988890
0.993815
0.994105
0.992055
0.976090
0.994690
0.991860
0.984895
0.982100
0.993820
0.992155
0.994885
0.994815
0.995085
0.993320
0.995105
0.987010
0.992880
0.982845
0.987120
0.992080
0.956185
0.983955
0.984080
0.993805
0.992935
0.993960
0.984915
0.993860
0.988925
0.988795
0.977000
0.992735
0.992750
0.969100
0.982075
0.993830
0.958195
0.990790
0.994675
0.988070
0.987695
0.985840
0.988655
0.969185
0.983985
0.986140
0.983985
0.993660
0.994670
0.989790
0.988095
0.984585
0.973475
0.995035
0.984645
0.964265
0.986210
0.983485
0.993740
0.992880
0.987625
0.994985
0.972245
0.995155
0.993860
0.986345
0.979030
0.994625
0.978085
0.991855
0.975240
0.993645
0.985820
