0.994680
0.994385
0.994915
0.994880
0.995030
0.994380
0.994905
0.994625
0.994880
0.994160
0.994675
0.994595
0.994715
0.994805
0.994975
0.994450
0.994785
0.995005
0.994905
0.994700
0.994595
0.986795
0.994710
0.994635
0.994760
0.992790
0.992665
0.994710
0.990710
0.994590
0.994825
0.994755
0.994665
0.994700
0.994235
0.994555
0.985035
0.994980
0.991480
0.992955
0.989885
0.994480
0.995295
0.994945
0.994820
0.994810
0.993390
0.994925
0.979070
0.980080
0.993725
0.994615
0.995045
0.983960
0.994725
0.995000
0.994880
0.992820
0.994975
0.993560
0.994585
0.993825
0.986050
0.994760
0.994535
0.993105
0.991795
0.980945
0.994550
0.988505
0.994805
0.992880
0.994670
0.988745
0.993830
0.963920
0.994815
0.985890
0.988750
0.968005
0.992750
0.995070
0.992665
0.993680
0.967470
0.985745
0.994610
0.995060
0.994630
0.994625
0.992805
0.994905
0.994810
0.994630
0.994795
0.985925
0.994870
0.989130
0.984095
0.993640
0.994770
0.994030
0.972220
0.994800
0.991880
0.994515
0.994695
0.956445
0.980185
0.993155
0.973060
0.991925
0.993125
0.994940
0.992920
0.994720
0.992910
0.992900
0.986765
0.983960
0.994795
0.992595
0.994845
0.952430
0.992190
0.989785
0.983235
0.994890
0.994465
0.993850
0.977050
0.994570
0.992420
0.992935
0.973950
0.993905
0.994575
0.994925
0.993575
0.995050
0.992355
0.994700
0.984000
0.993825
0.986985
0.986025
0.992670
0.969055
0.978600
0.971095
0.991735
0.994555
0.994700
0.984935
0.992780
0.989795
0.986085
0.975020
0.992405
0.992860
0.967325
0.982910
0.993760
0.962190
0.987825
0.994925
0.990850
0.993040
0.988925
0.992015
0.977060
0.985800
0.973975
0.984005
0.992855
0.994720
0.991140
0.984845
0.978945
0.978870
0.995035
0.981880
0.964415
0.987655
0.985000
0.990720
0.993460
0.987020
0.994730
0.976310
0.994080
0.993945
0.986960
0.982030
0.994810
0.981880
0.992790
0.978315
0.989665
0.982770
