0.995095
0.994970
0.994580
0.994840
0.994475
0.994715
0.994665
0.995195
0.995025
0.994730
0.994745
0.994680
0.994930
0.994585
0.994925
0.994740
0.994670
0.994980
0.994955
0.994995
0.994775
0.978885
0.994860
0.995065
0.994800
0.994740
0.991860
0.994700
0.993835
0.994910
0.994725
0.994700
0.994460
0.995025
0.993900
0.994585
0.985850
0.994825
0.993925
0.991120
0.988040
0.994660
0.994900
0.994740
0.994810
0.994870
0.994670
0.994870
0.980960
0.982820
0.991720
0.994615
0.993830
0.979310
0.994365
0.994775
0.994705
0.992845
0.994540
0.993960
0.994880
0.994810
0.991820
0.994955
0.993615
0.993840
0.992895
0.983970
0.994835
0.992865
0.994450
0.994930
0.994615
0.988010
0.994405
0.971225
0.992660
0.991720
0.985990
0.976040
0.989695
0.994595
0.987755
0.992860
0.966445
0.983635
0.994525
0.992675
0.994775
0.994770
0.986930
0.994565
0.994810
0.994085
0.993425
0.985845
0.995005
0.984995
0.987810
0.994975
0.994710
0.994860
0.975015
0.994800
0.991095
0.994695
0.994540
0.951345
0.986000
0.990955
0.968160
0.993020
0.992825
0.993720
0.993930
0.994435
0.994785
0.994830
0.982890
0.983815
0.993700
0.991995
0.993700
0.959320
0.990270
0.992175
0.987080
0.994685
0.994640
0.993855
0.977070
0.995045
0.992890
0.989840
0.976140
0.994940
0.993925
0.994710
0.995160
0.994960
0.994855
0.993865
0.983040
0.993805
0.993640
0.986030
0.992825
0.964555
0.990550
0.979235
0.994605
0.994740
0.992910
0.977930
0.991500
0.990825
0.987220
0.977180
0.993655
0.992850
0.977865
0.979200
0.993860
0.973190
0.985985
0.994665
0.988905
0.991970
0.989730
0.990900
0.973170
0.986665
0.964270
0.986615
0.992990
0.994015
0.990000
0.990045
0.988915
0.975170
0.994625
0.977005
0.955500
0.988585
0.989030
0.989235
0.994585
0.993970
0.994515
0.971085
0.993665
0.992535
0.974080
0.981335
0.994590
0.983125
0.988820
0.971970
0.991945
0.988970
