0.994970
0.994770
0.994630
0.994815
0.994905
0.994860
0.994430
0.994610
0.994740
0.994990
0.995010
0.994675
0.994545
0.994880
0.994910
0.994795
0.994990
0.994950
0.994715
0.994875
0.995105
0.978950
0.994895
0.994880
0.994575
0.993850
0.994545
0.994860
0.993725
0.994680
0.995040
0.994680
0.994855
0.993610
0.992960
0.994830
0.990885
0.994790
0.994845
0.994685
0.989700
0.994840
0.994790
0.994570
0.994915
0.994620
0.994915
0.995125
0.983040
0.983945
0.991380
0.994640
0.993690
0.981715
0.994840
0.994855
0.994680
0.994750
0.994865
0.993775
0.994685
0.995090
0.992575
0.994355
0.994850
0.993610
0.994840
0.987090
0.994615
0.987910
0.994830
0.994775
0.994705
0.990050
0.994525
0.969330
0.995025
0.992635
0.990900
0.959225
0.994655
0.994550
0.987020
0.994930
0.971210
0.980615
0.995175
0.994850
0.994655
0.994745
0.988115
0.994955
0.994595
0.993855
0.994740
0.980205
0.994905
0.986025
0.986895
0.994785
0.994860
0.994775
0.972995
0.994860
0.992865
0.994875
0.992830
0.953455
0.978135
0.988440
0.961310
0.989825
0.994880
0.994720
0.992885
0.994785
0.991765
0.993945
0.981620
0.982990
0.993855
0.992555
0.994610
0.966330
0.988790
0.990280
0.987855
0.994935
0.995040
0.994590
0.970990
0.994540
0.992810
0.987585
0.979130
0.993925
0.991775
0.993850
0.992960
0.994720
0.994975
0.994990
0.987890
0.994020
0.989020
0.977805
0.993890
0.959320
0.984700
0.984305
0.994795
0.993890
0.993950
0.986035
0.991020
0.988920
0.988685
0.977230
0.991960
0.994105
0.971175
0.985070
0.992710
0.963445
0.989940
0.994840
0.987475
0.992765
0.988105
0.988075
0.979950
0.987735
0.984175
0.982975
0.994785
0.994905
0.991940
0.988915
0.981230
0.973260
0.994715
0.984975
0.958440
0.987995
0.988410
0.991900
0.992990
0.990095
0.994925
0.972155
0.994835
0.993935
0.980700
0.975060
0.994700
0.976080
0.994675
0.979070
0.990035
0.986970
