1.000000
1.000000
1.000000
1.000000
1.000000
1.000000
1.000000
1.000000
1.000000
1.000000
1.000000
1.000000
1.000000
1.000000
1.000000
1.000000
1.000000
1.000000
1.000000
1.000000
1.000000
0.999985
1.000000
1.000000
1.000000
0.999975
0.999995
1.000000
1.000000
0.999990
0.999995
1.000000
1.000000
0.999995
0.999750
1.000000
0.999735
1.000000
0.999995
1.000000
0.999650
1.000000
0.999995
1.000000
1.000000
1.000000
1.000000
1.000000
0.999660
0.999715
0.999570
1.000000
0.999995
0.999630
1.000000
1.000000
0.999995
1.000000
1.000000
0.999995
1.000000
1.000000
0.999950
1.000000
1.000000
0.999995
0.999940
0.999970
1.000000
0.999660
0.999995
0.999995
1.000000
0.999995
1.000000
0.999665
1.000000
0.999705
1.000000
0.999995
0.999690
0.999995
0.999965
0.999975
0.999970
0.999715
1.000000
1.000000
0.999980
1.000000
0.999965
1.000000
0.999995
1.000000
1.000000
0.988295
1.000000
0.999720
0.999985
0.999675
1.000000
1.000000
0.999980
1.000000
0.999740
1.000000
0.999985
0.999945
0.999605
1.000000
0.999680
1.000000
0.999995
1.000000
1.000000
1.000000
0.999720
0.999980
0.999725
0.999950
0.999995
1.000000
0.999995
0.999960
0.999995
0.999960
0.999670
1.000000
0.999670
0.999975
0.999650
0.999645
0.999425
0.999995
0.999970
0.999985
1.000000
1.000000
0.999965
1.000000
0.999980
0.999995
0.999990
1.000000
0.999990
0.999645
0.999960
0.999130
0.999655
0.999950
0.999665
0.999995
0.999505
0.999985
0.999980
0.999960
0.999990
0.999965
0.999980
0.999975
0.999985
0.999630
0.999645
0.999965
0.999580
1.000000
0.999670
0.999995
0.999760
0.999545
0.999680
0.999625
0.999540
0.999770
0.999990
0.999985
0.999980
0.999985
0.999975
0.999985
0.999970
0.999980
0.999935
0.999645
0.999665
0.999970
0.999980
0.999760
0.999975
0.999960
0.999955
0.999970
0.999640
0.999965
0.999990
0.999735
0.999980
0.999650
0.999950
0.999985
