1.000000
1.000000
1.000000
1.000000
1.000000
1.000000
1.000000
1.000000
1.000000
1.000000
1.000000
1.000000
1.000000
1.000000
1.000000
1.000000
1.000000
1.000000
1.000000
1.000000
1.000000
0.999990
1.000000
0.999990
1.000000
0.999975
0.999995
1.000000
0.999985
0.999995
1.000000
1.000000
1.000000
0.999995
0.999775
1.000000
0.999720
1.000000
0.999990
0.999995
0.999630
1.000000
0.999995
1.000000
1.000000
1.000000
1.000000
1.000000
0.999675
0.999730
0.999660
1.000000
1.000000
0.999720
1.000000
1.000000
0.999995
0.999995
1.000000
0.999995
1.000000
0.999985
0.999995
1.000000
1.000000
0.999995
0.999960
0.999975
1.000000
0.999675
1.000000
0.999995
1.000000
0.999995
1.000000
0.999590
1.000000
0.999715
0.999990
0.999970
0.999665
1.000000
0.999980
0.999960
0.999975
0.999720
1.000000
1.000000
0.999975
1.000000
0.999975
1.000000
0.999995
0.999995
0.999995
0.988395
1.000000
0.999775
1.000000
0.999810
1.000000
1.000000
0.999975
1.000000
0.999710
1.000000
0.999980
0.999985
0.999650
1.000000
0.999670
0.999990
0.999995
0.999980
0.999990
1.000000
0.999725
0.999980
0.999730
0.999960
1.000000
1.000000
1.000000
0.999925
0.999990
0.999950
0.999680
1.000000
0.999680
0.999995
0.999630
0.999740
0.999580
1.000000
0.999965
0.999980
0.999995
1.000000
0.999980
1.000000
0.999995
1.000000
0.999985
1.000000
0.999950
0.999740
0.999960
0.999055
0.999645
0.999975
0.999685
1.000000
0.999415
0.999975
0.999995
0.999975
0.999975
0.999975
0.999995
0.999970
0.999975
0.999665
0.999740
0.999950
0.999715
1.000000
0.999750
0.999990
0.999695
0.999415
0.999680
0.999740
0.999630
0.999750
0.999980
0.999980
0.999970
0.999970
0.999980
0.999975
0.999970
0.999965
0.999935
0.999640
0.999695
0.999990
0.999975
0.999765
0.999975
0.999950
0.999985
0.999985
0.999760
0.999980
0.999970
0.999710
0.999965
0.999545
0.999965
0.999960
