1.000000
1.000000
1.000000
1.000000
1.000000
1.000000
1.000000
1.000000
1.000000
1.000000
1.000000
1.000000
1.000000
1.000000
1.000000
1.000000
1.000000
1.000000
1.000000
1.000000
1.000000
0.999980
1.000000
1.000000
1.000000
0.999975
0.999995
1.000000
1.000000
1.000000
1.000000
1.000000
1.000000
1.000000
0.999680
1.000000
0.999755
1.000000
1.000000
1.000000
0.999600
1.000000
0.999995
0.999995
1.000000
0.999995
1.000000
1.000000
0.999660
0.999745
0.999625
1.000000
0.999990
0.999655
1.000000
0.999995
0.999990
1.000000
1.000000
1.000000
1.000000
1.000000
0.999950
1.000000
1.000000
0.999995
0.999965
0.999950
1.000000
0.999655
1.000000
0.999995
1.000000
0.999995
1.000000
0.999580
1.000000
0.999660
0.999995
0.999960
0.999690
1.000000
0.999950
0.999985
0.999975
0.999700
1.000000
0.999995
0.999975
1.000000
0.999985
0.999990
0.999995
1.000000
0.999995
0.988280
1.000000
0.999745
1.000000
0.999700
1.000000
1.000000
0.999990
1.000000
0.999700
1.000000
1.000000
0.999940
0.999685
1.000000
0.999635
1.000000
1.000000
0.999955
0.999975
1.000000
0.999700
0.999975
0.999775
0.999950
0.999995
1.000000
1.000000
0.999950
0.999980
0.999975
0.999635
1.000000
0.999635
0.999980
0.999600
0.999665
0.999370
0.999995
0.999960
0.999990
1.000000
1.000000
0.999970
1.000000
0.999960
1.000000
0.999980
1.000000
0.999970
0.999605
0.999980
0.999240
0.999675
0.999965
0.999610
1.000000
0.999480
0.999975
0.999980
0.999965
0.999975
0.999985
0.999985
0.999975
0.999995
0.999675
0.999665
0.999955
0.999610
1.000000
0.999735
0.999975
0.999630
0.999530
0.999635
0.999775
0.999505
0.999715
0.999985
0.999985
0.999975
0.999985
0.999985
0.999975
0.999965
0.999985
0.999950
0.999665
0.999765
0.999990
0.999950
0.999645
0.999995
0.999980
0.999985
0.999995
0.999720
0.999970
0.999995
0.999755
0.999995
0.999555
0.999970
0.999975
