1.000000
1.000000
1.000000
1.000000
1.000000
1.000000
1.000000
1.000000
1.000000
1.000000
1.000000
1.000000
1.000000
1.000000
1.000000
1.000000
1.000000
1.000000
1.000000
1.000000
1.000000
0.999950
1.000000
0.999995
1.000000
0.999975
1.000000
1.000000
1.000000
0.999995
0.999995
1.000000
1.000000
1.000000
0.999735
1.000000
0.999675
1.000000
1.000000
1.000000
0.999695
1.000000
0.999980
1.000000
1.000000
1.000000
1.000000
0.999995
0.999625
0.999655
0.999675
1.000000
1.000000
0.999715
1.000000
0.999990
0.999995
1.000000
1.000000
1.000000
1.000000
1.000000
0.999985
1.000000
1.000000
1.000000
0.999975
0.999975
1.000000
0.999625
1.000000
0.999990
1.000000
0.999995
1.000000
0.999695
1.000000
0.999705
0.999995
0.999985
0.999690
0.999995
0.999970
0.999985
0.999980
0.999800
1.000000
1.000000
0.999975
1.000000
0.999960
1.000000
0.999995
1.000000
1.000000
0.988520
1.000000
0.999680
1.000000
0.999680
1.000000
1.000000
1.000000
1.000000
0.999670
1.000000
0.999985
0.999980
0.999650
1.000000
0.999665
1.000000
1.000000
0.999970
0.999990
1.000000
0.999695
0.999970
0.999695
0.999955
1.000000
0.999990
0.999995
0.999950
0.999975
0.999955
0.999650
1.000000
0.999650
0.999965
0.999700
0.999685
0.999530
0.999995
0.999980
0.999980
1.000000
1.000000
0.999970
1.000000
0.999960
1.000000
0.999995
1.000000
0.999980
0.999635
0.999965
0.999175
0.999605
0.999980
0.999625
1.000000
0.999510
0.999975
0.999970
0.999960
0.999980
0.999975
0.999975
0.999980
0.999985
0.999700
0.999685
0.999985
0.999675
1.000000
0.999775
0.999960
0.999645
0.999525
0.999650
0.999670
0.999670
0.999750
0.999975
0.999980
0.999955
0.999990
0.999990
0.999980
0.999990
0.999970
0.999980
0.999710
0.999725
0.999970
0.999970
0.999795
0.999970
0.999965
0.999960
0.999990
0.999685
0.999990
0.999965
0.999735
0.999980
0.999595
0.999970
0.999970
