1.000000
1.000000
1.000000
1.000000
1.000000
1.000000
1.000000
1.000000
1.000000
1.000000
1.000000
1.000000
1.000000
1.000000
1.000000
1.000000
1.000000
1.000000
1.000000
1.000000
1.000000
0.999985
1.000000
0.999995
1.000000
0.999990
1.000000
1.000000
1.000000
0.999995
1.000000
1.000000
1.000000
0.999995
0.999745
1.000000
0.999680
1.000000
1.000000
1.000000
0.999580
1.000000
0.999995
0.999990
1.000000
1.000000
1.000000
0.999995
0.999645
0.999745
0.999640
1.000000
1.000000
0.999700
1.000000
0.999995
0.999995
0.999995
1.000000
1.000000
1.000000
1.000000
0.999990
1.000000
1.000000
1.000000
0.999980
0.999975
1.000000
0.999645
1.000000
1.000000
1.000000
0.999990
1.000000
0.999645
0.999980
0.999745
0.999985
0.999930
0.999650
1.000000
0.999955
0.999960
0.999980
0.999690
1.000000
1.000000
0.999965
1.000000
0.999970
1.000000
1.000000
0.999995
1.000000
0.988490
1.000000
0.999750
0.999995
0.999675
1.000000
1.000000
0.999985
1.000000
0.999735
1.000000
0.999980
0.999975
0.999675
0.999995
0.999655
1.000000
1.000000
0.999980
0.999990
1.000000
0.999680
0.999970
0.999695
0.999950
0.999990
0.999990
0.999995
0.999970
0.999975
0.999970
0.999645
1.000000
0.999645
0.999930
0.999585
0.999690
0.999405
1.000000
0.999950
0.999990
1.000000
1.000000
0.999960
1.000000
0.999960
1.000000
0.999985
1.000000
0.999975
0.999630
0.999985
0.999230
0.999630
0.999985
0.999615
1.000000
0.999535
0.999970
0.999995
0.999965
0.999975
0.999965
0.999980
0.999970
0.999965
0.999705
0.999690
0.999990
0.999695
1.000000
0.999670
0.999980
0.999630
0.999465
0.999645
0.999720
0.999700
0.999720
0.999985
0.999965
0.999990
0.999980
0.999985
0.999970
0.999970
0.999980
0.999945
0.999605
0.999615
0.999990
0.999985
0.999705
0.999985
0.999970
0.999970
0.999995
0.999785
0.999970
0.999990
0.999730
0.999995
0.999625
0.999965
0.999960
