1.000000
1.000000
1.000000
1.000000
1.000000
1.000000
1.000000
1.000000
1.000000
1.000000
1.000000
1.000000
1.000000
1.000000
1.000000
1.000000
1.000000
1.000000
1.000000
1.000000
1.000000
0.999975
1.000000
1.000000
0.999995
0.999970
1.000000
1.000000
1.000000
0.999995
1.000000
1.000000
1.000000
1.000000
0.999735
0.999995
0.999625
1.000000
0.999995
1.000000
0.999620
1.000000
1.000000
1.000000
1.000000
1.000000
0.999995
1.000000
0.999560
0.999750
0.999695
1.000000
0.999990
0.999715
1.000000
1.000000
1.000000
0.999995
1.000000
1.000000
1.000000
1.000000
0.999975
1.000000
1.000000
1.000000
0.999950
0.999975
1.000000
0.999560
1.000000
0.999990
1.000000
0.999985
1.000000
0.999635
0.999995
0.999805
0.999990
0.999965
0.999735
0.999995
0.999970
0.999970
0.999975
0.999775
1.000000
1.000000
0.999995
1.000000
0.999955
1.000000
1.000000
1.000000
1.000000
0.988435
1.000000
0.999745
1.000000
0.999660
1.000000
0.999995
0.999980
1.000000
0.999735
1.000000
0.999980
0.999950
0.999670
1.000000
0.999700
1.000000
0.999995
0.999970
0.999955
1.000000
0.999720
0.999975
0.999790
0.999940
1.000000
1.000000
0.999990
0.999955
0.999995
0.999955
0.999680
1.000000
0.999680
0.999980
0.999625
0.999665
0.999550
1.000000
0.999965
0.999975
1.000000
0.999995
0.999965
1.000000
0.999985
0.999995
0.999985
1.000000
0.999970
0.999710
0.999975
0.999065
0.999665
0.999990
0.999710
1.000000
0.999505
0.999985
0.999980
0.999960
0.999965
0.999950
0.999990
0.999985
0.999985
0.999650
0.999665
0.999980
0.999695
1.000000
0.999725
0.999990
0.999645
0.999560
0.999680
0.999710
0.999650
0.999710
0.999970
0.999980
0.999980
0.999955
0.999970
0.999980
0.999965
0.999985
0.999975
0.999660
0.999685
0.999985
0.999975
0.999690
1.000000
0.999980
0.999990
0.999975
0.999785
0.999970
0.999960
0.999800
0.999980
0.999595
0.999970
0.999990
