1.000000
1.000000
1.000000
1.000000
1.000000
1.000000
1.000000
1.000000
1.000000
1.000000
1.000000
1.000000
1.000000
1.000000
1.000000
1.000000
1.000000
1.000000
1.000000
1.000000
1.000000
0.999965
1.000000
1.000000
1.000000
0.999985
0.999995
1.000000
0.999995
1.000000
0.999995
1.000000
1.000000
0.999995
0.999685
1.000000
0.999785
1.000000
0.999995
1.000000
0.999675
1.000000
0.999995
1.000000
0.999995
1.000000
1.000000
0.999995
0.999700
0.999675
0.999645
1.000000
0.999985
0.999635
1.000000
1.000000
1.000000
1.000000
1.000000
0.999995
1.000000
1.000000
0.999965
1.000000
0.999995
1.000000
0.999980
0.999975
1.000000
0.999700
1.000000
1.000000
1.000000
0.999990
0.999995
0.999645
1.000000
0.999645
1.000000
0.999970
0.999650
0.999995
0.999960
0.999955
0.999980
0.999755
1.000000
1.000000
0.999960
1.000000
0.999985
0.999990
1.000000
0.999995
1.000000
0.988205
1.000000
0.999715
0.999990
0.999655
1.000000
0.999995
0.999975
1.000000
0.999700
1.000000
0.999980
0.999970
0.999650
1.000000
0.999595
0.999985
1.000000
0.999970
0.999980
1.000000
0.999690
0.999975
0.999760
0.999965
0.999990
1.000000
0.999990
0.999960
0.999975
0.999950
0.999620
1.000000
0.999620
0.999980
0.999675
0.999685
0.999480
1.000000
0.999970
0.999975
0.999995
1.000000
0.999970
1.000000
0.999945
0.999995
0.999980
1.000000
0.999950
0.999740
0.999975
0.999250
0.999645
0.999980
0.999645
1.000000
0.999555
0.999960
0.999990
0.999980
0.999975
0.999965
0.999975
0.999980
0.999995
0.999665
0.999685
0.999985
0.999685
1.000000
0.999770
0.999985
0.999655
0.999490
0.999625
0.999730
0.999660
0.999645
0.999990
0.999990
0.999980
0.999970
0.999985
0.999985
0.999985
0.999975
0.999965
0.999595
0.999715
0.999975
0.999985
0.999655
0.999985
0.999980
0.999985
0.999975
0.999655
0.999960
0.999995
0.999755
0.999975
0.999640
0.999980
1.000000
