1.000000
1.000000
1.000000
1.000000
1.000000
1.000000
1.000000
1.000000
1.000000
1.000000
1.000000
1.000000
1.000000
1.000000
1.000000
1.000000
1.000000
1.000000
1.000000
1.000000
1.000000
0.999960
1.000000
1.000000
1.000000
0.999965
1.000000
1.000000
0.999995
1.000000
1.000000
1.000000
1.000000
0.999995
0.999675
1.000000
0.999760
1.000000
1.000000
0.999995
0.999660
1.000000
0.999995
1.000000
1.000000
1.000000
1.000000
1.000000
0.999680
0.999750
0.999675
1.000000
0.999995
0.999700
1.000000
1.000000
0.999990
1.000000
1.000000
1.000000
1.000000
0.999995
0.999980
1.000000
1.000000
0.999995
0.999955
0.999990
1.000000
0.999675
1.000000
1.000000
1.000000
0.999995
1.000000
0.999620
0.999995
0.999745
0.999995
0.999960
0.999630
1.000000
0.999965
0.999950
0.999985
0.999730
1.000000
1.000000
0.999980
1.000000
0.999955
0.999995
0.999985
0.999995
1.000000
0.988085
1.000000
0.999640
1.000000
0.999750
1.000000
0.999995
0.999985
1.000000
0.999790
1.000000
0.999970
0.999960
0.999640
0.999995
0.999755
1.000000
1.000000
0.999970
0.999990
1.000000
0.999710
0.999975
0.999765
0.999965
0.999995
0.999985
0.999990
0.999980
0.999980
0.999960
0.999660
0.999995
0.999660
0.999990
0.999660
0.999670
0.999415
1.000000
0.999970
0.999980
1.000000
1.000000
0.999985
0.999995
0.999975
1.000000
0.999995
1.000000
0.999965
0.999605
0.999970
0.999050
0.999690
0.999975
0.999570
1.000000
0.999530
0.999965
0.999990
0.999950
0.999985
0.999995
0.999990
0.999980
0.999990
0.999770
0.999670
0.999970
0.999655
1.000000
0.999740
0.999975
0.999620
0.999545
0.999660
0.999705
0.999575
0.999740
1.000000
0.999960
0.999960
0.999970
0.999980
0.999965
0.999970
0.999975
0.999950
0.999735
0.999750
0.999975
0.999975
0.999745
0.999970
0.999955
0.999980
0.999955
0.999725
0.999985
0.999985
0.999730
0.999990
0.999605
0.999955
0.999980
