1.000000
1.000000
1.000000
1.000000
1.000000
1.000000
1.000000
1.000000
1.000000
1.000000
1.000000
1.000000
1.000000
1.000000
1.000000
1.000000
1.000000
1.000000
1.000000
1.000000
1.000000
0.999975
1.000000
1.000000
1.000000
0.999990
1.000000
1.000000
1.000000
0.999995
0.999995
1.000000
1.000000
1.000000
0.999740
1.000000
0.999745
1.000000
0.999995
0.999990
0.999660
1.000000
1.000000
1.000000
1.000000
1.000000
0.999995
0.999995
0.999610
0.999775
0.999720
1.000000
0.999995
0.999680
1.000000
1.000000
0.999990
1.000000
1.000000
0.999990
1.000000
1.000000
0.999985
1.000000
1.000000
0.999995
0.999985
0.999975
1.000000
0.999610
1.000000
0.999990
1.000000
1.000000
1.000000
0.999690
0.999995
0.999695
0.999990
0.999965
0.999670
0.999995
0.999980
0.999980
0.999985
0.999770
1.000000
0.999995
0.999980
1.000000
0.999965
0.999995
1.000000
1.000000
1.000000
0.988515
1.000000
0.999730
1.000000
0.999725
1.000000
1.000000
0.999980
1.000000
0.999730
1.000000
0.999990
0.999965
0.999625
0.999995
0.999650
1.000000
0.999995
0.999990
0.999990
1.000000
0.999765
0.999970
0.999725
0.999970
1.000000
0.999995
1.000000
0.999965
0.999965
0.999965
0.999655
1.000000
0.999655
0.999965
0.999665
0.999690
0.999390
0.999995
0.999975
0.999975
1.000000
1.000000
0.999970
1.000000
0.999995
1.000000
0.999970
0.999995
0.999960
0.999665
0.999965
0.999325
0.999580
0.999975
0.999680
1.000000
0.999545
0.999970
0.999990
0.999935
0.999985
0.999980
0.999975
0.999980
0.999965
0.999715
0.999690
0.999965
0.999570
1.000000
0.999765
0.999990
0.999660
0.999565
0.999655
0.999680
0.999695
0.999685
0.999970
0.999975
0.999975
0.999950
0.999995
0.999960
0.999970
0.999965
0.999955
0.999710
0.999685
0.999990
0.999980
0.999745
0.999995
0.999980
0.999940
0.999985
0.999780
0.999985
0.999965
0.999665
0.999985
0.999600
0.999975
0.999975
