1.000000
1.000000
1.000000
1.000000
1.000000
1.000000
1.000000
1.000000
1.000000
1.000000
1.000000
1.000000
1.000000
1.000000
1.000000
1.000000
1.000000
1.000000
1.000000
1.000000
1.000000
0.999970
1.000000
1.000000
1.000000
0.999985
0.999995
1.000000
1.000000
0.999990
0.999995
1.000000
1.000000
0.999995
0.999725
1.000000
0.999735
1.000000
0.999980
1.000000
0.999690
1.000000
0.999995
0.999995
0.999995
0.999995
1.000000
0.999995
0.999715
0.999755
0.999710
1.000000
1.000000
0.999645
1.000000
1.000000
0.999995
1.000000
1.000000
1.000000
0.999995
1.000000
0.999945
1.000000
1.000000
1.000000
0.999960
0.999995
1.000000
0.999715
1.000000
0.999990
1.000000
0.999990
1.000000
0.999640
0.999995
0.999725
1.000000
0.999980
0.999755
0.999995
0.999995
0.999980
0.999960
0.999745
1.000000
1.000000
0.999970
1.000000
0.999955
1.000000
1.000000
1.000000
0.999995
0.988225
1.000000
0.999830
0.999995
0.999680
1.000000
1.000000
0.999970
1.000000
0.999660
1.000000
0.999975
0.999980
0.999720
1.000000
0.999695
0.999995
1.000000
0.999960
0.999990
1.000000
0.999620
0.999980
0.999720
0.999975
0.999995
1.000000
0.999995
0.999945
0.999965
0.999925
0.999680
1.000000
0.999680
0.999980
0.999690
0.999650
0.999430
1.000000
0.999930
0.999980
0.999990
1.000000
0.999985
1.000000
0.999970
0.999990
0.999990
0.999990
0.999950
0.999685
0.999965
0.999200
0.999665
0.999980
0.999710
0.999995
0.999565
0.999955
0.999975
0.999980
0.999990
0.999980
0.999990
0.999995
0.999970
0.999680
0.999650
0.999985
0.999690
1.000000
0.999745
0.999965
0.999690
0.999490
0.999685
0.999660
0.999625
0.999770
0.999980
0.999965
0.999985
0.999975
0.999975
0.999975
0.999960
0.999970
0.999965
0.999565
0.999715
0.999955
0.999980
0.999745
0.999990
0.999940
0.999955
0.999980
0.999740
0.999980
0.999970
0.999680
0.999980
0.999625
0.999960
0.999985
