1.000000
1.000000
1.000000
1.000000
1.000000
1.000000
1.000000
1.000000
1.000000
1.000000
1.000000
1.000000
1.000000
1.000000
1.000000
1.000000
1.000000
1.000000
1.000000
1.000000
1.000000
0.999985
1.000000
1.000000
1.000000
0.999975
1.000000
1.000000
1.000000
0.999995
1.000000
1.000000
1.000000
1.000000
0.999775
1.000000
0.999745
1.000000
1.000000
0.999990
0.999670
1.000000
0.999995
1.000000
1.000000
1.000000
0.999995
1.000000
0.999660
0.999645
0.999665
1.000000
1.000000
0.999645
1.000000
1.000000
0.999995
0.999995
1.000000
1.000000
1.000000
1.000000
0.999985
1.000000
1.000000
1.000000
0.999975
0.999975
1.000000
0.999660
1.000000
0.999995
1.000000
1.000000
1.000000
0.999645
1.000000
0.999765
0.999990
0.999955
0.999650
1.000000
0.999955
0.999975
0.999960
0.999745
1.000000
1.000000
0.999975
1.000000
0.999980
0.999995
0.999995
0.999995
0.999990
0.988320
1.000000
0.999770
0.999995
0.999755
1.000000
0.999990
0.999990
1.000000
0.999760
1.000000
0.999970
0.999975
0.999670
1.000000
0.999645
0.999990
1.000000
0.999935
0.999980
1.000000
0.999690
0.999960
0.999705
0.999960
1.000000
0.999990
0.999995
0.999960
0.999980
0.999950
0.999690
1.000000
0.999690
0.999985
0.999670
0.999675
0.999505
0.999995
0.999955
0.999980
1.000000
1.000000
0.999990
1.000000
0.999985
1.000000
0.999970
1.000000
0.999950
0.999610
0.999955
0.999150
0.999645
0.999990
0.999665
0.999995
0.999435
0.999975
0.999955
0.999980
0.999975
0.999965
0.999985
0.999975
0.999965
0.999690
0.999675
0.999970
0.999680
0.999995
0.999725
0.999985
0.999615
0.999435
0.999695
0.999710
0.999655
0.999665
0.999985
0.999990
0.999975
0.999975
0.999990
0.999970
0.999970
0.999980
0.999975
0.999540
0.999750
0.999985
0.999995
0.999695
0.999965
0.999955
0.999985
0.999990
0.999710
0.999970
0.999975
0.999715
0.999985
0.999590
0.999960
0.999950
