1.000000
1.000000
1.000000
1.000000
1.000000
1.000000
1.000000
1.000000
1.000000
1.000000
1.000000
1.000000
1.000000
1.000000
1.000000
1.000000
1.000000
1.000000
1.000000
1.000000
1.000000
0.999975
1.000000
0.999995
1.000000
0.999980
0.999995
1.000000
1.000000
0.999995
1.000000
1.000000
1.000000
1.000000
0.999700
0.999995
0.999760
1.000000
1.000000
0.999995
0.999625
1.000000
1.000000
1.000000
1.000000
1.000000
1.000000
1.000000
0.999635
0.999705
0.999670
1.000000
0.999985
0.999695
1.000000
0.999995
0.999995
0.999995
1.000000
1.000000
1.000000
1.000000
0.999970
1.000000
1.000000
0.999985
0.999970
0.999960
1.000000
0.999635
1.000000
1.000000
1.000000
1.000000
1.000000
0.999670
1.000000
0.999760
0.999995
0.999970
0.999730
1.000000
0.999965
0.999980
0.999975
0.999745
1.000000
1.000000
0.999985
1.000000
0.999980
0.999995
1.000000
0.999995
0.999995
0.988180
1.000000
0.999715
1.000000
0.999750
1.000000
0.999995
0.999985
1.000000
0.999715
1.000000
0.999980
0.999980
0.999655
1.000000
0.999735
1.000000
0.999985
0.999970
0.999990
1.000000
0.999660
0.999965
0.999765
0.999940
1.000000
1.000000
1.000000
0.999955
0.999970
0.999975
0.999700
1.000000
0.999700
0.999970
0.999630
0.999680
0.999485
1.000000
0.999950
0.999990
0.999995
0.999995
0.999990
1.000000
0.999975
1.000000
0.999980
0.999995
0.999970
0.999615
0.999960
0.998240
0.999755
0.999985
0.999690
0.999990
0.999475
0.999990
0.999970
0.999970
0.999945
0.999980
0.999975
0.999985
0.999955
0.999650
0.999680
0.999970
0.999605
1.000000
0.999625
0.999990
0.999675
0.999485
0.999705
0.999730
0.999610
0.999845
0.999970
0.999970
0.999970
0.999965
0.999995
0.999960
0.999955
0.999975
0.999960
0.999635
0.999655
0.999975
0.999975
0.999695
0.999955
0.999985
0.999970
0.999975
0.999705
0.999970
0.999965
0.999715
0.999980
0.999640
0.999955
0.999990
