1.000000
1.000000
1.000000
1.000000
1.000000
1.000000
1.000000
1.000000
1.000000
1.000000
1.000000
1.000000
1.000000
1.000000
1.000000
1.000000
1.000000
1.000000
1.000000
1.000000
1.000000
0.999975
1.000000
0.999995
0.999995
1.000000
1.000000
1.000000
1.000000
1.000000
0.999995
1.000000
1.000000
1.000000
0.999760
1.000000
0.999685
1.000000
0.999995
1.000000
0.999700
1.000000
0.999995
1.000000
1.000000
1.000000
1.000000
1.000000
0.999675
0.999730
0.999615
1.000000
0.999995
0.999640
1.000000
1.000000
0.999995
1.000000
1.000000
0.999995
1.000000
1.000000
0.999980
1.000000
1.000000
1.000000
0.999970
0.999950
1.000000
0.999670
1.000000
0.999995
1.000000
0.999985
1.000000
0.999625
0.999995
0.999775
0.999995
0.999955
0.999705
1.000000
0.999980
0.999975
0.999970
0.999775
1.000000
0.999990
0.999985
1.000000
0.999970
0.999995
1.000000
1.000000
1.000000
0.988285
1.000000
0.999750
1.000000
0.999740
1.000000
1.000000
0.999965
1.000000
0.999740
1.000000
0.999995
0.999975
0.999675
0.999995
0.999670
0.999995
1.000000
0.999970
0.999990
1.000000
0.999740
0.999975
0.999765
0.999970
1.000000
1.000000
1.000000
0.999980
0.999980
0.999950
0.999705
1.000000
0.999705
0.999965
0.999700
0.999680
0.999525
0.999995
0.999960
0.999990
1.000000
1.000000
0.999980
1.000000
0.999960
1.000000
0.999985
1.000000
0.999950
0.999615
0.999990
0.998390
0.999650
0.999965
0.999700
1.000000
0.999500
0.999985
0.999990
0.999960
0.999975
0.999975
0.999980
0.999985
0.999960
0.999645
0.999680
0.999980
0.999730
1.000000
0.999720
0.999990
0.999700
0.999505
0.999710
0.999750
0.999645
0.999750
0.999975
0.999995
0.999975
0.999980
0.999985
0.999970
0.999970
0.999970
0.999940
0.999640
0.999745
0.999975
0.999955
0.999680
0.999985
0.999970
0.999970
0.999975
0.999760
0.999960
0.999980
0.999755
0.999975
0.999615
0.999975
0.999960
