1.000000
1.000000
1.000000
1.000000
1.000000
1.000000
1.000000
1.000000
1.000000
1.000000
1.000000
1.000000
1.000000
1.000000
1.000000
1.000000
1.000000
1.000000
1.000000
1.000000
1.000000
0.999985
1.000000
1.000000
1.000000
0.999995
1.000000
1.000000
1.000000
0.999985
1.000000
1.000000
1.000000
0.999995
0.999735
1.000000
0.999795
1.000000
1.000000
0.999995
0.999595
1.000000
0.999995
1.000000
1.000000
1.000000
1.000000
1.000000
0.999705
0.999755
0.999660
1.000000
1.000000
0.999605
1.000000
0.999995
0.999990
0.999995
1.000000
1.000000
1.000000
1.000000
0.999940
1.000000
1.000000
1.000000
0.999960
0.999970
1.000000
0.999705
1.000000
0.999985
1.000000
1.000000
1.000000
0.999635
1.000000
0.999775
0.999995
0.999950
0.999670
1.000000
0.999990
0.999985
0.999985
0.999755
0.999995
1.000000
0.999965
1.000000
0.999955
0.999990
0.999995
0.999995
1.000000
0.988515
1.000000
0.999735
0.999995
0.999770
1.000000
1.000000
1.000000
1.000000
0.999725
1.000000
0.999980
0.999985
0.999645
1.000000
0.999685
0.999995
0.999995
0.999970
0.999985
1.000000
0.999705
0.999980
0.999735
0.999970
0.999995
1.000000
1.000000
0.999970
0.999985
0.999950
0.999685
1.000000
0.999680
0.999990
0.999605
0.999710
0.999435
0.999995
0.999945
0.999965
1.000000
0.999990
0.999990
1.000000
0.999980
0.999995
0.999985
1.000000
0.999980
0.999640
0.999955
0.999160
0.999675
0.999955
0.999765
0.999990
0.999580
0.999980
0.999985
0.999965
0.999980
0.999965
0.999985
0.999985
0.999990
0.999650
0.999710
0.999960
0.999685
1.000000
0.999725
0.999970
0.999600
0.999555
0.999685
0.999755
0.999630
0.999735
0.999970
0.999970
0.999950
0.999975
0.999970
0.999975
0.999975
0.999985
0.999950
0.999630
0.999790
0.999980
0.999980
0.999765
0.999965
0.999980
0.999970
0.999990
0.999705
0.999965
0.999980
0.999670
0.999980
0.999645
0.999975
0.999985
