1.000000
1.000000
1.000000
1.000000
1.000000
1.000000
1.000000
1.000000
1.000000
1.000000
1.000000
1.000000
1.000000
1.000000
1.000000
1.000000
1.000000
1.000000
1.000000
1.000000
1.000000
0.999980
1.000000
1.000000
1.000000
0.999985
1.000000
1.000000
0.999995
1.000000
1.000000
1.000000
1.000000
0.999990
0.999660
0.999995
0.999755
1.000000
0.999995
0.999995
0.999690
1.000000
0.999995
1.000000
1.000000
1.000000
1.000000
1.000000
0.999715
0.999785
0.999670
1.000000
1.000000
0.999690
1.000000
1.000000
0.999995
1.000000
1.000000
1.000000
1.000000
1.000000
0.999955
1.000000
1.000000
0.999995
0.999975
0.999975
1.000000
0.999710
1.000000
1.000000
1.000000
1.000000
1.000000
0.999600
1.000000
0.999685
1.000000
0.999955
0.999575
0.999995
0.999960
0.999970
0.999970
0.999735
1.000000
1.000000
0.999995
1.000000
0.999940
1.000000
1.000000
0.999995
1.000000
0.988555
1.000000
0.999780
1.000000
0.999695
1.000000
1.000000
0.999985
1.000000
0.999685
1.000000
1.000000
0.999980
0.999600
0.999995
0.999570
1.000000
0.999995
0.999975
0.999985
1.000000
0.999720
0.999995
0.999745
0.999950
1.000000
0.999990
1.000000
0.999950
0.999980
0.999975
0.999645
1.000000
0.999645
0.999940
0.999690
0.999730
0.999245
1.000000
0.999965
0.999990
1.000000
1.000000
0.999975
1.000000
0.999995
1.000000
0.999980
0.999995
0.999950
0.999590
0.999960
0.998285
0.999705
0.999960
0.999690
1.000000
0.999545
0.999980
0.999980
0.999945
0.999995
0.999970
0.999990
0.999960
0.999980
0.999650
0.999730
0.999975
0.999650
1.000000
0.999730
0.999990
0.999655
0.999555
0.999645
0.999815
0.999660
0.999705
0.999990
0.999990
0.999960
0.999975
1.000000
0.999975
0.999950
0.999985
0.999945
0.999695
0.999680
0.999975
0.999985
0.999710
0.999975
0.999970
0.999965
0.999990
0.999735
0.999975
0.999980
0.999710
0.999985
0.999590
0.999965
0.999980
