1.000000
1.000000
1.000000
1.000000
1.000000
1.000000
1.000000
1.000000
1.000000
1.000000
1.000000
1.000000
1.000000
1.000000
1.000000
1.000000
1.000000
1.000000
1.000000
1.000000
1.000000
0.999985
1.000000
1.000000
1.000000
0.999975
1.000000
1.000000
1.000000
1.000000
1.000000
1.000000
1.000000
0.999990
0.999735
1.000000
0.999755
1.000000
0.999990
0.999995
0.999700
1.000000
1.000000
0.999995
1.000000
1.000000
1.000000
1.000000
0.999640
0.999730
0.999710
1.000000
0.999990
0.999665
1.000000
1.000000
1.000000
1.000000
1.000000
1.000000
1.000000
1.000000
0.999975
1.000000
1.000000
1.000000
0.999980
0.999990
1.000000
0.999635
1.000000
0.999995
1.000000
1.000000
1.000000
0.999635
0.999995
0.999725
1.000000
0.999965
0.999715
1.000000
0.999955
0.999960
0.999950
0.999730
1.000000
1.000000
0.999965
1.000000
0.999970
0.999995
1.000000
0.999995
0.999995
0.988455
1.000000
0.999710
0.999995
0.999685
1.000000
0.999995
0.999975
1.000000
0.999690
1.000000
0.999970
0.999990
0.999555
1.000000
0.999700
0.999990
1.000000
0.999970
0.999985
1.000000
0.999740
0.999980
0.999690
0.999975
1.000000
1.000000
1.000000
0.999950
0.999995
0.999950
0.999630
1.000000
0.999630
0.999955
0.999700
0.999720
0.999495
1.000000
0.999930
0.999985
1.000000
1.000000
0.999980
1.000000
0.999985
1.000000
0.999985
0.999995
0.999935
0.999715
0.999975
0.999275
0.999650
0.999980
0.999595
1.000000
0.999475
0.999975
0.999985
0.999945
0.999980
0.999975
0.999990
0.999985
0.999960
0.999675
0.999720
0.999965
0.999735
1.000000
0.999675
0.999975
0.999680
0.999475
0.999630
0.999730
0.999745
0.999770
0.999990
0.999975
0.999975
0.999995
0.999985
0.999955
0.999960
0.999990
0.999930
0.999605
0.999715
0.999975
0.999980
0.999690
0.999985
0.999975
0.999950
0.999985
0.999740
0.999990
0.999985
0.999720
0.999990
0.999525
0.999975
0.999965
