1.000000
1.000000
1.000000
1.000000
1.000000
1.000000
1.000000
1.000000
1.000000
1.000000
1.000000
1.000000
1.000000
1.000000
1.000000
1.000000
1.000000
1.000000
1.000000
1.000000
1.000000
0.999975
1.000000
1.000000
1.000000
0.999990
1.000000
1.000000
1.000000
0.999985
0.999995
1.000000
1.000000
1.000000
0.999740
1.000000
0.999790
1.000000
1.000000
0.999995
0.999770
1.000000
1.000000
1.000000
1.000000
1.000000
1.000000
1.000000
0.999685
0.999770
0.999645
1.000000
0.999995
0.999780
1.000000
1.000000
1.000000
0.999995
1.000000
1.000000
1.000000
0.999995
0.999985
1.000000
1.000000
1.000000
0.999955
0.999955
1.000000
0.999685
1.000000
1.000000
1.000000
0.999995
1.000000
0.999710
0.999995
0.999730
1.000000
0.999960
0.999700
0.999995
0.999930
0.999985
0.999970
0.999820
1.000000
0.999995
0.999945
0.999995
0.999975
1.000000
1.000000
0.999995
1.000000
0.988705
1.000000
0.999685
0.999990
0.999720
1.000000
1.000000
0.999965
1.000000
0.999755
1.000000
0.999990
0.999960
0.999690
0.999995
0.999590
1.000000
0.999995
0.999980
0.999985
1.000000
0.999665
0.999980
0.999745
0.999980
1.000000
1.000000
1.000000
0.999970
0.999985
0.999960
0.999600
1.000000
0.999600
0.999980
0.999780
0.999630
0.999315
0.999995
0.999945
0.999985
1.000000
1.000000
0.999955
1.000000
0.999950
0.999995
0.999995
1.000000
0.999955
0.999665
0.999965
0.999075
0.999635
0.999950
0.999660
1.000000
0.999485
0.999975
0.999985
0.999980
0.999985
0.999970
1.000000
0.999980
0.999955
0.999625
0.999630
0.999960
0.999610
1.000000
0.999740
0.999980
0.999630
0.999410
0.999600
0.999735
0.999575
0.999785
0.999990
0.999995
0.999960
0.999965
0.999975
0.999975
0.999985
0.999980
0.999965
0.999705
0.999705
0.999995
0.999970
0.999725
0.999985
0.999965
0.999960
0.999980
0.999730
0.999945
0.999965
0.999715
0.999990
0.999630
0.999975
0.999975
