1.000000
1.000000
1.000000
1.000000
1.000000
1.000000
1.000000
1.000000
1.000000
1.000000
1.000000
1.000000
1.000000
1.000000
1.000000
1.000000
1.000000
1.000000
1.000000
1.000000
1.000000
0.999980
1.000000
1.000000
1.000000
0.999960
1.000000
1.000000
0.999985
1.000000
1.000000
1.000000
1.000000
1.000000
0.999730
1.000000
0.999775
1.000000
0.999995
0.999995
0.999660
1.000000
0.999995
1.000000
1.000000
0.999995
1.000000
1.000000
0.999660
0.999720
0.999610
1.000000
1.000000
0.999685
1.000000
1.000000
0.999995
1.000000
1.000000
1.000000
1.000000
0.999995
0.999985
1.000000
1.000000
0.999990
0.999960
0.999980
1.000000
0.999660
1.000000
1.000000
1.000000
0.999995
1.000000
0.999655
0.999995
0.999755
0.999995
0.999965
0.999655
0.999995
0.999955
0.999985
0.999985
0.999695
1.000000
0.999995
0.999975
1.000000
0.999950
0.999995
1.000000
1.000000
1.000000
0.988290
1.000000
0.999685
1.000000
0.999745
1.000000
0.999995
0.999985
1.000000
0.999730
1.000000
0.999960
0.999960
0.999560
0.999995
0.999605
1.000000
1.000000
0.999975
0.999975
1.000000
0.999655
0.999975
0.999760
0.999970
0.999995
1.000000
1.000000
0.999985
0.999985
0.999985
0.999690
1.000000
0.999690
0.999975
0.999660
0.999605
0.999505
1.000000
0.999980
0.999985
1.000000
1.000000
0.999965
1.000000
0.999975
0.999995
0.999990
0.999995
0.999960
0.999675
0.999980
0.999400
0.999680
0.999965
0.999630
1.000000
0.999460
0.999985
0.999990
0.999965
0.999955
0.999980
0.999990
0.999985
0.999975
0.999690
0.999605
0.999970
0.999645
1.000000
0.999695
0.999970
0.999645
0.999510
0.999690
0.999800
0.999565
0.999720
0.999985
0.999985
0.999975
0.999975
0.999960
0.999990
0.999970
0.999985
0.999955
0.999720
0.999685
0.999995
0.999985
0.999665
0.999980
0.999985
0.999980
0.999980
0.999730
0.999980
0.999990
0.999710
0.999990
0.999620
0.999950
0.999985
