1.000000
1.000000
1.000000
1.000000
1.000000
1.000000
1.000000
1.000000
1.000000
1.000000
1.000000
1.000000
1.000000
1.000000
1.000000
1.000000
1.000000
1.000000
1.000000
1.000000
1.000000
1.000000
1.000000
0.999995
1.000000
0.999995
1.000000
1.000000
1.000000
1.000000
1.000000
1.000000
1.000000
0.999995
0.999720
1.000000
0.999765
1.000000
1.000000
0.999995
0.999680
1.000000
1.000000
0.999995
1.000000
1.000000
1.000000
1.000000
0.999640
0.999725
0.999630
1.000000
0.999995
0.999615
1.000000
0.999995
1.000000
0.999995
1.000000
1.000000
1.000000
0.999995
0.999985
1.000000
1.000000
0.999990
0.999965
0.999980
1.000000
0.999640
1.000000
1.000000
1.000000
0.999995
1.000000
0.999675
0.999995
0.999715
1.000000
0.999970
0.999720
1.000000
0.999975
0.999975
0.999985
0.999750
1.000000
1.000000
0.999950
1.000000
0.999955
1.000000
1.000000
0.999990
1.000000
0.988495
1.000000
0.999795
1.000000
0.999690
1.000000
0.999990
0.999990
1.000000
0.999665
1.000000
0.999980
0.999960
0.999680
0.999995
0.999675
1.000000
1.000000
0.999965
0.999970
1.000000
0.999750
0.999985
0.999780
0.999975
1.000000
1.000000
1.000000
0.999930
0.999975
0.999950
0.999695
1.000000
0.999695
0.999985
0.999680
0.999690
0.999490
1.000000
0.999955
0.999970
0.999990
1.000000
0.999985
1.000000
0.999975
1.000000
0.999975
0.999995
0.999970
0.999640
0.999940
0.998085
0.999665
0.999970
0.999650
1.000000
0.999570
0.999965
0.999970
0.999980
0.999980
0.999975
0.999985
0.999980
0.999975
0.999690
0.999690
0.999980
0.999660
1.000000
0.999715
0.999985
0.999710
0.999560
0.999695
0.999735
0.999590
0.999775
0.999990
0.999995
0.999980
0.999975
0.999995
0.999975
0.999980
0.999970
0.999940
0.999640
0.999685
0.999960
0.999980
0.999700
0.999985
0.999970
0.999960
0.999990
0.999775
0.999975
0.999975
0.999740
0.999975
0.999610
0.999975
0.999940
