1.000000
1.000000
1.000000
1.000000
1.000000
1.000000
1.000000
1.000000
1.000000
1.000000
1.000000
1.000000
1.000000
1.000000
1.000000
1.000000
1.000000
1.000000
1.000000
1.000000
1.000000
0.999990
1.000000
1.000000
1.000000
0.999980
1.000000
1.000000
0.999990
0.999985
1.000000
1.000000
1.000000
1.000000
0.999815
1.000000
0.999735
1.000000
0.999985
0.999995
0.999640
1.000000
0.999995
1.000000
1.000000
1.000000
0.999995
1.000000
0.999685
0.999745
0.999660
1.000000
1.000000
0.999735
1.000000
1.000000
0.999995
0.999995
1.000000
1.000000
1.000000
1.000000
0.999980
1.000000
1.000000
1.000000
0.999970
0.999980
1.000000
0.999685
1.000000
1.000000
1.000000
0.999995
1.000000
0.999650
0.999995
0.999705
0.999995
0.999960
0.999630
1.000000
0.999970
0.999975
0.999960
0.999685
1.000000
1.000000
0.999955
1.000000
0.999975
1.000000
0.999995
0.999995
1.000000
0.988025
1.000000
0.999685
0.999995
0.999750
1.000000
1.000000
0.999975
1.000000
0.999690
1.000000
0.999970
0.999960
0.999655
1.000000
0.999650
0.999990
1.000000
0.999980
0.999980
1.000000
0.999740
0.999980
0.999775
0.999960
1.000000
0.999990
1.000000
0.999965
0.999970
0.999955
0.999680
1.000000
0.999680
0.999980
0.999640
0.999700
0.999495
1.000000
0.999970
0.999985
1.000000
0.999995
0.999985
1.000000
0.999995
1.000000
0.999965
1.000000
0.999970
0.999640
0.999970
0.999055
0.999685
0.999975
0.999700
1.000000
0.999615
0.999980
0.999990
0.999945
0.999965
0.999960
0.999970
0.999985
0.999980
0.999630
0.999700
0.999930
0.999690
1.000000
0.999745
0.999965
0.999700
0.999485
0.999680
0.999680
0.999635
0.999740
0.999970
0.999955
0.999975
0.999985
0.999990
1.000000
0.999985
0.999990
0.999930
0.999645
0.999725
0.999975
0.999960
0.999690
0.999970
0.999980
0.999975
0.999990
0.999750
0.999955
0.999965
0.999735
0.999965
0.999670
0.999965
0.999985
