1.000000
1.000000
1.000000
1.000000
1.000000
1.000000
1.000000
1.000000
1.000000
1.000000
1.000000
1.000000
1.000000
1.000000
1.000000
1.000000
1.000000
1.000000
1.000000
1.000000
1.000000
0.999990
1.000000
1.000000
1.000000
0.999990
0.999995
1.000000
0.999990
1.000000
0.999995
1.000000
1.000000
0.999985
0.999770
1.000000
0.999755
1.000000
0.999990
0.999985
0.999670
1.000000
1.000000
1.000000
1.000000
1.000000
1.000000
1.000000
0.999715
0.999750
0.999605
1.000000
1.000000
0.999670
1.000000
1.000000
0.999995
1.000000
1.000000
1.000000
1.000000
0.999995
0.999965
1.000000
1.000000
0.999995
0.999935
0.999980
1.000000
0.999715
1.000000
0.999995
1.000000
1.000000
1.000000
0.999585
0.999995
0.999710
0.999985
0.999975
0.999675
1.000000
0.999975
0.999975
0.999975
0.999765
1.000000
1.000000
0.999970
1.000000
0.999965
0.999995
0.999995
1.000000
1.000000
0.988740
1.000000
0.999790
0.999990
0.999710
1.000000
0.999995
0.999975
1.000000
0.999715
1.000000
0.999975
0.999950
0.999605
1.000000
0.999685
0.999990
0.999995
0.999960
0.999985
1.000000
0.999700
0.999980
0.999760
0.999970
1.000000
1.000000
0.999995
0.999975
0.999970
0.999960
0.999600
1.000000
0.999600
0.999980
0.999670
0.999670
0.999505
0.999985
0.999975
0.999985
1.000000
0.999990
0.999950
1.000000
0.999965
0.999995
0.999975
1.000000
0.999965
0.999660
0.999980
0.999080
0.999610
0.999975
0.999690
1.000000
0.999485
0.999980
0.999970
0.999980
0.999975
0.999985
0.999980
0.999975
0.999985
0.999590
0.999670
0.999975
0.999665
1.000000
0.999665
0.999980
0.999605
0.999585
0.999600
0.999690
0.999640
0.999725
0.999985
0.999990
0.999975
1.000000
0.999955
0.999970
0.999985
0.999990
0.999965
0.999625
0.999710
0.999985
0.999980
0.999665
0.999975
0.999965
0.999965
0.999980
0.999725
0.999975
0.999985
0.999675
0.999975
0.999580
0.999990
0.999960
