1.000000
1.000000
1.000000
1.000000
1.000000
1.000000
1.000000
1.000000
1.000000
1.000000
1.000000
1.000000
1.000000
1.000000
1.000000
1.000000
1.000000
1.000000
1.000000
1.000000
1.000000
0.999975
1.000000
1.000000
0.999990
0.999985
1.000000
1.000000
0.999995
1.000000
0.999995
1.000000
1.000000
0.999990
0.999750
1.000000
0.999815
1.000000
0.999995
1.000000
0.999590
1.000000
0.999995
1.000000
1.000000
1.000000
0.999995
0.999995
0.999695
0.999730
0.999710
1.000000
0.999995
0.999655
1.000000
1.000000
0.999995
0.999995
1.000000
1.000000
1.000000
1.000000
0.999975
1.000000
1.000000
0.999995
0.999970
0.999980
1.000000
0.999695
1.000000
1.000000
1.000000
0.999990
1.000000
0.999605
1.000000
0.999740
0.999995
0.999955
0.999755
1.000000
0.999985
0.999975
0.999980
0.999715
1.000000
0.999995
0.999990
1.000000
0.999960
1.000000
0.999995
1.000000
1.000000
0.988135
1.000000
0.999720
1.000000
0.999735
1.000000
0.999995
0.999980
1.000000
0.999735
1.000000
0.999965
0.999985
0.999675
1.000000
0.999670
0.999995
0.999995
0.999985
0.999985
1.000000
0.999690
0.999960
0.999715
0.999960
1.000000
1.000000
0.999995
0.999960
0.999980
0.999950
0.999655
1.000000
0.999655
0.999955
0.999595
0.999615
0.999350
0.999990
0.999955
0.999995
1.000000
1.000000
0.999980
1.000000
0.999955
1.000000
0.999985
0.999995
0.999980
0.999630
0.999980
0.999175
0.999680
0.999970
0.999645
1.000000
0.999460
0.999975
0.999995
0.999965
0.999970
0.999990
0.999985
0.999970
0.999940
0.999685
0.999615
0.999950
0.999710
1.000000
0.999745
0.999990
0.999725
0.999580
0.999655
0.999730
0.999585
0.999720
0.999985
0.999995
0.999995
0.999975
0.999980
0.999975
0.999975
0.999975
0.999950
0.999675
0.999655
0.999985
0.999985
0.999710
0.999990
0.999970
0.999970
0.999965
0.999760
0.999990
0.999960
0.999700
0.999980
0.999575
0.999985
0.999965
