1.000000
1.000000
1.000000
1.000000
1.000000
1.000000
1.000000
1.000000
1.000000
1.000000
1.000000
1.000000
1.000000
1.000000
1.000000
1.000000
1.000000
1.000000
1.000000
1.000000
1.000000
0.999995
1.000000
1.000000
1.000000
0.999990
1.000000
1.000000
0.999995
0.999995
0.999995
1.000000
1.000000
1.000000
0.999720
1.000000
0.999640
0.999995
1.000000
1.000000
0.999675
1.000000
1.000000
0.999995
1.000000
1.000000
1.000000
1.000000
0.999715
0.999810
0.999605
1.000000
0.999990
0.999670
1.000000
1.000000
1.000000
1.000000
1.000000
0.999995
1.000000
0.999995
0.999965
1.000000
1.000000
1.000000
0.999975
0.999985
1.000000
0.999715
1.000000
1.000000
1.000000
0.999995
1.000000
0.999650
1.000000
0.999710
0.999990
0.999980
0.999740
1.000000
0.999955
0.999975
0.999965
0.999835
1.000000
1.000000
0.999965
1.000000
0.999985
0.999975
1.000000
1.000000
1.000000
0.988635
1.000000
0.999745
1.000000
0.999725
1.000000
1.000000
0.999980
1.000000
0.999710
1.000000
0.999975
0.999985
0.999660
0.999995
0.999720
1.000000
0.999995
0.999975
0.999970
1.000000
0.999670
0.999955
0.999750
0.999965
1.000000
1.000000
0.999990
0.999950
0.999980
0.999935
0.999735
1.000000
0.999735
0.999970
0.999675
0.999715
0.999470
1.000000
0.999965
0.999980
1.000000
1.000000
0.999975
1.000000
0.999970
1.000000
0.999985
0.999995
0.999910
0.999615
0.999980
0.998245
0.999655
0.999985
0.999760
0.999995
0.999370
0.999985
0.999970
0.999930
0.999975
0.999950
0.999980
0.999980
0.999985
0.999695
0.999715
0.999985
0.999680
1.000000
0.999685
0.999980
0.999735
0.999445
0.999735
0.999710
0.999570
0.999735
0.999985
0.999985
0.999985
0.999975
0.999980
0.999990
0.999965
0.999975
0.999965
0.999705
0.999685
0.999990
0.999990
0.999690
0.999995
0.999965
0.999965
0.999975
0.999705
0.999960
0.999965
0.999720
0.999995
0.999680
0.999960
0.999955
