1.000000
1.000000
1.000000
1.000000
1.000000
1.000000
1.000000
1.000000
1.000000
1.000000
1.000000
1.000000
1.000000
1.000000
1.000000
1.000000
1.000000
1.000000
1.000000
1.000000
1.000000
0.999975
1.000000
1.000000
1.000000
0.999975
1.000000
1.000000
0.999985
0.999995
0.999995
1.000000
1.000000
0.999995
0.999710
1.000000
0.999735
1.000000
0.999995
0.999995
0.999615
1.000000
1.000000
1.000000
1.000000
1.000000
0.999995
0.999995
0.999715
0.999720
0.999645
1.000000
1.000000
0.999655
1.000000
1.000000
0.999995
1.000000
1.000000
1.000000
1.000000
1.000000
0.999980
1.000000
1.000000
0.999995
0.999960
0.999950
1.000000
0.999715
1.000000
1.000000
1.000000
0.999995
1.000000
0.999670
0.999995
0.999700
1.000000
0.999970
0.999665
1.000000
0.999970
0.999975
0.999980
0.999730
1.000000
0.999990
0.999965
1.000000
0.999965
1.000000
1.000000
1.000000
1.000000
0.988380
1.000000
0.999780
1.000000
0.999730
1.000000
1.000000
0.999965
1.000000
0.999750
1.000000
0.999980
0.999980
0.999650
1.000000
0.999635
1.000000
0.999995
0.999980
0.999975
1.000000
0.999695
0.999970
0.999790
0.999975
0.999995
1.000000
1.000000
0.999945
0.999990
0.999975
0.999650
1.000000
0.999650
0.999990
0.999615
0.999690
0.999455
1.000000
0.999945
0.999980
0.999995
1.000000
0.999970
1.000000
0.999980
0.999995
0.999990
0.999990
0.999975
0.999650
0.999960
0.998230
0.999600
0.999965
0.999750
1.000000
0.999570
0.999985
0.999975
0.999955
0.999980
0.999965
0.999990
1.000000
0.999995
0.999735
0.999690
0.999970
0.999690
1.000000
0.999640
0.999985
0.999635
0.999550
0.999655
0.999730
0.999585
0.999730
0.999995
0.999980
0.999980
0.999990
0.999990
0.999970
0.999955
0.999980
0.999970
0.999655
0.999725
0.999975
0.999990
0.999655
0.999985
0.999975
0.999960
0.999975
0.999730
0.999975
0.999965
0.999670
0.999970
0.999660
0.999975
0.999970
