1.000000
1.000000
1.000000
1.000000
1.000000
1.000000
1.000000
1.000000
1.000000
1.000000
1.000000
1.000000
1.000000
1.000000
1.000000
1.000000
1.000000
1.000000
1.000000
1.000000
1.000000
0.999990
1.000000
1.000000
1.000000
0.999990
1.000000
1.000000
1.000000
1.000000
0.999995
1.000000
1.000000
0.999995
0.999670
0.999995
0.999735
1.000000
1.000000
0.999995
0.999630
1.000000
1.000000
1.000000
1.000000
1.000000
0.999995
1.000000
0.999715
0.999700
0.999535
1.000000
0.999985
0.999660
1.000000
0.999990
0.999995
0.999995
1.000000
1.000000
0.999995
1.000000
0.999990
1.000000
1.000000
1.000000
0.999950
0.999985
1.000000
0.999715
1.000000
0.999990
1.000000
0.999990
1.000000
0.999675
1.000000
0.999675
1.000000
0.999960
0.999725
1.000000
0.999965
0.999975
0.999970
0.999750
1.000000
0.999995
0.999975
1.000000
0.999985
1.000000
1.000000
1.000000
1.000000
0.988740
1.000000
0.999725
1.000000
0.999700
1.000000
1.000000
0.999970
1.000000
0.999665
1.000000
0.999965
0.999960
0.999555
1.000000
0.999675
1.000000
0.999995
0.999985
0.999980
1.000000
0.999730
0.999970
0.999770
0.999955
0.999995
1.000000
1.000000
0.999945
0.999975
0.999955
0.999690
0.999995
0.999690
0.999980
0.999630
0.999700
0.999510
1.000000
0.999960
0.999985
0.999995
1.000000
0.999975
1.000000
0.999980
0.999995
0.999980
1.000000
0.999970
0.999660
0.999980
0.998255
0.999720
0.999970
0.999715
1.000000
0.999385
0.999960
0.999980
0.999980
0.999970
0.999975
0.999970
0.999990
0.999985
0.999655
0.999700
0.999990
0.999580
1.000000
0.999745
0.999990
0.999710
0.999440
0.999695
0.999720
0.999560
0.999790
0.999975
0.999980
0.999980
0.999970
0.999975
0.999985
0.999965
0.999985
0.999945
0.999660
0.999705
0.999985
0.999975
0.999725
0.999985
0.999970
0.999960
0.999965
0.999765
0.999945
0.999960
0.999755
0.999985
0.999665
0.999975
0.999980
