1.000000
1.000000
1.000000
1.000000
1.000000
1.000000
1.000000
1.000000
1.000000
1.000000
1.000000
1.000000
1.000000
1.000000
1.000000
1.000000
1.000000
1.000000
1.000000
1.000000
1.000000
0.999975
1.000000
1.000000
1.000000
0.999975
1.000000
1.000000
0.999995
0.999995
1.000000
1.000000
1.000000
1.000000
0.999775
1.000000
0.999770
1.000000
1.000000
0.999990
0.999615
1.000000
0.999990
1.000000
1.000000
1.000000
0.999995
1.000000
0.999595
0.999710
0.999645
1.000000
0.999990
0.999620
1.000000
1.000000
0.999990
0.999995
1.000000
1.000000
0.999995
0.999995
0.999980
1.000000
1.000000
1.000000
0.999955
0.999985
1.000000
0.999595
1.000000
0.999985
1.000000
1.000000
1.000000
0.999645
0.999995
0.999750
0.999995
0.999970
0.999680
0.999995
0.999970
0.999960
0.999985
0.999760
1.000000
0.999995
0.999990
1.000000
0.999960
1.000000
1.000000
0.999995
1.000000
0.988500
1.000000
0.999795
0.999990
0.999700
1.000000
0.999990
0.999975
1.000000
0.999710
1.000000
0.999995
0.999965
0.999610
0.999990
0.999705
0.999995
0.999990
0.999970
0.999995
1.000000
0.999675
0.999965
0.999740
0.999960
1.000000
1.000000
1.000000
0.999950
0.999975
0.999960
0.999575
1.000000
0.999575
0.999985
0.999615
0.999715
0.999455
1.000000
0.999940
0.999985
1.000000
0.999995
0.999970
1.000000
0.999960
0.999995
0.999980
1.000000
0.999975
0.999600
0.999975
0.999185
0.999595
0.999955
0.999705
1.000000
0.999580
0.999970
0.999980
0.999950
0.999970
0.999965
0.999990
0.999985
0.999950
0.999610
0.999715
0.999955
0.999690
1.000000
0.999610
0.999980
0.999630
0.999580
0.999575
0.999740
0.999650
0.999755
0.999975
0.999995
0.999980
0.999970
0.999970
0.999995
0.999990
0.999985
0.999960
0.999625
0.999680
0.999985
1.000000
0.999640
0.999980
0.999980
0.999970
0.999990
0.999730
0.999975
0.999985
0.999755
0.999985
0.999630
0.999955
0.999950
