1.000000
1.000000
1.000000
1.000000
1.000000
1.000000
1.000000
1.000000
1.000000
1.000000
1.000000
1.000000
1.000000
1.000000
1.000000
1.000000
1.000000
1.000000
1.000000
1.000000
1.000000
0.999985
1.000000
1.000000
0.999995
0.999950
0.999995
1.000000
1.000000
1.000000
1.000000
1.000000
1.000000
1.000000
0.999765
1.000000
0.999770
1.000000
1.000000
1.000000
0.999590
1.000000
1.000000
0.999990
1.000000
1.000000
1.000000
1.000000
0.999730
0.999720
0.999615
1.000000
0.999995
0.999590
1.000000
1.000000
1.000000
1.000000
1.000000
1.000000
1.000000
1.000000
0.999960
1.000000
1.000000
1.000000
0.999975
0.999980
1.000000
0.999730
1.000000
1.000000
1.000000
1.000000
1.000000
0.999615
1.000000
0.999775
1.000000
0.999965
0.999715
1.000000
0.999960
0.999965
0.999960
0.999740
0.999990
1.000000
0.999965
0.999995
0.999960
0.999995
1.000000
0.999995
1.000000
0.988290
1.000000
0.999675
0.999995
0.999760
1.000000
0.999995
0.999955
1.000000
0.999785
1.000000
0.999990
0.999980
0.999650
1.000000
0.999720
0.999995
1.000000
0.999960
0.999965
1.000000
0.999750
0.999960
0.999765
0.999965
0.999995
1.000000
0.999995
0.999965
0.999975
0.999955
0.999715
1.000000
0.999715
0.999980
0.999590
0.999655
0.999480
0.999995
0.999950
0.999990
1.000000
1.000000
0.999965
1.000000
0.999965
0.999990
0.999985
1.000000
0.999975
0.999635
0.999955
0.998225
0.999690
0.999955
0.999690
0.999995
0.999485
0.999980
0.999985
0.999975
0.999980
0.999980
0.999995
0.999980
0.999995
0.999665
0.999655
0.999980
0.999715
1.000000
0.999740
0.999985
0.999675
0.999510
0.999715
0.999680
0.999650
0.999730
0.999980
0.999990
0.999985
0.999975
0.999980
0.999990
0.999970
0.999990
0.999965
0.999680
0.999735
0.999990
0.999965
0.999720
0.999995
0.999965
0.999955
0.999960
0.999725
0.999945
0.999985
0.999740
0.999975
0.999630
0.999985
0.999975
