1.000000
1.000000
1.000000
1.000000
1.000000
1.000000
1.000000
1.000000
1.000000
1.000000
1.000000
1.000000
1.000000
1.000000
1.000000
1.000000
1.000000
1.000000
1.000000
1.000000
1.000000
0.999970
1.000000
0.999990
1.000000
0.999980
0.999995
1.000000
0.999995
1.000000
0.999995
1.000000
1.000000
0.999995
0.999730
1.000000
0.999705
1.000000
1.000000
1.000000
0.999600
1.000000
1.000000
1.000000
1.000000
1.000000
0.999995
1.000000
0.999740
0.999700
0.999710
1.000000
1.000000
0.999665
1.000000
0.999990
1.000000
1.000000
1.000000
1.000000
1.000000
0.999995
0.999975
1.000000
1.000000
0.999995
0.999950
0.999965
1.000000
0.999740
1.000000
1.000000
1.000000
1.000000
0.999995
0.999700
0.999995
0.999755
0.999990
0.999940
0.999620
0.999995
0.999965
0.999945
0.999975
0.999770
1.000000
0.999990
0.999960
1.000000
0.999970
1.000000
1.000000
1.000000
0.999995
0.988675
1.000000
0.999735
0.999995
0.999720
1.000000
1.000000
0.999995
1.000000
0.999725
1.000000
0.999980
0.999975
0.999620
1.000000
0.999710
0.999990
1.000000
0.999970
0.999990
1.000000
0.999685
0.999975
0.999720
0.999950
1.000000
0.999995
0.999995
0.999930
0.999975
0.999955
0.999690
1.000000
0.999690
0.999945
0.999600
0.999680
0.999345
1.000000
0.999955
0.999985
1.000000
1.000000
0.999980
1.000000
0.999960
0.999995
0.999975
0.999995
0.999940
0.999745
0.999945
0.998155
0.999725
0.999940
0.999695
1.000000
0.999475
0.999985
0.999975
0.999945
0.999990
0.999955
0.999970
0.999980
0.999955
0.999635
0.999680
0.999985
0.999720
1.000000
0.999710
0.999995
0.999675
0.999590
0.999690
0.999705
0.999605
0.999695
0.999990
0.999995
0.999965
0.999960
0.999970
0.999955
0.999940
0.999980
0.999965
0.999560
0.999785
0.999970
0.999965
0.999750
0.999985
0.999990
0.999945
0.999980
0.999695
0.999965
0.999975
0.999730
0.999980
0.999590
0.999970
0.999975
