1.000000
1.000000
1.000000
1.000000
1.000000
1.000000
1.000000
1.000000
1.000000
1.000000
1.000000
1.000000
1.000000
1.000000
1.000000
1.000000
1.000000
1.000000
1.000000
1.000000
1.000000
0.999970
1.000000
1.000000
1.000000
0.999985
1.000000
1.000000
1.000000
1.000000
0.999995
1.000000
1.000000
0.999990
0.999730
1.000000
0.999625
1.000000
0.999995
0.999995
0.999665
1.000000
1.000000
1.000000
1.000000
1.000000
0.999995
1.000000
0.999655
0.999745
0.999680
1.000000
0.999990
0.999670
1.000000
0.999995
1.000000
1.000000
1.000000
0.999995
1.000000
1.000000
0.999950
1.000000
1.000000
1.000000
0.999960
0.999980
1.000000
0.999645
1.000000
1.000000
1.000000
0.999995
0.999995
0.999580
1.000000
0.999740
0.999995
0.999980
0.999715
1.000000
0.999970
0.999970
0.999970
0.999750
1.000000
1.000000
0.999975
1.000000
0.999965
1.000000
1.000000
0.999995
1.000000
0.988035
1.000000
0.999770
1.000000
0.999690
1.000000
0.999995
0.999970
1.000000
0.999740
1.000000
0.999985
0.999965
0.999595
1.000000
0.999620
1.000000
1.000000
0.999980
0.999975
1.000000
0.999715
0.999965
0.999745
0.999950
1.000000
1.000000
1.000000
0.999970
0.999980
0.999940
0.999610
1.000000
0.999610
0.999980
0.999665
0.999725
0.999460
1.000000
0.999975
0.999975
1.000000
0.999990
0.999990
1.000000
0.999965
1.000000
0.999985
1.000000
0.999965
0.999675
0.999945
0.999165
0.999670
0.999960
0.999685
1.000000
0.999565
0.999965
0.999990
0.999960
0.999985
0.999980
0.999975
0.999975
0.999990
0.999750
0.999725
0.999960
0.999735
1.000000
0.999775
0.999975
0.999685
0.999515
0.999610
0.999675
0.999685
0.999710
0.999960
0.999985
0.999970
0.999990
0.999975
0.999985
0.999975
0.999980
0.999940
0.999675
0.999745
0.999990
0.999970
0.999715
0.999965
0.999980
0.999985
0.999985
0.999770
0.999980
0.999975
0.999770
0.999995
0.999530
0.999965
0.999980
