0.154596599879
0.13463968308
0.0920244757656
0.00412552421148
0.166031931938
0.157574103993
0.133074350891
0.143370643281
0.136695721636
0.0271351654324
0.0963560554746
0.0938748082661
0.0508844887298
0.0567304160218
0.140295628336
0.167084879403
0.122817059112
0.0927975691979
0.191879955772
0.148565803066
0.0428085271128
0.157120676424
0.178465475175
0.124946124878
0.176442956554
0.110227382715
0.114874844137
0.0839432127384
0.100597234002
0.193397928694
0.150950031031
0.140038967323
0.197576309685
0.165108813006
0.0382985629868
0.144232094997
0.09027392738
0.1354323372
0.194691940796
0.12701856935
0.0547357133727
0.00806406025284
0.118636657535
0.0463054861785
0.0720857288948
0.131112146555
0.194892848568
0.193521969974
0.112347861024
0.0162525516212
0.111256801639
0.136075589937
0.0560423173191
0.0687176998241
0.117830512304
0.114371938567
0.00942195869528
0.154372697536
0.133705036487
0.199897495082
0.105087944977
0.17163548211
0.0797071289814
0.183151200509
0.112399139323
0.0866744423794
0.0612854404381
0.0881247171326
0.000662209575346
0.0807062378146
0.0788974293123
0.132852315663
0.059461507198
0.0027221861006
0.157094016988
0.0799633402879
0.0143802583571
0.130201935245
0.121510864211
0.185922026997
0.187392671516
0.166542068087
0.0898504113468
0.177502281751
0.0311915706067
0.106464772762
0.120883674159
0.0787709447803
0.0818356052313
0.0207039017865
0.0217965613172
0.165173965062
0.102525508589
0.17690271205
0.0514524453077
0.116191231928
0.024531799881
0.0958811603385
0.178405972627
0.153096265189
0.0237945525174
0.146531222101
0.0701684510388
0.0700772680088
0.0939002787862
0.0706960746909
0.0581404177721
