0.006901
0.099101
0.174175
0.154603
0.167131
0.068814
0.005241
0.176951
0.051617
0.087282
0.097805
0.026264
0.117871
0.128186
0.130198
0.174573
0.153585
0.118782
0.091762
0.075521
0.026632
0.191215
0.085387
0.124211
0.060703
0.000974
0.164636
0.125830
0.073025
0.026023
0.131656
0.077474
0.163258
0.142754
0.073234
0.141442
0.110131
0.193838
0.055381
0.090660
0.104329
0.164011
0.149399
0.010524
0.018011
0.093792
0.047295
0.166306
0.131935
0.051284
0.165289
0.015595
0.011789
0.124180
0.016349
0.034427
0.112271
0.048252
0.157566
0.106401
0.118952
0.168741
0.092478
0.066455
0.054761
0.107818
0.106991
0.035889
0.105047
0.042706
0.048333
0.158979
0.127715
0.153275
0.135458
0.035006
0.036598
0.104320
0.176492
0.009741
0.006952
0.028368
0.016490
0.010644
0.169081
0.136061
0.052046
0.092193
0.039202
0.147696
0.022057
0.001679
0.110085
0.063655
0.040228
0.070968
0.115721
0.150074
0.107213
0.100972
0.046383
0.182305
0.003949
0.011643
0.059580
0.070557
0.154123
0.167815
0.189740
0.109630
0.138168
0.117912
0.148841
0.156448
0.072823
0.065498
0.033515
0.022515
0.185600
0.031277
0.059173
0.015278
0.155965
0.046698
0.151095
0.125987
0.119591
0.072292
0.089674
0.025635
0.028530
0.058539
0.131883
0.047345
0.028141
0.101916
0.186110
0.078196
0.186264
0.042705
0.008927
0.159463
0.173646
0.081226
0.026792
0.189388
0.063013
0.164748
0.010355
0.158771
0.132800
0.166567
0.102967
0.030457
0.126311
0.031551
0.050259
0.101780
0.042986
0.027567
0.091350
0.170841
0.028644
0.080770
0.089937
0.153520
0.000945
0.013718
0.152731
0.167997
0.140548
0.093585
0.049579
0.116203
0.094547
0.099379
0.175535
0.046204
0.135210
0.143602
0.015726
0.044293
0.120620
0.143062
0.161406
0.184638
0.083178
0.191705
0.054593
0.170928
0.146639
0.043187
0.189842
0.131596
0.192519
0.199038
0.046094
0.066374
0.196052
0.148624
0.132713
0.079210
0.124817
0.108358
0.045269
0.028209
0.081588
0.111427
0.082533
0.095392
0.195761
0.199448
0.114819
0.056793
0.058053
0.072365
0.145937
0.014499
0.042943
0.193461
0.138394
0.157790
0.022014
0.117365
0.182148
0.040453
0.095311
0.156139
0.120179
0.119622
0.102066
0.004675
0.000998
0.000557
0.036948
0.195184
0.127389
0.011740
0.154347
0.095063
0.032768
0.000197
0.190730
0.021745
0.135092
0.104943
0.009741
0.113071
0.088899
0.137364
0.175968
0.174981
0.024725
0.078667
0.115307
0.178915
0.170571
0.054373
0.092141
0.152899
0.047718
0.162827
0.090240
0.027109
0.027470
0.062029
0.045395
0.059524
0.004885
0.145278
0.176924
0.055704
0.066355
0.064418
0.004678
0.101591
0.103233
0.076917
0.198509
0.009131
0.126408
0.170981
0.095862
0.162931
0.093081
0.124439
0.140061
0.156547
0.087693
0.032341
0.047164
0.001963
0.009328
0.160887
0.086674
0.194016
0.118909
0.190464
0.179528
0.133200
0.101411
0.072720
0.094586
0.020533
0.032695
0.077911
0.141384
0.089585
0.188032
0.020811
0.035095
0.016998
0.142415
0.180951
0.131441
0.019222
0.158317
0.103966
0.087281
0.026976
0.069188
0.036592
0.001910
0.015808
0.183761
0.059432
0.196751
0.064644
0.170906
0.124084
0.063983
0.169653
0.059500
0.001364
0.021399
0.186751
0.094580
0.057480
0.100689
0.194942
0.151609
0.135335
0.091490
0.151397
0.128058
0.169545
0.104581
0.044940
0.062574
0.187411
0.076968
0.010202
0.049940
0.069220
0.097640
0.173334
0.068826
0.153701
0.017913
0.122265
0.088174
0.033211
0.198850
0.145017
0.176471
0.115408
0.054299
0.051319
0.036440
0.056747
0.061886
0.080657
0.110190
0.016525
0.003834
0.185813
0.193518
0.146058
0.032080
0.045975
0.066156
0.190181
0.159262
0.148430
0.004008
0.053781
0.015225
0.067672
0.104340
0.090722
0.038767
0.165906
0.042721
0.063964
0.025239
0.108773
