0.901000
0.006000
0.901000
0.901000
0.895000
0.900000
0.791000
0.894000
0.899000
0.898000
0.901000
0.892000
0.712000
0.866000
0.901000
0.893000
0.366000
0.901000
0.901000
0.901000
0.873000
0.707000
0.740000
0.590000
0.288000
0.885000
0.752000
0.899000
0.901000
0.901000
0.580000
0.889000
0.883000
0.794000
0.854000
0.901000
0.895000
0.601000
0.901000
0.629000
0.709000
0.901000
0.897000
0.901000
0.888000
0.377000
0.668000
0.895000
0.901000
0.887000
0.678000
0.211000
0.893000
0.851000
0.847000
0.900000
0.885000
0.877000
0.855000
0.758000
0.901000
0.897000
0.882000
0.900000
0.901000
0.894000
0.899000
0.893000
0.862000
0.000000
0.594000
0.901000
0.556000
0.900000
0.898000
0.844000
0.745000
0.316000
0.847000
0.859000
0.881000
0.591000
0.009000
0.358000
0.896000
0.005000
0.868000
0.405000
0.901000
0.900000
0.062000
0.901000
0.892000
0.706000
0.887000
0.853000
0.892000
0.317000
0.901000
0.713000
0.892000
0.784000
0.461000
0.858000
0.550000
0.890000
0.721000
0.858000
0.901000
0.830000
0.901000
0.901000
0.896000
0.886000
0.888000
0.868000
0.896000
0.900000
0.886000
0.869000
0.762000
0.745000
0.866000
0.624000
0.887000
0.895000
0.901000
0.901000
0.901000
0.774000
0.880000
0.899000
0.298000
0.668000
0.901000
0.655000
0.901000
0.892000
0.835000
0.901000
0.878000
0.480000
0.901000
0.893000
0.826000
0.898000
0.901000
0.900000
0.863000
0.895000
0.901000
0.901000
0.891000
0.869000
0.720000
0.802000
0.872000
0.834000
0.870000
0.849000
0.153000
0.897000
0.277000
0.211000
0.887000
0.758000
0.896000
0.887000
0.766000
0.900000
0.595000
0.893000
0.553000
0.875000
0.867000
0.882000
0.881000
0.901000
0.897000
0.809000
0.896000
0.898000
0.880000
0.340000
0.879000
0.008000
0.764000
0.901000
0.853000
0.461000
0.005000
0.901000
0.894000
0.817000
0.901000
0.901000
0.898000
0.527000
0.895000
0.871000
