0.906000
0.003000
0.906000
0.906000
0.902000
0.906000
0.803000
0.897000
0.906000
0.902000
0.906000
0.905000
0.700000
0.851000
0.906000
0.898000
0.390000
0.906000
0.905000
0.906000
0.868000
0.748000
0.745000
0.578000
0.325000
0.886000
0.748000
0.904000
0.906000
0.906000
0.585000
0.894000
0.893000
0.801000
0.875000
0.906000
0.900000
0.582000
0.906000
0.590000
0.698000
0.906000
0.900000
0.906000
0.894000
0.351000
0.684000
0.903000
0.906000
0.892000
0.640000
0.186000
0.894000
0.837000
0.874000
0.904000
0.894000
0.888000
0.825000
0.759000
0.906000
0.902000
0.889000
0.905000
0.906000
0.900000
0.906000
0.890000
0.866000
0.000000
0.589000
0.906000
0.562000
0.905000
0.889000
0.851000
0.756000
0.309000
0.845000
0.846000
0.882000
0.603000
0.010000
0.373000
0.900000
0.010000
0.864000
0.416000
0.905000
0.906000
0.053000
0.906000
0.892000
0.694000
0.889000
0.859000
0.897000
0.317000
0.906000
0.707000
0.885000
0.792000
0.457000
0.856000
0.544000
0.895000
0.708000
0.871000
0.906000
0.849000
0.906000
0.906000
0.905000
0.895000
0.881000
0.876000
0.898000
0.904000
0.892000
0.857000
0.748000
0.736000
0.864000
0.619000
0.892000
0.898000
0.906000
0.906000
0.906000
0.775000
0.894000
0.905000
0.269000
0.643000
0.906000
0.665000
0.906000
0.896000
0.836000
0.906000
0.872000
0.468000
0.906000
0.902000
0.806000
0.903000
0.906000
0.906000
0.868000
0.896000
0.906000
0.906000
0.902000
0.879000
0.709000
0.826000
0.871000
0.818000
0.878000
0.859000
0.120000
0.904000
0.271000
0.189000
0.890000
0.748000
0.902000
0.893000
0.771000
0.904000
0.619000
0.902000
0.516000
0.871000
0.883000
0.887000
0.884000
0.906000
0.904000
0.808000
0.903000
0.904000
0.889000
0.344000
0.885000
0.004000
0.752000
0.906000
0.845000
0.440000
0.002000
0.906000
0.900000
0.821000
0.905000
0.906000
0.903000
0.500000
0.896000
0.877000
