0.892000
0.002000
0.892000
0.892000
0.886000
0.892000
0.795000
0.882000
0.892000
0.889000
0.891000
0.887000
0.712000
0.860000
0.892000
0.886000
0.382000
0.892000
0.889000
0.892000
0.865000
0.718000
0.729000
0.541000
0.320000
0.871000
0.745000
0.890000
0.892000
0.892000
0.579000
0.877000
0.870000
0.768000
0.849000
0.892000
0.882000
0.586000
0.892000
0.589000
0.675000
0.892000
0.890000
0.892000
0.871000
0.359000
0.680000
0.887000
0.892000
0.883000
0.652000
0.223000
0.879000
0.809000
0.835000
0.892000
0.884000
0.873000
0.824000
0.728000
0.892000
0.887000
0.872000
0.891000
0.890000
0.887000
0.891000
0.877000
0.859000
0.000000
0.582000
0.892000
0.532000
0.889000
0.883000
0.826000
0.772000
0.325000
0.848000
0.848000
0.867000
0.585000
0.018000
0.362000
0.884000
0.003000
0.861000
0.421000
0.892000
0.891000
0.075000
0.892000
0.880000
0.708000
0.875000
0.851000
0.882000
0.359000
0.892000
0.696000
0.880000
0.755000
0.444000
0.837000
0.560000
0.887000
0.717000
0.840000
0.892000
0.810000
0.892000
0.892000
0.890000
0.882000
0.870000
0.858000
0.884000
0.889000
0.877000
0.853000
0.717000
0.708000
0.860000
0.627000
0.881000
0.882000
0.892000
0.892000
0.892000
0.777000
0.878000
0.890000
0.284000
0.675000
0.892000
0.639000
0.892000
0.884000
0.824000
0.892000
0.863000
0.488000
0.891000
0.887000
0.784000
0.886000
0.892000
0.888000
0.859000
0.882000
0.892000
0.892000
0.883000
0.863000
0.680000
0.803000
0.861000
0.814000
0.863000
0.847000
0.125000
0.891000
0.281000
0.202000
0.877000
0.744000
0.891000
0.864000
0.775000
0.892000
0.597000
0.885000
0.514000
0.868000
0.865000
0.872000
0.872000
0.892000
0.889000
0.784000
0.892000
0.892000
0.870000
0.348000
0.870000
0.009000
0.739000
0.892000
0.852000
0.432000
0.005000
0.892000
0.889000
0.808000
0.891000
0.892000
0.891000
0.511000
0.884000
0.864000
