0.894000
0.007000
0.894000
0.894000
0.881000
0.894000
0.798000
0.883000
0.893000
0.885000
0.893000
0.885000
0.727000
0.847000
0.894000
0.886000
0.373000
0.894000
0.894000
0.894000
0.870000
0.703000
0.725000
0.548000
0.295000
0.878000
0.741000
0.893000
0.894000
0.894000
0.570000
0.877000
0.866000
0.782000
0.847000
0.894000
0.889000
0.576000
0.894000
0.600000
0.686000
0.894000
0.891000
0.894000
0.878000
0.363000
0.692000
0.886000
0.894000
0.876000
0.623000
0.205000
0.883000
0.846000
0.849000
0.893000
0.891000
0.871000
0.814000
0.763000
0.894000
0.889000
0.866000
0.894000
0.893000
0.883000
0.893000
0.881000
0.851000
0.000000
0.599000
0.894000
0.517000
0.892000
0.886000
0.832000
0.754000
0.316000
0.832000
0.844000
0.874000
0.590000
0.013000
0.366000
0.887000
0.002000
0.862000
0.429000
0.894000
0.893000
0.070000
0.894000
0.884000
0.723000
0.885000
0.848000
0.884000
0.347000
0.894000
0.698000
0.881000
0.758000
0.457000
0.835000
0.546000
0.886000
0.695000
0.864000
0.894000
0.830000
0.894000
0.894000
0.888000
0.884000
0.878000
0.856000
0.888000
0.894000
0.883000
0.845000
0.750000
0.729000
0.859000
0.639000
0.884000
0.883000
0.894000
0.894000
0.894000
0.764000
0.879000
0.891000
0.271000
0.642000
0.894000
0.645000
0.894000
0.883000
0.828000
0.894000
0.870000
0.474000
0.894000
0.888000
0.782000
0.892000
0.894000
0.891000
0.868000
0.887000
0.894000
0.894000
0.888000
0.864000
0.699000
0.798000
0.858000
0.802000
0.868000
0.851000
0.128000
0.891000
0.300000
0.207000
0.884000
0.781000
0.892000
0.875000
0.763000
0.893000
0.588000
0.886000
0.527000
0.869000
0.861000
0.881000
0.881000
0.894000
0.892000
0.781000
0.893000
0.892000
0.867000
0.309000
0.867000
0.005000
0.750000
0.894000
0.846000
0.459000
0.003000
0.894000
0.891000
0.826000
0.890000
0.894000
0.893000
0.506000
0.891000
0.870000
