0.896000
0.005000
0.895000
0.896000
0.885000
0.896000
0.793000
0.887000
0.895000
0.893000
0.895000
0.888000
0.670000
0.850000
0.896000
0.887000
0.381000
0.896000
0.896000
0.896000
0.860000
0.722000
0.746000
0.538000
0.285000
0.879000
0.737000
0.895000
0.896000
0.895000
0.606000
0.883000
0.882000
0.796000
0.858000
0.895000
0.884000
0.574000
0.896000
0.623000
0.696000
0.896000
0.892000
0.895000
0.879000
0.381000
0.691000
0.893000
0.896000
0.879000
0.666000
0.193000
0.883000
0.835000
0.843000
0.896000
0.890000
0.878000
0.817000
0.748000
0.896000
0.890000
0.879000
0.896000
0.896000
0.887000
0.894000
0.884000
0.857000
0.000000
0.607000
0.896000
0.500000
0.894000
0.886000
0.836000
0.765000
0.303000
0.840000
0.853000
0.869000
0.577000
0.006000
0.340000
0.890000
0.003000
0.863000
0.424000
0.894000
0.895000
0.067000
0.896000
0.888000
0.665000
0.887000
0.856000
0.889000
0.358000
0.896000
0.712000
0.884000
0.765000
0.442000
0.841000
0.566000
0.892000
0.690000
0.862000
0.896000
0.841000
0.896000
0.896000
0.894000
0.882000
0.875000
0.852000
0.890000
0.889000
0.891000
0.847000
0.743000
0.726000
0.865000
0.641000
0.878000
0.886000
0.896000
0.896000
0.896000
0.784000
0.882000
0.892000
0.289000
0.646000
0.896000
0.665000
0.896000
0.887000
0.845000
0.895000
0.872000
0.500000
0.895000
0.894000
0.802000
0.891000
0.896000
0.891000
0.860000
0.890000
0.895000
0.896000
0.889000
0.875000
0.706000
0.815000
0.856000
0.813000
0.874000
0.850000
0.125000
0.894000
0.311000
0.205000
0.879000
0.751000
0.890000
0.881000
0.767000
0.894000
0.581000
0.893000
0.518000
0.874000
0.858000
0.882000
0.878000
0.896000
0.891000
0.798000
0.892000
0.892000
0.878000
0.331000
0.865000
0.005000
0.761000
0.896000
0.855000
0.442000
0.004000
0.896000
0.895000
0.816000
0.892000
0.896000
0.895000
0.517000
0.889000
0.865000
