0.897000
0.002000
0.897000
0.897000
0.890000
0.897000
0.793000
0.887000
0.897000
0.892000
0.897000
0.887000
0.703000
0.856000
0.897000
0.887000
0.385000
0.897000
0.896000
0.897000
0.870000
0.707000
0.755000
0.577000
0.283000
0.879000
0.735000
0.896000
0.897000
0.897000
0.610000
0.882000
0.877000
0.782000
0.858000
0.897000
0.890000
0.570000
0.897000
0.630000
0.688000
0.897000
0.893000
0.897000
0.887000
0.365000
0.686000
0.887000
0.897000
0.886000
0.657000
0.200000
0.888000
0.845000
0.841000
0.897000
0.888000
0.879000
0.834000
0.742000
0.897000
0.893000
0.873000
0.897000
0.897000
0.886000
0.896000
0.887000
0.864000
0.000000
0.585000
0.897000
0.553000
0.895000
0.886000
0.840000
0.765000
0.289000
0.841000
0.843000
0.883000
0.594000
0.017000
0.356000
0.889000
0.005000
0.850000
0.413000
0.897000
0.894000
0.076000
0.897000
0.888000
0.700000
0.881000
0.849000
0.889000
0.335000
0.897000
0.725000
0.891000
0.770000
0.454000
0.850000
0.549000
0.886000
0.690000
0.855000
0.897000
0.830000
0.897000
0.897000
0.895000
0.879000
0.873000
0.860000
0.892000
0.897000
0.882000
0.846000
0.758000
0.718000
0.854000
0.632000
0.877000
0.887000
0.897000
0.897000
0.897000
0.755000
0.883000
0.895000
0.283000
0.669000
0.897000
0.655000
0.897000
0.886000
0.854000
0.897000
0.860000
0.456000
0.895000
0.892000
0.790000
0.894000
0.897000
0.895000
0.866000
0.888000
0.897000
0.897000
0.888000
0.865000
0.678000
0.786000
0.861000
0.828000
0.865000
0.854000
0.130000
0.897000
0.282000
0.211000
0.879000
0.741000
0.894000
0.879000
0.753000
0.897000
0.580000
0.894000
0.511000
0.856000
0.869000
0.882000
0.882000
0.897000
0.895000
0.798000
0.891000
0.895000
0.870000
0.306000
0.874000
0.008000
0.759000
0.897000
0.849000
0.434000
0.005000
0.897000
0.890000
0.819000
0.896000
0.897000
0.896000
0.485000
0.894000
0.867000
