0.879000
0.000000
0.879000
0.879000
0.868000
0.879000
0.775000
0.871000
0.879000
0.874000
0.879000
0.873000
0.684000
0.836000
0.879000
0.869000
0.393000
0.879000
0.877000
0.879000
0.850000
0.701000
0.719000
0.538000
0.283000
0.858000
0.717000
0.877000
0.879000
0.878000
0.559000
0.861000
0.863000
0.783000
0.836000
0.879000
0.869000
0.571000
0.879000
0.600000
0.682000
0.878000
0.873000
0.879000
0.859000
0.361000
0.689000
0.876000
0.879000
0.865000
0.661000
0.210000
0.866000
0.810000
0.843000
0.878000
0.865000
0.856000
0.794000
0.756000
0.879000
0.873000
0.855000
0.879000
0.879000
0.874000
0.878000
0.865000
0.850000
0.001000
0.589000
0.879000
0.534000
0.876000
0.868000
0.814000
0.757000
0.305000
0.824000
0.830000
0.857000
0.590000
0.016000
0.377000
0.868000
0.007000
0.849000
0.435000
0.879000
0.876000
0.061000
0.879000
0.868000
0.677000
0.862000
0.826000
0.874000
0.384000
0.879000
0.708000
0.868000
0.759000
0.457000
0.835000
0.540000
0.870000
0.688000
0.837000
0.879000
0.813000
0.879000
0.879000
0.877000
0.872000
0.861000
0.850000
0.873000
0.876000
0.870000
0.844000
0.723000
0.715000
0.838000
0.639000
0.865000
0.863000
0.879000
0.879000
0.879000
0.778000
0.865000
0.873000
0.267000
0.614000
0.879000
0.652000
0.879000
0.868000
0.825000
0.879000
0.849000
0.471000
0.878000
0.875000
0.779000
0.876000
0.879000
0.877000
0.832000
0.872000
0.879000
0.879000
0.869000
0.852000
0.686000
0.776000
0.854000
0.792000
0.854000
0.831000
0.121000
0.877000
0.261000
0.213000
0.866000
0.741000
0.874000
0.864000
0.740000
0.878000
0.576000
0.874000
0.507000
0.849000
0.839000
0.864000
0.861000
0.877000
0.875000
0.768000
0.873000
0.876000
0.854000
0.340000
0.851000
0.006000
0.716000
0.879000
0.833000
0.439000
0.002000
0.879000
0.876000
0.800000
0.878000
0.879000
0.877000
0.493000
0.878000
0.842000
