0.898000
0.005000
0.898000
0.898000
0.890000
0.898000
0.786000
0.890000
0.898000
0.894000
0.898000
0.890000
0.695000
0.866000
0.898000
0.881000
0.357000
0.898000
0.898000
0.898000
0.876000
0.708000
0.742000
0.567000
0.294000
0.878000
0.745000
0.896000
0.898000
0.898000
0.559000
0.884000
0.880000
0.783000
0.863000
0.898000
0.891000
0.577000
0.898000
0.610000
0.698000
0.898000
0.893000
0.898000
0.884000
0.365000
0.699000
0.893000
0.898000
0.883000
0.673000
0.218000
0.885000
0.828000
0.850000
0.896000
0.892000
0.889000
0.840000
0.748000
0.898000
0.897000
0.877000
0.897000
0.897000
0.891000
0.898000
0.893000
0.857000
0.000000
0.597000
0.897000
0.555000
0.896000
0.892000
0.845000
0.746000
0.315000
0.830000
0.854000
0.883000
0.569000
0.010000
0.371000
0.887000
0.007000
0.870000
0.420000
0.898000
0.895000
0.077000
0.898000
0.885000
0.693000
0.883000
0.851000
0.884000
0.363000
0.898000
0.720000
0.886000
0.785000
0.440000
0.848000
0.555000
0.890000
0.710000
0.862000
0.897000
0.838000
0.898000
0.898000
0.896000
0.884000
0.881000
0.865000
0.894000
0.895000
0.887000
0.853000
0.743000
0.733000
0.865000
0.651000
0.879000
0.882000
0.898000
0.898000
0.898000
0.774000
0.889000
0.894000
0.271000
0.671000
0.898000
0.668000
0.898000
0.886000
0.848000
0.898000
0.868000
0.462000
0.898000
0.894000
0.787000
0.896000
0.898000
0.895000
0.865000
0.892000
0.897000
0.898000
0.889000
0.878000
0.707000
0.815000
0.870000
0.802000
0.876000
0.855000
0.131000
0.896000
0.262000
0.210000
0.883000
0.760000
0.895000
0.876000
0.775000
0.898000
0.594000
0.889000
0.526000
0.869000
0.872000
0.889000
0.881000
0.898000
0.894000
0.773000
0.896000
0.898000
0.875000
0.336000
0.873000
0.004000
0.754000
0.898000
0.851000
0.455000
0.007000
0.898000
0.893000
0.809000
0.897000
0.898000
0.898000
0.539000
0.895000
0.873000
