0.888000
0.003000
0.888000
0.888000
0.875000
0.888000
0.776000
0.881000
0.888000
0.884000
0.888000
0.882000
0.711000
0.848000
0.888000
0.879000
0.381000
0.888000
0.888000
0.888000
0.861000
0.721000
0.735000
0.532000
0.279000
0.863000
0.737000
0.887000
0.888000
0.888000
0.555000
0.871000
0.870000
0.766000
0.837000
0.887000
0.874000
0.576000
0.888000
0.596000
0.675000
0.888000
0.885000
0.887000
0.874000
0.369000
0.671000
0.882000
0.888000
0.874000
0.649000
0.193000
0.877000
0.829000
0.833000
0.888000
0.874000
0.872000
0.810000
0.752000
0.888000
0.885000
0.876000
0.887000
0.888000
0.876000
0.886000
0.877000
0.862000
0.001000
0.600000
0.888000
0.551000
0.887000
0.875000
0.829000
0.761000
0.291000
0.834000
0.835000
0.865000
0.562000
0.010000
0.352000
0.880000
0.008000
0.851000
0.396000
0.886000
0.886000
0.051000
0.888000
0.874000
0.707000
0.878000
0.851000
0.872000
0.349000
0.888000
0.710000
0.871000
0.765000
0.430000
0.831000
0.553000
0.880000
0.691000
0.860000
0.888000
0.835000
0.888000
0.888000
0.884000
0.870000
0.866000
0.850000
0.881000
0.888000
0.878000
0.841000
0.740000
0.717000
0.856000
0.642000
0.876000
0.873000
0.888000
0.888000
0.888000
0.745000
0.867000
0.886000
0.283000
0.637000
0.888000
0.654000
0.888000
0.874000
0.836000
0.888000
0.862000
0.485000
0.888000
0.884000
0.788000
0.885000
0.888000
0.886000
0.836000
0.879000
0.887000
0.888000
0.885000
0.857000
0.680000
0.771000
0.858000
0.807000
0.860000
0.842000
0.123000
0.888000
0.256000
0.207000
0.882000
0.744000
0.883000
0.874000
0.757000
0.886000
0.611000
0.885000
0.490000
0.845000
0.857000
0.879000
0.861000
0.888000
0.884000
0.786000
0.883000
0.886000
0.874000
0.326000
0.859000
0.006000
0.747000
0.888000
0.843000
0.456000
0.001000
0.888000
0.884000
0.806000
0.885000
0.888000
0.885000
0.529000
0.881000
0.859000
