0.906000
0.003000
0.906000
0.906000
0.894000
0.906000
0.792000
0.895000
0.906000
0.903000
0.906000
0.897000
0.722000
0.864000
0.906000
0.893000
0.377000
0.906000
0.906000
0.906000
0.881000
0.731000
0.762000
0.572000
0.301000
0.886000
0.748000
0.904000
0.906000
0.906000
0.578000
0.888000
0.886000
0.817000
0.860000
0.906000
0.899000
0.591000
0.905000
0.634000
0.701000
0.906000
0.904000
0.906000
0.889000
0.380000
0.706000
0.892000
0.906000
0.890000
0.667000
0.205000
0.892000
0.841000
0.867000
0.906000
0.896000
0.891000
0.837000
0.765000
0.906000
0.902000
0.884000
0.905000
0.905000
0.900000
0.905000
0.898000
0.869000
0.001000
0.616000
0.906000
0.536000
0.905000
0.895000
0.849000
0.763000
0.284000
0.845000
0.864000
0.887000
0.627000
0.015000
0.345000
0.902000
0.008000
0.868000
0.436000
0.905000
0.905000
0.073000
0.906000
0.893000
0.718000
0.888000
0.862000
0.894000
0.356000
0.906000
0.720000
0.896000
0.774000
0.460000
0.868000
0.576000
0.900000
0.725000
0.865000
0.905000
0.835000
0.906000
0.906000
0.906000
0.890000
0.887000
0.877000
0.904000
0.904000
0.890000
0.859000
0.752000
0.734000
0.872000
0.655000
0.889000
0.894000
0.906000
0.906000
0.906000
0.786000
0.884000
0.905000
0.298000
0.653000
0.906000
0.655000
0.906000
0.896000
0.847000
0.905000
0.878000
0.502000
0.906000
0.904000
0.807000
0.897000
0.906000
0.905000
0.877000
0.896000
0.906000
0.906000
0.902000
0.876000
0.713000
0.826000
0.878000
0.817000
0.878000
0.860000
0.131000
0.904000
0.294000
0.220000
0.885000
0.758000
0.905000
0.885000
0.779000
0.906000
0.616000
0.899000
0.525000
0.870000
0.871000
0.895000
0.887000
0.906000
0.902000
0.803000
0.904000
0.904000
0.882000
0.327000
0.878000
0.001000
0.743000
0.906000
0.857000
0.464000
0.005000
0.906000
0.901000
0.823000
0.906000
0.906000
0.906000
0.526000
0.902000
0.885000
