0.903000
0.003000
0.903000
0.903000
0.897000
0.903000
0.806000
0.897000
0.903000
0.898000
0.901000
0.899000
0.712000
0.852000
0.903000
0.894000
0.369000
0.903000
0.900000
0.903000
0.872000
0.705000
0.756000
0.573000
0.302000
0.881000
0.768000
0.901000
0.903000
0.903000
0.593000
0.885000
0.888000
0.801000
0.864000
0.902000
0.898000
0.583000
0.903000
0.603000
0.698000
0.903000
0.897000
0.902000
0.886000
0.360000
0.688000
0.897000
0.903000
0.883000
0.682000
0.192000
0.885000
0.837000
0.858000
0.901000
0.892000
0.879000
0.840000
0.752000
0.903000
0.897000
0.881000
0.903000
0.903000
0.893000
0.902000
0.895000
0.866000
0.001000
0.622000
0.903000
0.535000
0.900000
0.892000
0.843000
0.748000
0.316000
0.831000
0.846000
0.878000
0.597000
0.008000
0.362000
0.897000
0.008000
0.865000
0.425000
0.903000
0.899000
0.049000
0.903000
0.889000
0.697000
0.891000
0.854000
0.899000
0.365000
0.903000
0.719000
0.887000
0.772000
0.416000
0.850000
0.564000
0.892000
0.748000
0.858000
0.903000
0.828000
0.903000
0.903000
0.900000
0.893000
0.884000
0.869000
0.897000
0.899000
0.892000
0.851000
0.739000
0.725000
0.866000
0.625000
0.886000
0.890000
0.903000
0.903000
0.903000
0.778000
0.883000
0.899000
0.300000
0.690000
0.903000
0.657000
0.903000
0.888000
0.862000
0.903000
0.874000
0.515000
0.903000
0.895000
0.788000
0.901000
0.903000
0.900000
0.875000
0.887000
0.902000
0.903000
0.895000
0.868000
0.694000
0.825000
0.862000
0.814000
0.869000
0.868000
0.128000
0.901000
0.268000
0.211000
0.888000
0.745000
0.901000
0.881000
0.787000
0.900000
0.597000
0.899000
0.556000
0.867000
0.879000
0.883000
0.876000
0.903000
0.894000
0.794000
0.900000
0.901000
0.879000
0.318000
0.872000
0.007000
0.757000
0.903000
0.864000
0.456000
0.003000
0.903000
0.897000
0.823000
0.901000
0.903000
0.902000
0.536000
0.900000
0.874000
