0.897000
0.005000
0.897000
0.897000
0.885000
0.897000
0.833000
0.883000
0.897000
0.890000
0.896000
0.891000
0.692000
0.847000
0.897000
0.889000
0.373000
0.897000
0.896000
0.897000
0.870000
0.716000
0.763000
0.561000
0.282000
0.880000
0.735000
0.895000
0.897000
0.897000
0.574000
0.880000
0.887000
0.773000
0.861000
0.897000
0.893000
0.580000
0.897000
0.601000
0.688000
0.897000
0.893000
0.897000
0.880000
0.380000
0.699000
0.891000
0.897000
0.887000
0.655000
0.205000
0.881000
0.817000
0.856000
0.896000
0.891000
0.869000
0.837000
0.747000
0.897000
0.895000
0.878000
0.897000
0.897000
0.888000
0.896000
0.889000
0.863000
0.000000
0.599000
0.897000
0.540000
0.894000
0.886000
0.835000
0.754000
0.311000
0.831000
0.852000
0.879000
0.605000
0.018000
0.404000
0.891000
0.008000
0.861000
0.427000
0.896000
0.895000
0.069000
0.897000
0.883000
0.686000
0.881000
0.852000
0.889000
0.357000
0.897000
0.714000
0.885000
0.772000
0.443000
0.853000
0.571000
0.889000
0.712000
0.864000
0.897000
0.845000
0.897000
0.897000
0.896000
0.887000
0.872000
0.864000
0.889000
0.892000
0.877000
0.850000
0.741000
0.731000
0.857000
0.643000
0.879000
0.885000
0.897000
0.897000
0.897000
0.781000
0.881000
0.895000
0.304000
0.644000
0.897000
0.664000
0.897000
0.886000
0.832000
0.897000
0.873000
0.489000
0.896000
0.890000
0.797000
0.897000
0.897000
0.895000
0.867000
0.891000
0.896000
0.897000
0.884000
0.869000
0.684000
0.815000
0.864000
0.809000
0.867000
0.850000
0.133000
0.895000
0.277000
0.200000
0.889000
0.755000
0.893000
0.878000
0.753000
0.894000
0.577000
0.889000
0.514000
0.859000
0.860000
0.879000
0.881000
0.896000
0.894000
0.798000
0.892000
0.894000
0.875000
0.333000
0.876000
0.004000
0.748000
0.897000
0.848000
0.459000
0.005000
0.897000
0.894000
0.816000
0.897000
0.897000
0.894000
0.539000
0.895000
0.866000
