0.895000
0.006000
0.894000
0.895000
0.881000
0.895000
0.798000
0.885000
0.895000
0.888000
0.894000
0.888000
0.716000
0.858000
0.895000
0.885000
0.367000
0.895000
0.895000
0.895000
0.867000
0.713000
0.738000
0.518000
0.265000
0.867000
0.736000
0.893000
0.895000
0.895000
0.570000
0.880000
0.872000
0.770000
0.849000
0.894000
0.890000
0.570000
0.895000
0.598000
0.682000
0.895000
0.893000
0.894000
0.886000
0.355000
0.677000
0.886000
0.895000
0.885000
0.629000
0.202000
0.878000
0.826000
0.838000
0.894000
0.882000
0.873000
0.822000
0.742000
0.895000
0.893000
0.877000
0.892000
0.895000
0.887000
0.894000
0.882000
0.859000
0.000000
0.606000
0.895000
0.527000
0.893000
0.885000
0.844000
0.752000
0.344000
0.825000
0.843000
0.873000
0.599000
0.007000
0.359000
0.888000
0.011000
0.853000
0.438000
0.895000
0.895000
0.072000
0.895000
0.884000
0.704000
0.880000
0.846000
0.884000
0.337000
0.895000
0.690000
0.888000
0.770000
0.425000
0.841000
0.569000
0.889000
0.682000
0.860000
0.894000
0.841000
0.895000
0.895000
0.892000
0.879000
0.879000
0.877000
0.888000
0.894000
0.879000
0.844000
0.732000
0.726000
0.853000
0.634000
0.882000
0.876000
0.895000
0.895000
0.895000
0.780000
0.878000
0.895000
0.267000
0.665000
0.895000
0.653000
0.895000
0.883000
0.850000
0.895000
0.866000
0.475000
0.895000
0.888000
0.769000
0.893000
0.895000
0.892000
0.857000
0.888000
0.893000
0.895000
0.886000
0.862000
0.680000
0.793000
0.849000
0.801000
0.862000
0.849000
0.127000
0.894000
0.264000
0.196000
0.888000
0.759000
0.892000
0.875000
0.777000
0.892000
0.578000
0.887000
0.499000
0.865000
0.862000
0.888000
0.885000
0.895000
0.894000
0.780000
0.895000
0.892000
0.874000
0.298000
0.865000
0.001000
0.752000
0.895000
0.832000
0.422000
0.005000
0.895000
0.891000
0.814000
0.894000
0.895000
0.894000
0.529000
0.886000
0.871000
