0.883000
0.002000
0.883000
0.883000
0.878000
0.883000
0.774000
0.871000
0.883000
0.880000
0.883000
0.874000
0.696000
0.832000
0.883000
0.873000
0.371000
0.883000
0.883000
0.883000
0.867000
0.708000
0.708000
0.554000
0.297000
0.861000
0.748000
0.880000
0.883000
0.883000
0.581000
0.872000
0.868000
0.780000
0.851000
0.883000
0.879000
0.578000
0.882000
0.586000
0.690000
0.883000
0.879000
0.883000
0.874000
0.338000
0.687000
0.882000
0.883000
0.872000
0.674000
0.197000
0.864000
0.806000
0.841000
0.883000
0.869000
0.864000
0.817000
0.739000
0.883000
0.879000
0.861000
0.882000
0.883000
0.875000
0.882000
0.876000
0.841000
0.000000
0.585000
0.883000
0.502000
0.882000
0.871000
0.837000
0.746000
0.334000
0.822000
0.836000
0.860000
0.584000
0.012000
0.334000
0.877000
0.004000
0.849000
0.396000
0.883000
0.882000
0.063000
0.883000
0.864000
0.690000
0.862000
0.830000
0.876000
0.372000
0.883000
0.695000
0.865000
0.779000
0.452000
0.832000
0.559000
0.868000
0.722000
0.832000
0.883000
0.813000
0.883000
0.883000
0.877000
0.867000
0.859000
0.851000
0.876000
0.881000
0.873000
0.853000
0.737000
0.725000
0.838000
0.601000
0.867000
0.874000
0.883000
0.883000
0.883000
0.761000
0.871000
0.878000
0.294000
0.630000
0.883000
0.643000
0.883000
0.871000
0.831000
0.883000
0.849000
0.454000
0.883000
0.881000
0.790000
0.879000
0.883000
0.878000
0.850000
0.869000
0.883000
0.883000
0.878000
0.847000
0.692000
0.796000
0.850000
0.797000
0.847000
0.837000
0.109000
0.883000
0.281000
0.188000
0.872000
0.732000
0.881000
0.864000
0.749000
0.883000
0.597000
0.878000
0.472000
0.858000
0.859000
0.873000
0.866000
0.883000
0.883000
0.791000
0.879000
0.879000
0.860000
0.327000
0.852000
0.007000
0.759000
0.883000
0.846000
0.441000
0.006000
0.883000
0.868000
0.811000
0.881000
0.883000
0.883000
0.521000
0.877000
0.849000
