0.899000
0.004000
0.897000
0.899000
0.886000
0.899000
0.795000
0.892000
0.899000
0.895000
0.899000
0.894000
0.688000
0.855000
0.899000
0.892000
0.373000
0.899000
0.899000
0.899000
0.869000
0.717000
0.738000
0.552000
0.306000
0.882000
0.755000
0.898000
0.899000
0.899000
0.603000
0.882000
0.883000
0.789000
0.862000
0.898000
0.890000
0.576000
0.899000
0.613000
0.693000
0.899000
0.894000
0.899000
0.883000
0.360000
0.700000
0.892000
0.899000
0.889000
0.667000
0.203000
0.887000
0.830000
0.852000
0.898000
0.887000
0.885000
0.826000
0.759000
0.899000
0.899000
0.878000
0.898000
0.899000
0.892000
0.898000
0.887000
0.869000
0.000000
0.605000
0.898000
0.521000
0.899000
0.880000
0.851000
0.764000
0.318000
0.824000
0.840000
0.878000
0.583000
0.013000
0.313000
0.889000
0.003000
0.859000
0.425000
0.897000
0.899000
0.072000
0.899000
0.889000
0.679000
0.887000
0.855000
0.888000
0.354000
0.899000
0.717000
0.878000
0.811000
0.440000
0.848000
0.566000
0.894000
0.719000
0.851000
0.898000
0.826000
0.899000
0.899000
0.897000
0.888000
0.874000
0.870000
0.890000
0.898000
0.890000
0.836000
0.743000
0.726000
0.858000
0.629000
0.881000
0.883000
0.899000
0.899000
0.899000
0.786000
0.885000
0.897000
0.288000
0.650000
0.898000
0.644000
0.899000
0.889000
0.842000
0.899000
0.867000
0.455000
0.898000
0.897000
0.796000
0.896000
0.899000
0.896000
0.870000
0.890000
0.899000
0.899000
0.896000
0.874000
0.685000
0.811000
0.864000
0.798000
0.873000
0.847000
0.127000
0.897000
0.294000
0.205000
0.888000
0.761000
0.897000
0.886000
0.772000
0.898000
0.594000
0.890000
0.535000
0.860000
0.863000
0.885000
0.875000
0.899000
0.893000
0.810000
0.894000
0.897000
0.875000
0.312000
0.874000
0.006000
0.751000
0.899000
0.844000
0.473000
0.001000
0.899000
0.892000
0.837000
0.898000
0.899000
0.896000
0.525000
0.890000
0.876000
