0.881000
0.004000
0.881000
0.881000
0.870000
0.881000
0.787000
0.871000
0.881000
0.877000
0.881000
0.875000
0.678000
0.832000
0.881000
0.875000
0.371000
0.881000
0.880000
0.881000
0.852000
0.697000
0.736000
0.550000
0.299000
0.857000
0.733000
0.880000
0.881000
0.881000
0.556000
0.870000
0.865000
0.765000
0.844000
0.881000
0.874000
0.575000
0.881000
0.596000
0.678000
0.881000
0.881000
0.880000
0.866000
0.359000
0.678000
0.870000
0.881000
0.866000
0.664000
0.203000
0.866000
0.818000
0.830000
0.879000
0.872000
0.864000
0.814000
0.743000
0.881000
0.876000
0.864000
0.881000
0.880000
0.871000
0.880000
0.869000
0.858000
0.000000
0.587000
0.881000
0.523000
0.879000
0.873000
0.830000
0.732000
0.305000
0.816000
0.836000
0.858000
0.581000
0.006000
0.344000
0.870000
0.011000
0.847000
0.411000
0.881000
0.879000
0.069000
0.881000
0.871000
0.678000
0.866000
0.842000
0.870000
0.360000
0.881000
0.719000
0.871000
0.750000
0.439000
0.836000
0.521000
0.868000
0.702000
0.839000
0.881000
0.819000
0.881000
0.881000
0.881000
0.872000
0.861000
0.857000
0.872000
0.879000
0.862000
0.835000
0.742000
0.711000
0.838000
0.618000
0.870000
0.863000
0.881000
0.881000
0.881000
0.769000
0.866000
0.881000
0.280000
0.624000
0.881000
0.663000
0.881000
0.878000
0.832000
0.881000
0.858000
0.466000
0.879000
0.876000
0.762000
0.878000
0.881000
0.880000
0.857000
0.871000
0.880000
0.881000
0.874000
0.857000
0.673000
0.782000
0.853000
0.794000
0.856000
0.833000
0.126000
0.881000
0.254000
0.214000
0.869000
0.732000
0.880000
0.863000
0.741000
0.879000
0.595000
0.875000
0.507000
0.848000
0.850000
0.868000
0.853000
0.881000
0.877000
0.780000
0.877000
0.878000
0.859000
0.321000
0.860000
0.005000
0.728000
0.881000
0.835000
0.406000
0.004000
0.881000
0.873000
0.807000
0.877000
0.881000
0.879000
0.503000
0.876000
0.856000
