0.907000
0.004000
0.906000
0.907000
0.900000
0.907000
0.791000
0.897000
0.907000
0.904000
0.907000
0.903000
0.720000
0.866000
0.907000
0.899000
0.373000
0.907000
0.906000
0.907000
0.878000
0.750000
0.746000
0.547000
0.322000
0.884000
0.782000
0.902000
0.907000
0.907000
0.615000
0.891000
0.888000
0.824000
0.871000
0.907000
0.902000
0.576000
0.907000
0.620000
0.683000
0.906000
0.904000
0.907000
0.895000
0.376000
0.713000
0.901000
0.907000
0.896000
0.654000
0.201000
0.894000
0.838000
0.860000
0.906000
0.897000
0.885000
0.846000
0.768000
0.907000
0.901000
0.881000
0.907000
0.907000
0.899000
0.905000
0.897000
0.867000
0.001000
0.606000
0.907000
0.545000
0.906000
0.900000
0.860000
0.762000
0.312000
0.855000
0.848000
0.886000
0.589000
0.015000
0.410000
0.899000
0.010000
0.869000
0.436000
0.907000
0.905000
0.069000
0.907000
0.899000
0.716000
0.890000
0.860000
0.898000
0.368000
0.907000
0.724000
0.891000
0.774000
0.478000
0.851000
0.589000
0.896000
0.727000
0.863000
0.907000
0.847000
0.907000
0.907000
0.907000
0.896000
0.891000
0.878000
0.899000
0.902000
0.899000
0.861000
0.750000
0.731000
0.870000
0.668000
0.895000
0.894000
0.907000
0.907000
0.907000
0.800000
0.892000
0.905000
0.270000
0.665000
0.907000
0.660000
0.907000
0.898000
0.843000
0.907000
0.872000
0.494000
0.905000
0.900000
0.799000
0.906000
0.907000
0.903000
0.872000
0.893000
0.907000
0.907000
0.901000
0.879000
0.691000
0.799000
0.875000
0.826000
0.878000
0.864000
0.127000
0.906000
0.286000
0.210000
0.892000
0.756000
0.904000
0.887000
0.767000
0.906000
0.607000
0.898000
0.518000
0.869000
0.880000
0.890000
0.884000
0.907000
0.902000
0.790000
0.906000
0.905000
0.879000
0.322000
0.881000
0.006000
0.751000
0.907000
0.857000
0.464000
0.003000
0.907000
0.899000
0.832000
0.905000
0.907000
0.906000
0.535000
0.906000
0.878000
