0.894000
0.003000
0.894000
0.894000
0.883000
0.894000
0.792000
0.884000
0.894000
0.890000
0.894000
0.886000
0.709000
0.838000
0.894000
0.886000
0.353000
0.894000
0.892000
0.894000
0.866000
0.714000
0.748000
0.560000
0.284000
0.878000
0.718000
0.892000
0.894000
0.894000
0.579000
0.885000
0.870000
0.777000
0.858000
0.894000
0.890000
0.560000
0.894000
0.603000
0.697000
0.894000
0.890000
0.893000
0.878000
0.364000
0.677000
0.888000
0.894000
0.881000
0.643000
0.168000
0.885000
0.846000
0.844000
0.893000
0.880000
0.869000
0.812000
0.744000
0.894000
0.891000
0.873000
0.894000
0.894000
0.886000
0.893000
0.880000
0.863000
0.001000
0.584000
0.894000
0.519000
0.892000
0.881000
0.837000
0.762000
0.299000
0.823000
0.841000
0.879000
0.600000
0.009000
0.341000
0.886000
0.003000
0.864000
0.403000
0.894000
0.893000
0.063000
0.894000
0.885000
0.707000
0.879000
0.857000
0.881000
0.353000
0.894000
0.715000
0.884000
0.771000
0.430000
0.835000
0.550000
0.882000
0.706000
0.863000
0.894000
0.838000
0.894000
0.894000
0.892000
0.881000
0.869000
0.857000
0.888000
0.891000
0.880000
0.849000
0.741000
0.712000
0.856000
0.624000
0.886000
0.874000
0.894000
0.894000
0.894000
0.765000
0.876000
0.891000
0.246000
0.650000
0.894000
0.614000
0.894000
0.886000
0.839000
0.894000
0.862000
0.473000
0.894000
0.889000
0.784000
0.894000
0.894000
0.890000
0.862000
0.884000
0.893000
0.894000
0.888000
0.868000
0.703000
0.791000
0.866000
0.804000
0.866000
0.850000
0.125000
0.892000
0.273000
0.212000
0.871000
0.735000
0.890000
0.870000
0.771000
0.892000
0.589000
0.883000
0.518000
0.864000
0.861000
0.877000
0.871000
0.894000
0.889000
0.798000
0.892000
0.893000
0.868000
0.306000
0.866000
0.010000
0.756000
0.894000
0.833000
0.422000
0.004000
0.894000
0.891000
0.813000
0.891000
0.894000
0.893000
0.522000
0.886000
0.860000
