0.895000
0.003000
0.894000
0.895000
0.889000
0.895000
0.784000
0.888000
0.893000
0.890000
0.895000
0.887000
0.699000
0.846000
0.895000
0.889000
0.404000
0.895000
0.894000
0.895000
0.870000
0.727000
0.747000
0.578000
0.291000
0.869000
0.754000
0.895000
0.895000
0.895000
0.559000
0.874000
0.877000
0.787000
0.864000
0.895000
0.888000
0.589000
0.895000
0.615000
0.682000
0.895000
0.893000
0.895000
0.886000
0.397000
0.686000
0.889000
0.895000
0.877000
0.654000
0.186000
0.887000
0.829000
0.842000
0.893000
0.887000
0.875000
0.821000
0.731000
0.895000
0.888000
0.874000
0.895000
0.895000
0.883000
0.893000
0.884000
0.854000
0.000000
0.605000
0.895000
0.526000
0.891000
0.889000
0.835000
0.735000
0.312000
0.833000
0.853000
0.875000
0.589000
0.009000
0.356000
0.886000
0.004000
0.858000
0.426000
0.894000
0.891000
0.068000
0.895000
0.888000
0.690000
0.883000
0.846000
0.880000
0.338000
0.895000
0.711000
0.883000
0.778000
0.469000
0.841000
0.554000
0.888000
0.708000
0.858000
0.895000
0.833000
0.895000
0.894000
0.893000
0.886000
0.872000
0.860000
0.884000
0.894000
0.884000
0.862000
0.746000
0.710000
0.847000
0.624000
0.881000
0.877000
0.895000
0.895000
0.895000
0.776000
0.888000
0.894000
0.263000
0.630000
0.895000
0.676000
0.895000
0.887000
0.840000
0.895000
0.870000
0.483000
0.894000
0.890000
0.783000
0.893000
0.895000
0.892000
0.877000
0.888000
0.895000
0.895000
0.886000
0.871000
0.679000
0.791000
0.865000
0.813000
0.868000
0.846000
0.113000
0.894000
0.260000
0.209000
0.879000
0.738000
0.892000
0.886000
0.746000
0.893000
0.577000
0.889000
0.487000
0.858000
0.863000
0.883000
0.882000
0.895000
0.889000
0.787000
0.894000
0.890000
0.873000
0.325000
0.870000
0.001000
0.737000
0.895000
0.838000
0.433000
0.004000
0.895000
0.888000
0.811000
0.893000
0.895000
0.893000
0.510000
0.890000
0.859000
