0.884000
0.008000
0.883000
0.884000
0.873000
0.884000
0.784000
0.877000
0.884000
0.881000
0.884000
0.878000
0.687000
0.834000
0.884000
0.880000
0.372000
0.884000
0.884000
0.884000
0.848000
0.695000
0.738000
0.556000
0.285000
0.868000
0.737000
0.883000
0.884000
0.884000
0.571000
0.874000
0.860000
0.779000
0.831000
0.884000
0.876000
0.575000
0.884000
0.608000
0.687000
0.884000
0.881000
0.884000
0.868000
0.366000
0.680000
0.874000
0.884000
0.868000
0.660000
0.198000
0.871000
0.818000
0.832000
0.882000
0.872000
0.861000
0.817000
0.739000
0.884000
0.878000
0.866000
0.884000
0.884000
0.875000
0.883000
0.873000
0.843000
0.001000
0.603000
0.884000
0.538000
0.883000
0.872000
0.831000
0.744000
0.320000
0.828000
0.838000
0.858000
0.549000
0.010000
0.352000
0.878000
0.003000
0.844000
0.415000
0.883000
0.881000
0.062000
0.884000
0.871000
0.684000
0.872000
0.835000
0.870000
0.330000
0.884000
0.688000
0.870000
0.763000
0.449000
0.840000
0.551000
0.871000
0.702000
0.835000
0.884000
0.808000
0.884000
0.884000
0.881000
0.870000
0.868000
0.844000
0.882000
0.879000
0.870000
0.852000
0.739000
0.711000
0.850000
0.626000
0.866000
0.870000
0.884000
0.884000
0.884000
0.767000
0.870000
0.882000
0.305000
0.634000
0.884000
0.672000
0.884000
0.874000
0.835000
0.884000
0.863000
0.506000
0.883000
0.877000
0.786000
0.881000
0.884000
0.882000
0.848000
0.873000
0.883000
0.884000
0.874000
0.849000
0.687000
0.788000
0.855000
0.807000
0.851000
0.833000
0.129000
0.882000
0.287000
0.214000
0.867000
0.729000
0.880000
0.868000
0.738000
0.881000
0.568000
0.882000
0.503000
0.843000
0.859000
0.870000
0.861000
0.884000
0.882000
0.776000
0.880000
0.880000
0.866000
0.352000
0.858000
0.002000
0.728000
0.884000
0.824000
0.420000
0.004000
0.884000
0.874000
0.803000
0.882000
0.884000
0.883000
0.493000
0.881000
0.865000
