0.889000
0.005000
0.889000
0.889000
0.878000
0.889000
0.779000
0.884000
0.889000
0.887000
0.889000
0.885000
0.688000
0.850000
0.889000
0.883000
0.387000
0.889000
0.889000
0.889000
0.862000
0.715000
0.719000
0.564000
0.274000
0.868000
0.746000
0.888000
0.889000
0.889000
0.589000
0.872000
0.871000
0.767000
0.853000
0.887000
0.879000
0.570000
0.888000
0.607000
0.686000
0.889000
0.887000
0.889000
0.878000
0.354000
0.707000
0.883000
0.889000
0.877000
0.655000
0.211000
0.880000
0.820000
0.853000
0.889000
0.878000
0.864000
0.818000
0.759000
0.888000
0.883000
0.868000
0.887000
0.889000
0.882000
0.888000
0.875000
0.850000
0.000000
0.578000
0.889000
0.553000
0.888000
0.879000
0.845000
0.758000
0.287000
0.825000
0.845000
0.862000
0.613000
0.015000
0.352000
0.882000
0.005000
0.850000
0.427000
0.888000
0.889000
0.063000
0.889000
0.878000
0.685000
0.877000
0.847000
0.876000
0.345000
0.889000
0.690000
0.876000
0.762000
0.467000
0.842000
0.553000
0.882000
0.709000
0.842000
0.889000
0.813000
0.889000
0.889000
0.888000
0.874000
0.859000
0.856000
0.880000
0.888000
0.882000
0.850000
0.730000
0.729000
0.851000
0.643000
0.873000
0.882000
0.889000
0.889000
0.889000
0.760000
0.871000
0.887000
0.288000
0.642000
0.889000
0.664000
0.889000
0.879000
0.826000
0.889000
0.858000
0.483000
0.887000
0.888000
0.788000
0.887000
0.889000
0.886000
0.860000
0.879000
0.889000
0.889000
0.884000
0.861000
0.683000
0.794000
0.867000
0.801000
0.862000
0.836000
0.125000
0.888000
0.303000
0.185000
0.874000
0.757000
0.888000
0.876000
0.762000
0.886000
0.581000
0.878000
0.513000
0.869000
0.854000
0.877000
0.872000
0.889000
0.886000
0.784000
0.887000
0.885000
0.865000
0.304000
0.861000
0.005000
0.736000
0.889000
0.840000
0.435000
0.004000
0.889000
0.883000
0.810000
0.888000
0.889000
0.889000
0.503000
0.878000
0.861000
