0.875000
0.001000
0.875000
0.875000
0.865000
0.875000
0.754000
0.865000
0.875000
0.872000
0.875000
0.866000
0.678000
0.829000
0.875000
0.868000
0.324000
0.875000
0.874000
0.875000
0.838000
0.674000
0.735000
0.549000
0.290000
0.856000
0.724000
0.874000
0.875000
0.875000
0.566000
0.860000
0.866000
0.753000
0.836000
0.875000
0.871000
0.582000
0.875000
0.612000
0.665000
0.875000
0.869000
0.875000
0.859000
0.354000
0.675000
0.869000
0.875000
0.865000
0.638000
0.186000
0.859000
0.807000
0.833000
0.875000
0.869000
0.858000
0.793000
0.735000
0.875000
0.864000
0.858000
0.874000
0.875000
0.862000
0.875000
0.865000
0.826000
0.000000
0.569000
0.875000
0.532000
0.874000
0.857000
0.810000
0.743000
0.323000
0.819000
0.828000
0.856000
0.578000
0.010000
0.331000
0.871000
0.006000
0.835000
0.416000
0.875000
0.873000
0.059000
0.875000
0.865000
0.674000
0.860000
0.827000
0.870000
0.320000
0.875000
0.687000
0.856000
0.754000
0.414000
0.825000
0.564000
0.868000
0.691000
0.838000
0.875000
0.803000
0.875000
0.875000
0.871000
0.856000
0.858000
0.848000
0.869000
0.872000
0.865000
0.817000
0.735000
0.703000
0.839000
0.623000
0.858000
0.864000
0.875000
0.875000
0.875000
0.751000
0.856000
0.871000
0.279000
0.641000
0.875000
0.666000
0.875000
0.865000
0.825000
0.875000
0.855000
0.449000
0.875000
0.871000
0.774000
0.874000
0.875000
0.873000
0.844000
0.867000
0.875000
0.875000
0.873000
0.848000
0.664000
0.788000
0.841000
0.798000
0.844000
0.841000
0.130000
0.873000
0.290000
0.207000
0.856000
0.756000
0.872000
0.855000
0.749000
0.871000
0.555000
0.870000
0.521000
0.836000
0.844000
0.857000
0.859000
0.875000
0.871000
0.777000
0.872000
0.871000
0.855000
0.317000
0.850000
0.005000
0.710000
0.875000
0.829000
0.435000
0.002000
0.875000
0.867000
0.813000
0.874000
0.875000
0.874000
0.514000
0.864000
0.850000
