0.890000
0.004000
0.890000
0.890000
0.881000
0.890000
0.788000
0.884000
0.890000
0.885000
0.887000
0.888000
0.685000
0.846000
0.890000
0.879000
0.390000
0.890000
0.890000
0.890000
0.871000
0.700000
0.742000
0.578000
0.280000
0.871000
0.740000
0.885000
0.890000
0.889000
0.561000
0.875000
0.871000
0.781000
0.847000
0.890000
0.882000
0.577000
0.890000
0.603000
0.713000
0.890000
0.885000
0.890000
0.876000
0.381000
0.698000
0.880000
0.890000
0.875000
0.643000
0.207000
0.874000
0.827000
0.846000
0.890000
0.882000
0.868000
0.822000
0.741000
0.890000
0.884000
0.863000
0.890000
0.889000
0.881000
0.890000
0.883000
0.857000
0.000000
0.586000
0.889000
0.544000
0.885000
0.878000
0.841000
0.764000
0.279000
0.839000
0.840000
0.875000
0.577000
0.013000
0.321000
0.884000
0.005000
0.848000
0.436000
0.890000
0.888000
0.064000
0.890000
0.877000
0.685000
0.873000
0.849000
0.881000
0.331000
0.889000
0.716000
0.877000
0.764000
0.450000
0.836000
0.577000
0.882000
0.717000
0.860000
0.890000
0.836000
0.890000
0.890000
0.889000
0.883000
0.866000
0.865000
0.888000
0.887000
0.868000
0.853000
0.738000
0.741000
0.851000
0.631000
0.880000
0.877000
0.890000
0.890000
0.890000
0.768000
0.881000
0.890000
0.281000
0.635000
0.890000
0.633000
0.890000
0.876000
0.841000
0.890000
0.865000
0.514000
0.890000
0.885000
0.769000
0.888000
0.890000
0.887000
0.859000
0.881000
0.890000
0.890000
0.881000
0.860000
0.714000
0.807000
0.859000
0.814000
0.854000
0.848000
0.120000
0.890000
0.281000
0.205000
0.877000
0.752000
0.887000
0.865000
0.767000
0.890000
0.563000
0.886000
0.526000
0.852000
0.860000
0.876000
0.867000
0.890000
0.886000
0.792000
0.886000
0.889000
0.862000
0.317000
0.859000
0.005000
0.756000
0.890000
0.848000
0.438000
0.003000
0.890000
0.889000
0.828000
0.886000
0.890000
0.890000
0.511000
0.886000
0.862000
