0.885000
0.005000
0.885000
0.885000
0.878000
0.885000
0.787000
0.876000
0.884000
0.881000
0.885000
0.880000
0.690000
0.833000
0.885000
0.876000
0.391000
0.885000
0.885000
0.885000
0.859000
0.684000
0.716000
0.572000
0.284000
0.864000
0.719000
0.883000
0.885000
0.884000
0.558000
0.865000
0.865000
0.795000
0.849000
0.885000
0.875000
0.587000
0.885000
0.598000
0.689000
0.885000
0.883000
0.884000
0.876000
0.347000
0.684000
0.876000
0.885000
0.878000
0.671000
0.206000
0.878000
0.826000
0.848000
0.884000
0.872000
0.865000
0.821000
0.746000
0.885000
0.882000
0.869000
0.885000
0.885000
0.876000
0.885000
0.875000
0.838000
0.000000
0.592000
0.884000
0.532000
0.885000
0.874000
0.828000
0.776000
0.303000
0.832000
0.843000
0.858000
0.565000
0.015000
0.360000
0.875000
0.006000
0.862000
0.437000
0.884000
0.881000
0.085000
0.885000
0.876000
0.682000
0.874000
0.845000
0.877000
0.364000
0.885000
0.701000
0.874000
0.756000
0.438000
0.832000
0.545000
0.875000
0.723000
0.845000
0.885000
0.814000
0.885000
0.885000
0.882000
0.877000
0.871000
0.862000
0.880000
0.883000
0.873000
0.846000
0.735000
0.723000
0.846000
0.632000
0.867000
0.865000
0.885000
0.885000
0.885000
0.757000
0.869000
0.884000
0.303000
0.652000
0.885000
0.644000
0.885000
0.874000
0.836000
0.885000
0.863000
0.484000
0.884000
0.878000
0.778000
0.881000
0.885000
0.883000
0.854000
0.877000
0.884000
0.885000
0.877000
0.852000
0.688000
0.802000
0.862000
0.801000
0.853000
0.825000
0.134000
0.884000
0.277000
0.193000
0.867000
0.740000
0.885000
0.870000
0.782000
0.884000
0.603000
0.877000
0.552000
0.855000
0.856000
0.863000
0.863000
0.885000
0.883000
0.781000
0.882000
0.885000
0.866000
0.298000
0.864000
0.003000
0.736000
0.885000
0.842000
0.461000
0.001000
0.885000
0.880000
0.815000
0.884000
0.885000
0.884000
0.518000
0.881000
0.859000
