0.889000
0.003000
0.889000
0.889000
0.881000
0.889000
0.795000
0.883000
0.889000
0.885000
0.889000
0.885000
0.673000
0.847000
0.889000
0.881000
0.352000
0.889000
0.889000
0.889000
0.867000
0.705000
0.729000
0.559000
0.290000
0.867000
0.737000
0.886000
0.889000
0.889000
0.591000
0.869000
0.873000
0.776000
0.847000
0.889000
0.879000
0.594000
0.889000
0.600000
0.713000
0.889000
0.879000
0.888000
0.874000
0.374000
0.689000
0.881000
0.889000
0.873000
0.662000
0.206000
0.877000
0.828000
0.840000
0.889000
0.877000
0.870000
0.819000
0.757000
0.889000
0.882000
0.871000
0.889000
0.889000
0.881000
0.887000
0.880000
0.857000
0.001000
0.610000
0.889000
0.544000
0.888000
0.876000
0.835000
0.754000
0.305000
0.828000
0.850000
0.861000
0.595000
0.009000
0.377000
0.886000
0.007000
0.864000
0.441000
0.889000
0.886000
0.061000
0.889000
0.876000
0.670000
0.879000
0.837000
0.880000
0.371000
0.889000
0.723000
0.883000
0.758000
0.457000
0.838000
0.556000
0.882000
0.696000
0.851000
0.889000
0.816000
0.889000
0.889000
0.888000
0.877000
0.870000
0.851000
0.887000
0.884000
0.878000
0.844000
0.743000
0.747000
0.839000
0.639000
0.877000
0.878000
0.889000
0.889000
0.889000
0.770000
0.869000
0.882000
0.301000
0.641000
0.889000
0.662000
0.889000
0.878000
0.837000
0.889000
0.865000
0.475000
0.888000
0.884000
0.789000
0.887000
0.889000
0.887000
0.857000
0.881000
0.888000
0.889000
0.885000
0.862000
0.715000
0.806000
0.851000
0.807000
0.863000
0.848000
0.122000
0.888000
0.306000
0.210000
0.874000
0.750000
0.888000
0.873000
0.758000
0.889000
0.592000
0.882000
0.526000
0.856000
0.859000
0.871000
0.872000
0.889000
0.884000
0.817000
0.887000
0.884000
0.870000
0.322000
0.855000
0.004000
0.746000
0.889000
0.845000
0.435000
0.002000
0.889000
0.879000
0.829000
0.887000
0.888000
0.888000
0.512000
0.884000
0.861000
