0.889000
0.003000
0.889000
0.889000
0.878000
0.889000
0.785000
0.882000
0.889000
0.885000
0.889000
0.884000
0.675000
0.828000
0.888000
0.876000
0.373000
0.889000
0.889000
0.889000
0.848000
0.718000
0.725000
0.563000
0.291000
0.871000
0.746000
0.889000
0.889000
0.889000
0.574000
0.878000
0.876000
0.793000
0.846000
0.888000
0.885000
0.590000
0.888000
0.585000
0.696000
0.889000
0.885000
0.889000
0.874000
0.379000
0.671000
0.880000
0.889000
0.875000
0.667000
0.216000
0.875000
0.826000
0.853000
0.888000
0.877000
0.859000
0.816000
0.762000
0.889000
0.887000
0.865000
0.889000
0.889000
0.874000
0.885000
0.879000
0.855000
0.001000
0.590000
0.888000
0.520000
0.888000
0.877000
0.840000
0.768000
0.315000
0.824000
0.834000
0.867000
0.583000
0.012000
0.357000
0.883000
0.007000
0.853000
0.416000
0.887000
0.886000
0.078000
0.889000
0.880000
0.675000
0.876000
0.849000
0.882000
0.359000
0.889000
0.692000
0.875000
0.766000
0.441000
0.846000
0.555000
0.878000
0.708000
0.852000
0.889000
0.821000
0.889000
0.889000
0.889000
0.881000
0.865000
0.854000
0.881000
0.887000
0.877000
0.846000
0.743000
0.727000
0.837000
0.611000
0.869000
0.879000
0.889000
0.889000
0.889000
0.764000
0.874000
0.885000
0.267000
0.637000
0.889000
0.651000
0.889000
0.880000
0.826000
0.888000
0.866000
0.478000
0.888000
0.884000
0.797000
0.887000
0.889000
0.883000
0.867000
0.876000
0.889000
0.889000
0.884000
0.867000
0.687000
0.820000
0.864000
0.801000
0.866000
0.843000
0.159000
0.886000
0.296000
0.207000
0.877000
0.757000
0.887000
0.870000
0.769000
0.887000
0.586000
0.883000
0.490000
0.842000
0.855000
0.878000
0.877000
0.889000
0.885000
0.802000
0.887000
0.884000
0.865000
0.335000
0.858000
0.003000
0.737000
0.889000
0.843000
0.432000
0.006000
0.889000
0.887000
0.822000
0.887000
0.889000
0.885000
0.501000
0.887000
0.864000
