0.882000
0.004000
0.882000
0.882000
0.867000
0.882000
0.776000
0.874000
0.882000
0.875000
0.882000
0.876000
0.684000
0.825000
0.882000
0.872000
0.370000
0.882000
0.882000
0.882000
0.849000
0.714000
0.723000
0.577000
0.308000
0.858000
0.737000
0.880000
0.882000
0.882000
0.569000
0.868000
0.863000
0.792000
0.839000
0.882000
0.873000
0.591000
0.881000
0.568000
0.663000
0.882000
0.880000
0.882000
0.861000
0.343000
0.695000
0.873000
0.882000
0.870000
0.648000
0.206000
0.874000
0.824000
0.830000
0.882000
0.874000
0.868000
0.812000
0.726000
0.882000
0.878000
0.853000
0.882000
0.882000
0.874000
0.882000
0.867000
0.851000
0.001000
0.596000
0.882000
0.490000
0.882000
0.875000
0.839000
0.747000
0.304000
0.820000
0.833000
0.863000
0.572000
0.012000
0.337000
0.874000
0.008000
0.842000
0.405000
0.882000
0.881000
0.072000
0.882000
0.873000
0.678000
0.868000
0.839000
0.876000
0.334000
0.882000
0.692000
0.870000
0.773000
0.454000
0.825000
0.523000
0.876000
0.688000
0.843000
0.882000
0.820000
0.882000
0.882000
0.881000
0.865000
0.860000
0.840000
0.877000
0.879000
0.864000
0.834000
0.728000
0.697000
0.850000
0.610000
0.871000
0.875000
0.882000
0.882000
0.882000
0.761000
0.870000
0.881000
0.313000
0.655000
0.882000
0.662000
0.882000
0.874000
0.826000
0.882000
0.852000
0.470000
0.882000
0.880000
0.791000
0.881000
0.882000
0.881000
0.859000
0.873000
0.882000
0.882000
0.876000
0.847000
0.672000
0.789000
0.866000
0.791000
0.847000
0.843000
0.127000
0.881000
0.272000
0.204000
0.865000
0.732000
0.878000
0.864000
0.755000
0.880000
0.588000
0.875000
0.503000
0.849000
0.856000
0.871000
0.865000
0.882000
0.878000
0.775000
0.880000
0.880000
0.850000
0.353000
0.849000
0.005000
0.736000
0.882000
0.840000
0.427000
0.007000
0.882000
0.880000
0.792000
0.880000
0.882000
0.880000
0.520000
0.879000
0.856000
