0.881000
0.007000
0.881000
0.881000
0.874000
0.881000
0.783000
0.871000
0.881000
0.879000
0.881000
0.878000
0.695000
0.843000
0.881000
0.873000
0.379000
0.881000
0.879000
0.881000
0.861000
0.693000
0.731000
0.544000
0.313000
0.856000
0.729000
0.880000
0.881000
0.881000
0.583000
0.869000
0.870000
0.783000
0.842000
0.881000
0.871000
0.579000
0.880000
0.601000
0.693000
0.881000
0.874000
0.881000
0.870000
0.356000
0.663000
0.876000
0.881000
0.868000
0.639000
0.191000
0.869000
0.793000
0.841000
0.881000
0.870000
0.864000
0.803000
0.751000
0.881000
0.876000
0.865000
0.880000
0.881000
0.866000
0.881000
0.873000
0.841000
0.000000
0.609000
0.881000
0.532000
0.881000
0.871000
0.832000
0.747000
0.281000
0.827000
0.834000
0.857000
0.586000
0.014000
0.367000
0.873000
0.003000
0.851000
0.380000
0.881000
0.878000
0.067000
0.881000
0.871000
0.686000
0.865000
0.842000
0.868000
0.344000
0.881000
0.726000
0.871000
0.770000
0.433000
0.837000
0.546000
0.873000
0.700000
0.845000
0.881000
0.815000
0.881000
0.881000
0.880000
0.863000
0.861000
0.841000
0.874000
0.879000
0.872000
0.838000
0.746000
0.721000
0.843000
0.627000
0.861000
0.868000
0.881000
0.881000
0.881000
0.756000
0.866000
0.878000
0.312000
0.644000
0.881000
0.657000
0.881000
0.866000
0.830000
0.881000
0.862000
0.495000
0.881000
0.877000
0.788000
0.879000
0.881000
0.880000
0.856000
0.877000
0.881000
0.881000
0.872000
0.860000
0.702000
0.785000
0.842000
0.802000
0.862000
0.838000
0.132000
0.880000
0.269000
0.192000
0.867000
0.734000
0.878000
0.867000
0.758000
0.880000
0.562000
0.876000
0.509000
0.850000
0.856000
0.869000
0.869000
0.880000
0.879000
0.773000
0.878000
0.879000
0.863000
0.326000
0.851000
0.004000
0.726000
0.881000
0.835000
0.439000
0.008000
0.881000
0.875000
0.804000
0.881000
0.881000
0.880000
0.490000
0.874000
0.858000
