0.887000
0.005000
0.887000
0.887000
0.874000
0.887000
0.770000
0.876000
0.888000
0.884000
0.887000
0.881000
0.701000
0.846000
0.887000
0.881000
0.378000
0.887000
0.886000
0.887000
0.864000
0.703000
0.715000
0.566000
0.306000
0.863000
0.752000
0.887000
0.887000
0.887000
0.591000
0.875000
0.874000
0.773000
0.847000
0.887000
0.880000
0.585000
0.887000
0.582000
0.698000
0.887000
0.883000
0.887000
0.874000
0.367000
0.690000
0.879000
0.887000
0.876000
0.681000
0.210000
0.878000
0.832000
0.845000
0.886000
0.877000
0.859000
0.825000
0.744000
0.887000
0.887000
0.862000
0.887000
0.887000
0.879000
0.885000
0.878000
0.855000
0.000000
0.623000
0.886000
0.520000
0.885000
0.873000
0.833000
0.735000
0.319000
0.827000
0.838000
0.871000
0.580000
0.008000
0.350000
0.881000
0.007000
0.853000
0.412000
0.887000
0.886000
0.068000
0.887000
0.875000
0.696000
0.874000
0.836000
0.877000
0.362000
0.887000
0.691000
0.875000
0.766000
0.456000
0.838000
0.553000
0.880000
0.699000
0.851000
0.887000
0.820000
0.887000
0.887000
0.885000
0.875000
0.862000
0.846000
0.872000
0.882000
0.876000
0.835000
0.719000
0.727000
0.856000
0.633000
0.882000
0.874000
0.887000
0.887000
0.887000
0.764000
0.876000
0.882000
0.308000
0.649000
0.887000
0.668000
0.887000
0.870000
0.839000
0.887000
0.859000
0.481000
0.885000
0.884000
0.784000
0.884000
0.887000
0.887000
0.848000
0.875000
0.887000
0.887000
0.877000
0.857000
0.699000
0.804000
0.857000
0.803000
0.861000
0.842000
0.132000
0.886000
0.272000
0.218000
0.873000
0.748000
0.886000
0.866000
0.753000
0.887000
0.581000
0.881000
0.533000
0.850000
0.867000
0.873000
0.861000
0.887000
0.883000
0.781000
0.885000
0.884000
0.862000
0.316000
0.861000
0.010000
0.732000
0.887000
0.836000
0.424000
0.004000
0.887000
0.881000
0.826000
0.886000
0.887000
0.887000
0.480000
0.882000
0.870000
