0.886000
0.007000
0.887000
0.887000
0.878000
0.887000
0.761000
0.880000
0.885000
0.881000
0.887000
0.885000
0.692000
0.841000
0.887000
0.879000
0.374000
0.887000
0.884000
0.887000
0.859000
0.705000
0.725000
0.549000
0.294000
0.870000
0.737000
0.887000
0.887000
0.886000
0.604000
0.866000
0.866000
0.770000
0.835000
0.887000
0.872000
0.559000
0.887000
0.581000
0.689000
0.887000
0.884000
0.887000
0.867000
0.384000
0.672000
0.879000
0.887000
0.869000
0.659000
0.186000
0.871000
0.814000
0.831000
0.887000
0.878000
0.863000
0.810000
0.734000
0.887000
0.878000
0.867000
0.887000
0.886000
0.881000
0.885000
0.881000
0.852000
0.000000
0.579000
0.887000
0.522000
0.887000
0.862000
0.832000
0.746000
0.309000
0.833000
0.840000
0.868000
0.565000
0.007000
0.323000
0.878000
0.002000
0.842000
0.401000
0.886000
0.883000
0.063000
0.887000
0.873000
0.686000
0.876000
0.840000
0.881000
0.312000
0.886000
0.704000
0.874000
0.762000
0.443000
0.826000
0.556000
0.881000
0.685000
0.846000
0.887000
0.817000
0.887000
0.887000
0.884000
0.877000
0.866000
0.860000
0.876000
0.884000
0.872000
0.842000
0.722000
0.719000
0.846000
0.621000
0.874000
0.881000
0.887000
0.887000
0.887000
0.757000
0.871000
0.886000
0.255000
0.641000
0.887000
0.653000
0.887000
0.874000
0.829000
0.887000
0.860000
0.497000
0.886000
0.881000
0.789000
0.885000
0.887000
0.885000
0.857000
0.880000
0.887000
0.887000
0.883000
0.859000
0.700000
0.791000
0.851000
0.800000
0.860000
0.826000
0.126000
0.885000
0.264000
0.200000
0.866000
0.728000
0.881000
0.866000
0.747000
0.887000
0.598000
0.884000
0.496000
0.853000
0.868000
0.868000
0.870000
0.887000
0.886000
0.788000
0.886000
0.885000
0.863000
0.328000
0.856000
0.004000
0.754000
0.887000
0.834000
0.423000
0.006000
0.887000
0.877000
0.815000
0.887000
0.887000
0.884000
0.504000
0.880000
0.864000
