0.888000
0.003000
0.887000
0.888000
0.883000
0.888000
0.795000
0.878000
0.887000
0.885000
0.887000
0.876000
0.691000
0.844000
0.888000
0.877000
0.360000
0.888000
0.888000
0.888000
0.861000
0.708000
0.702000
0.554000
0.292000
0.870000
0.711000
0.886000
0.888000
0.888000
0.580000
0.872000
0.875000
0.778000
0.855000
0.888000
0.880000
0.567000
0.888000
0.600000
0.696000
0.888000
0.883000
0.888000
0.873000
0.373000
0.681000
0.882000
0.888000
0.880000
0.636000
0.222000
0.879000
0.818000
0.846000
0.886000
0.876000
0.868000
0.828000
0.736000
0.888000
0.885000
0.871000
0.888000
0.887000
0.882000
0.887000
0.875000
0.861000
0.001000
0.568000
0.888000
0.547000
0.887000
0.877000
0.841000
0.752000
0.323000
0.839000
0.848000
0.874000
0.579000
0.011000
0.371000
0.879000
0.008000
0.844000
0.418000
0.887000
0.887000
0.077000
0.888000
0.879000
0.679000
0.873000
0.843000
0.884000
0.343000
0.888000
0.727000
0.874000
0.779000
0.445000
0.841000
0.549000
0.886000
0.688000
0.858000
0.888000
0.836000
0.888000
0.888000
0.888000
0.876000
0.873000
0.851000
0.885000
0.886000
0.874000
0.857000
0.768000
0.721000
0.842000
0.609000
0.876000
0.877000
0.888000
0.888000
0.888000
0.764000
0.872000
0.886000
0.305000
0.649000
0.888000
0.650000
0.888000
0.879000
0.839000
0.888000
0.855000
0.472000
0.884000
0.881000
0.776000
0.887000
0.888000
0.887000
0.856000
0.875000
0.888000
0.888000
0.882000
0.864000
0.694000
0.802000
0.854000
0.800000
0.866000
0.838000
0.133000
0.887000
0.281000
0.182000
0.868000
0.757000
0.885000
0.872000
0.775000
0.884000
0.567000
0.884000
0.494000
0.857000
0.860000
0.870000
0.870000
0.887000
0.883000
0.791000
0.884000
0.886000
0.870000
0.324000
0.871000
0.003000
0.752000
0.888000
0.839000
0.438000
0.003000
0.888000
0.882000
0.800000
0.888000
0.888000
0.885000
0.506000
0.882000
0.861000
