0.887000
0.003000
0.887000
0.887000
0.879000
0.887000
0.788000
0.878000
0.887000
0.885000
0.887000
0.884000
0.676000
0.854000
0.887000
0.880000
0.381000
0.887000
0.885000
0.887000
0.858000
0.675000
0.745000
0.555000
0.288000
0.870000
0.723000
0.886000
0.887000
0.887000
0.548000
0.868000
0.871000
0.785000
0.844000
0.887000
0.876000
0.576000
0.887000
0.607000
0.688000
0.887000
0.885000
0.886000
0.875000
0.360000
0.675000
0.877000
0.887000
0.873000
0.647000
0.199000
0.871000
0.810000
0.831000
0.886000
0.880000
0.873000
0.818000
0.731000
0.887000
0.884000
0.868000
0.887000
0.887000
0.884000
0.887000
0.880000
0.861000
0.000000
0.570000
0.886000
0.563000
0.886000
0.875000
0.823000
0.756000
0.274000
0.822000
0.837000
0.868000
0.590000
0.018000
0.374000
0.880000
0.004000
0.851000
0.425000
0.887000
0.882000
0.066000
0.887000
0.875000
0.668000
0.875000
0.853000
0.877000
0.363000
0.887000
0.696000
0.870000
0.764000
0.449000
0.841000
0.555000
0.873000
0.685000
0.848000
0.887000
0.825000
0.887000
0.887000
0.883000
0.877000
0.871000
0.851000
0.879000
0.883000
0.869000
0.847000
0.716000
0.717000
0.838000
0.630000
0.872000
0.873000
0.887000
0.887000
0.887000
0.763000
0.875000
0.885000
0.291000
0.614000
0.887000
0.649000
0.887000
0.871000
0.820000
0.887000
0.861000
0.467000
0.886000
0.885000
0.776000
0.884000
0.887000
0.886000
0.848000
0.877000
0.886000
0.887000
0.884000
0.860000
0.667000
0.796000
0.851000
0.803000
0.859000
0.844000
0.118000
0.887000
0.275000
0.198000
0.873000
0.740000
0.886000
0.860000
0.772000
0.884000
0.576000
0.882000
0.489000
0.861000
0.851000
0.869000
0.868000
0.887000
0.882000
0.779000
0.885000
0.883000
0.867000
0.315000
0.860000
0.004000
0.733000
0.887000
0.846000
0.446000
0.003000
0.887000
0.881000
0.803000
0.885000
0.887000
0.886000
0.532000
0.883000
0.856000
