0.895000
0.004000
0.895000
0.895000
0.893000
0.895000
0.791000
0.889000
0.895000
0.891000
0.895000
0.886000
0.687000
0.850000
0.895000
0.885000
0.382000
0.895000
0.895000
0.895000
0.872000
0.705000
0.745000
0.557000
0.283000
0.878000
0.739000
0.895000
0.895000
0.895000
0.579000
0.885000
0.881000
0.769000
0.859000
0.895000
0.887000
0.576000
0.895000
0.595000
0.689000
0.895000
0.892000
0.895000
0.886000
0.362000
0.693000
0.888000
0.895000
0.882000
0.680000
0.193000
0.884000
0.827000
0.845000
0.895000
0.887000
0.876000
0.845000
0.738000
0.895000
0.891000
0.870000
0.894000
0.895000
0.882000
0.892000
0.884000
0.848000
0.001000
0.610000
0.895000
0.529000
0.893000
0.881000
0.836000
0.742000
0.307000
0.826000
0.839000
0.884000
0.593000
0.011000
0.344000
0.887000
0.007000
0.850000
0.417000
0.895000
0.892000
0.065000
0.895000
0.886000
0.671000
0.883000
0.852000
0.882000
0.340000
0.895000
0.689000
0.882000
0.752000
0.433000
0.841000
0.578000
0.884000
0.740000
0.855000
0.895000
0.838000
0.895000
0.895000
0.894000
0.881000
0.876000
0.855000
0.886000
0.893000
0.883000
0.845000
0.748000
0.719000
0.857000
0.625000
0.874000
0.889000
0.895000
0.895000
0.895000
0.759000
0.878000
0.893000
0.290000
0.660000
0.895000
0.651000
0.895000
0.883000
0.839000
0.895000
0.866000
0.493000
0.894000
0.893000
0.787000
0.893000
0.895000
0.894000
0.861000
0.883000
0.895000
0.895000
0.890000
0.871000
0.685000
0.795000
0.853000
0.794000
0.869000
0.854000
0.131000
0.894000
0.272000
0.223000
0.879000
0.744000
0.891000
0.884000
0.760000
0.893000
0.583000
0.892000
0.533000
0.847000
0.867000
0.876000
0.880000
0.895000
0.890000
0.793000
0.891000
0.893000
0.866000
0.295000
0.869000
0.005000
0.740000
0.895000
0.843000
0.441000
0.005000
0.895000
0.888000
0.825000
0.890000
0.895000
0.891000
0.514000
0.889000
0.870000
