0.885000
0.005000
0.885000
0.885000
0.879000
0.885000
0.780000
0.874000
0.885000
0.882000
0.885000
0.879000
0.687000
0.845000
0.885000
0.880000
0.358000
0.885000
0.884000
0.885000
0.859000
0.729000
0.739000
0.546000
0.313000
0.866000
0.752000
0.884000
0.885000
0.885000
0.580000
0.873000
0.870000
0.788000
0.843000
0.884000
0.877000
0.576000
0.885000
0.605000
0.688000
0.885000
0.880000
0.884000
0.874000
0.367000
0.699000
0.880000
0.885000
0.869000
0.622000
0.202000
0.876000
0.817000
0.826000
0.884000
0.874000
0.868000
0.818000
0.740000
0.885000
0.882000
0.881000
0.883000
0.884000
0.874000
0.882000
0.870000
0.840000
0.000000
0.592000
0.884000
0.542000
0.884000
0.869000
0.841000
0.762000
0.321000
0.835000
0.836000
0.862000
0.608000
0.010000
0.359000
0.878000
0.013000
0.852000
0.446000
0.885000
0.883000
0.065000
0.885000
0.875000
0.679000
0.875000
0.851000
0.876000
0.347000
0.885000
0.705000
0.872000
0.773000
0.451000
0.831000
0.562000
0.872000
0.704000
0.835000
0.884000
0.829000
0.885000
0.885000
0.884000
0.876000
0.863000
0.859000
0.872000
0.883000
0.874000
0.850000
0.735000
0.712000
0.848000
0.632000
0.870000
0.869000
0.885000
0.885000
0.885000
0.754000
0.870000
0.883000
0.277000
0.664000
0.885000
0.667000
0.885000
0.874000
0.834000
0.885000
0.862000
0.478000
0.885000
0.882000
0.779000
0.883000
0.885000
0.883000
0.858000
0.876000
0.884000
0.885000
0.877000
0.863000
0.710000
0.804000
0.850000
0.816000
0.859000
0.845000
0.130000
0.884000
0.301000
0.167000
0.871000
0.710000
0.883000
0.875000
0.762000
0.883000
0.599000
0.878000
0.520000
0.855000
0.856000
0.872000
0.871000
0.885000
0.877000
0.783000
0.882000
0.883000
0.880000
0.325000
0.865000
0.002000
0.734000
0.885000
0.843000
0.424000
0.008000
0.885000
0.882000
0.810000
0.881000
0.885000
0.883000
0.506000
0.877000
0.858000
