0.882000
0.002000
0.882000
0.882000
0.877000
0.882000
0.762000
0.862000
0.882000
0.878000
0.882000
0.876000
0.660000
0.836000
0.882000
0.872000
0.386000
0.882000
0.882000
0.882000
0.845000
0.670000
0.726000
0.554000
0.289000
0.862000
0.748000
0.879000
0.882000
0.882000
0.548000
0.868000
0.861000
0.773000
0.837000
0.882000
0.877000
0.538000
0.882000
0.604000
0.678000
0.882000
0.876000
0.882000
0.858000
0.335000
0.659000
0.879000
0.882000
0.867000
0.683000
0.220000
0.873000
0.813000
0.845000
0.882000
0.870000
0.867000
0.797000
0.746000
0.882000
0.880000
0.860000
0.882000
0.880000
0.875000
0.881000
0.875000
0.844000
0.000000
0.582000
0.882000
0.502000
0.881000
0.877000
0.810000
0.752000
0.301000
0.809000
0.824000
0.858000
0.584000
0.011000
0.341000
0.879000
0.002000
0.837000
0.410000
0.881000
0.881000
0.076000
0.882000
0.872000
0.656000
0.863000
0.830000
0.871000
0.307000
0.882000
0.707000
0.870000
0.762000
0.471000
0.839000
0.539000
0.870000
0.728000
0.833000
0.882000
0.803000
0.882000
0.882000
0.880000
0.870000
0.856000
0.856000
0.868000
0.878000
0.869000
0.839000
0.725000
0.711000
0.845000
0.634000
0.861000
0.872000
0.882000
0.882000
0.882000
0.747000
0.869000
0.877000
0.275000
0.645000
0.882000
0.629000
0.882000
0.874000
0.846000
0.882000
0.847000
0.469000
0.882000
0.878000
0.785000
0.877000
0.882000
0.881000
0.845000
0.871000
0.881000
0.882000
0.873000
0.859000
0.676000
0.784000
0.848000
0.798000
0.859000
0.846000
0.122000
0.880000
0.269000
0.196000
0.865000
0.720000
0.880000
0.867000
0.751000
0.882000
0.560000
0.873000
0.538000
0.855000
0.863000
0.867000
0.864000
0.881000
0.879000
0.803000
0.882000
0.879000
0.857000
0.317000
0.852000
0.002000
0.734000
0.882000
0.830000
0.463000
0.006000
0.882000
0.876000
0.812000
0.881000
0.882000
0.880000
0.511000
0.878000
0.855000
