0.884000
0.003000
0.884000
0.884000
0.878000
0.884000
0.793000
0.876000
0.884000
0.882000
0.884000
0.876000
0.686000
0.844000
0.884000
0.877000
0.365000
0.884000
0.884000
0.884000
0.859000
0.701000
0.747000
0.562000
0.278000
0.867000
0.735000
0.883000
0.884000
0.884000
0.569000
0.867000
0.863000
0.787000
0.840000
0.884000
0.876000
0.563000
0.884000
0.605000
0.669000
0.884000
0.876000
0.883000
0.870000
0.357000
0.687000
0.876000
0.884000
0.873000
0.652000
0.219000
0.868000
0.817000
0.836000
0.883000
0.871000
0.862000
0.820000
0.737000
0.884000
0.876000
0.874000
0.884000
0.883000
0.875000
0.883000
0.874000
0.847000
0.001000
0.599000
0.884000
0.514000
0.883000
0.875000
0.822000
0.756000
0.297000
0.825000
0.834000
0.867000
0.604000
0.018000
0.340000
0.877000
0.004000
0.854000
0.403000
0.883000
0.884000
0.092000
0.884000
0.871000
0.682000
0.871000
0.834000
0.872000
0.353000
0.883000
0.715000
0.872000
0.771000
0.449000
0.840000
0.568000
0.875000
0.700000
0.846000
0.884000
0.814000
0.884000
0.884000
0.883000
0.867000
0.868000
0.852000
0.875000
0.882000
0.878000
0.836000
0.744000
0.712000
0.843000
0.637000
0.867000
0.874000
0.884000
0.884000
0.884000
0.762000
0.877000
0.879000
0.289000
0.616000
0.884000
0.653000
0.884000
0.871000
0.827000
0.884000
0.857000
0.457000
0.884000
0.879000
0.785000
0.883000
0.884000
0.881000
0.857000
0.872000
0.883000
0.884000
0.882000
0.861000
0.661000
0.789000
0.860000
0.804000
0.859000
0.844000
0.102000
0.884000
0.279000
0.217000
0.872000
0.748000
0.880000
0.864000
0.734000
0.881000
0.590000
0.881000
0.499000
0.851000
0.850000
0.863000
0.866000
0.884000
0.881000
0.785000
0.885000
0.881000
0.872000
0.306000
0.848000
0.004000
0.740000
0.884000
0.842000
0.459000
0.005000
0.884000
0.876000
0.809000
0.881000
0.884000
0.882000
0.512000
0.882000
0.854000
