0.888000
0.002000
0.888000
0.888000
0.878000
0.888000
0.799000
0.877000
0.888000
0.883000
0.887000
0.882000
0.680000
0.854000
0.888000
0.878000
0.359000
0.888000
0.888000
0.888000
0.853000
0.701000
0.739000
0.533000
0.303000
0.868000
0.734000
0.883000
0.888000
0.888000
0.588000
0.875000
0.875000
0.782000
0.842000
0.888000
0.881000
0.560000
0.888000
0.576000
0.693000
0.888000
0.886000
0.888000
0.874000
0.348000
0.662000
0.883000
0.888000
0.877000
0.646000
0.194000
0.875000
0.811000
0.850000
0.886000
0.877000
0.869000
0.833000
0.728000
0.888000
0.881000
0.864000
0.888000
0.886000
0.879000
0.886000
0.878000
0.853000
0.000000
0.588000
0.888000
0.493000
0.886000
0.882000
0.829000
0.753000
0.287000
0.833000
0.832000
0.866000
0.572000
0.018000
0.364000
0.882000
0.003000
0.848000
0.430000
0.887000
0.887000
0.059000
0.888000
0.876000
0.674000
0.869000
0.840000
0.879000
0.333000
0.887000
0.696000
0.870000
0.767000
0.445000
0.833000
0.523000
0.876000
0.700000
0.861000
0.888000
0.835000
0.888000
0.888000
0.887000
0.878000
0.868000
0.850000
0.882000
0.886000
0.876000
0.844000
0.746000
0.707000
0.852000
0.614000
0.875000
0.883000
0.888000
0.888000
0.888000
0.771000
0.879000
0.888000
0.284000
0.631000
0.888000
0.635000
0.888000
0.878000
0.827000
0.888000
0.854000
0.467000
0.888000
0.887000
0.811000
0.881000
0.888000
0.885000
0.862000
0.878000
0.888000
0.888000
0.877000
0.859000
0.688000
0.780000
0.865000
0.808000
0.856000
0.834000
0.119000
0.886000
0.272000
0.195000
0.866000
0.753000
0.887000
0.868000
0.765000
0.885000
0.580000
0.882000
0.500000
0.845000
0.853000
0.875000
0.869000
0.888000
0.884000
0.781000
0.883000
0.885000
0.861000
0.318000
0.862000
0.002000
0.733000
0.888000
0.839000
0.453000
0.007000
0.888000
0.884000
0.816000
0.886000
0.888000
0.886000
0.490000
0.882000
0.865000
