0.892000
0.006000
0.892000
0.892000
0.883000
0.892000
0.776000
0.884000
0.892000
0.885000
0.892000
0.883000
0.694000
0.848000
0.892000
0.882000
0.359000
0.892000
0.892000
0.892000
0.868000
0.697000
0.731000
0.566000
0.302000
0.869000
0.726000
0.890000
0.892000
0.892000
0.569000
0.878000
0.875000
0.771000
0.854000
0.892000
0.885000
0.579000
0.890000
0.611000
0.697000
0.891000
0.888000
0.892000
0.876000
0.368000
0.682000
0.883000
0.892000
0.884000
0.659000
0.210000
0.880000
0.826000
0.846000
0.891000
0.879000
0.870000
0.823000
0.760000
0.892000
0.889000
0.868000
0.891000
0.892000
0.882000
0.889000
0.884000
0.862000
0.000000
0.587000
0.892000
0.502000
0.890000
0.883000
0.849000
0.763000
0.292000
0.824000
0.835000
0.871000
0.567000
0.019000
0.378000
0.886000
0.006000
0.841000
0.415000
0.892000
0.889000
0.070000
0.892000
0.881000
0.686000
0.877000
0.846000
0.882000
0.348000
0.892000
0.706000
0.872000
0.774000
0.433000
0.838000
0.568000
0.879000
0.707000
0.850000
0.892000
0.815000
0.892000
0.892000
0.891000
0.883000
0.874000
0.862000
0.889000
0.891000
0.876000
0.858000
0.727000
0.735000
0.847000
0.637000
0.882000
0.882000
0.892000
0.892000
0.892000
0.762000
0.877000
0.889000
0.274000
0.669000
0.892000
0.650000
0.892000
0.880000
0.847000
0.892000
0.867000
0.462000
0.890000
0.889000
0.794000
0.890000
0.892000
0.892000
0.855000
0.881000
0.891000
0.892000
0.889000
0.863000
0.701000
0.802000
0.859000
0.807000
0.867000
0.846000
0.116000
0.891000
0.258000
0.193000
0.881000
0.746000
0.889000
0.870000
0.782000
0.891000
0.641000
0.884000
0.510000
0.860000
0.853000
0.875000
0.881000
0.892000
0.888000
0.777000
0.889000
0.891000
0.864000
0.323000
0.864000
0.003000
0.750000
0.892000
0.839000
0.427000
0.002000
0.892000
0.890000
0.816000
0.891000
0.892000
0.890000
0.499000
0.885000
0.872000
