0.892000
0.005000
0.892000
0.892000
0.882000
0.892000
0.789000
0.880000
0.892000
0.885000
0.891000
0.885000
0.699000
0.848000
0.892000
0.884000
0.377000
0.892000
0.890000
0.892000
0.865000
0.704000
0.732000
0.584000
0.302000
0.873000
0.732000
0.889000
0.892000
0.892000
0.582000
0.880000
0.871000
0.774000
0.853000
0.891000
0.887000
0.575000
0.892000
0.616000
0.673000
0.891000
0.890000
0.892000
0.882000
0.383000
0.694000
0.883000
0.892000
0.875000
0.646000
0.201000
0.884000
0.839000
0.855000
0.891000
0.886000
0.874000
0.818000
0.755000
0.892000
0.890000
0.869000
0.892000
0.892000
0.886000
0.892000
0.886000
0.861000
0.000000
0.605000
0.890000
0.530000
0.888000
0.884000
0.829000
0.746000
0.316000
0.829000
0.845000
0.877000
0.623000
0.010000
0.366000
0.886000
0.009000
0.854000
0.453000
0.892000
0.889000
0.065000
0.892000
0.877000
0.696000
0.876000
0.860000
0.879000
0.348000
0.892000
0.708000
0.868000
0.783000
0.453000
0.841000
0.566000
0.874000
0.712000
0.846000
0.892000
0.825000
0.892000
0.892000
0.892000
0.884000
0.874000
0.854000
0.885000
0.890000
0.883000
0.844000
0.757000
0.711000
0.863000
0.644000
0.878000
0.876000
0.892000
0.892000
0.892000
0.776000
0.874000
0.891000
0.264000
0.652000
0.892000
0.672000
0.892000
0.881000
0.834000
0.891000
0.860000
0.500000
0.892000
0.889000
0.785000
0.889000
0.892000
0.888000
0.861000
0.886000
0.892000
0.892000
0.887000
0.869000
0.665000
0.797000
0.860000
0.809000
0.868000
0.849000
0.120000
0.890000
0.295000
0.204000
0.882000
0.725000
0.891000
0.871000
0.785000
0.890000
0.593000
0.883000
0.535000
0.856000
0.863000
0.874000
0.877000
0.892000
0.887000
0.816000
0.892000
0.891000
0.868000
0.330000
0.865000
0.001000
0.761000
0.892000
0.848000
0.431000
0.003000
0.892000
0.890000
0.820000
0.890000
0.892000
0.891000
0.516000
0.888000
0.860000
