0.899000
0.004000
0.899000
0.899000
0.890000
0.899000
0.797000
0.887000
0.899000
0.894000
0.898000
0.892000
0.711000
0.864000
0.899000
0.880000
0.379000
0.899000
0.899000
0.899000
0.877000
0.696000
0.712000
0.553000
0.292000
0.881000
0.754000
0.899000
0.899000
0.899000
0.599000
0.875000
0.878000
0.784000
0.849000
0.899000
0.886000
0.593000
0.898000
0.609000
0.681000
0.899000
0.894000
0.897000
0.884000
0.368000
0.676000
0.892000
0.899000
0.888000
0.654000
0.194000
0.885000
0.828000
0.861000
0.899000
0.889000
0.882000
0.837000
0.748000
0.899000
0.898000
0.879000
0.898000
0.899000
0.892000
0.898000
0.887000
0.869000
0.000000
0.615000
0.899000
0.532000
0.897000
0.888000
0.837000
0.745000
0.344000
0.842000
0.848000
0.889000
0.578000
0.011000
0.361000
0.893000
0.008000
0.870000
0.413000
0.898000
0.898000
0.065000
0.899000
0.888000
0.712000
0.886000
0.850000
0.889000
0.342000
0.899000
0.729000
0.883000
0.775000
0.452000
0.850000
0.561000
0.891000
0.712000
0.857000
0.899000
0.829000
0.899000
0.899000
0.898000
0.880000
0.883000
0.857000
0.895000
0.897000
0.886000
0.849000
0.758000
0.697000
0.861000
0.630000
0.887000
0.884000
0.899000
0.899000
0.899000
0.768000
0.877000
0.897000
0.294000
0.654000
0.899000
0.666000
0.899000
0.890000
0.843000
0.899000
0.868000
0.472000
0.898000
0.896000
0.789000
0.897000
0.899000
0.895000
0.856000
0.888000
0.897000
0.899000
0.896000
0.870000
0.693000
0.801000
0.883000
0.809000
0.873000
0.846000
0.145000
0.898000
0.283000
0.180000
0.883000
0.736000
0.897000
0.881000
0.787000
0.895000
0.604000
0.890000
0.530000
0.873000
0.874000
0.878000
0.879000
0.899000
0.898000
0.806000
0.897000
0.897000
0.877000
0.307000
0.883000
0.004000
0.759000
0.899000
0.849000
0.467000
0.005000
0.899000
0.897000
0.824000
0.897000
0.899000
0.897000
0.526000
0.894000
0.877000
