0.871000
0.006000
0.871000
0.871000
0.866000
0.871000
0.758000
0.862000
0.871000
0.869000
0.870000
0.868000
0.685000
0.826000
0.871000
0.864000
0.378000
0.871000
0.871000
0.871000
0.833000
0.683000
0.718000
0.564000
0.305000
0.856000
0.729000
0.870000
0.871000
0.871000
0.568000
0.856000
0.861000
0.776000
0.835000
0.871000
0.866000
0.550000
0.871000
0.593000
0.676000
0.871000
0.866000
0.871000
0.856000
0.345000
0.651000
0.861000
0.871000
0.861000
0.658000
0.213000
0.858000
0.800000
0.836000
0.871000
0.863000
0.851000
0.809000
0.739000
0.871000
0.869000
0.849000
0.871000
0.870000
0.857000
0.869000
0.861000
0.837000
0.000000
0.569000
0.871000
0.525000
0.870000
0.860000
0.821000
0.740000
0.275000
0.796000
0.826000
0.854000
0.565000
0.016000
0.342000
0.867000
0.004000
0.832000
0.408000
0.870000
0.870000
0.058000
0.871000
0.862000
0.683000
0.855000
0.831000
0.866000
0.333000
0.871000
0.687000
0.859000
0.761000
0.460000
0.828000
0.540000
0.860000
0.699000
0.827000
0.871000
0.801000
0.871000
0.871000
0.870000
0.864000
0.851000
0.843000
0.865000
0.871000
0.857000
0.834000
0.727000
0.714000
0.843000
0.604000
0.861000
0.856000
0.871000
0.871000
0.871000
0.732000
0.861000
0.867000
0.258000
0.645000
0.871000
0.643000
0.871000
0.861000
0.817000
0.871000
0.842000
0.445000
0.871000
0.865000
0.774000
0.870000
0.871000
0.869000
0.848000
0.858000
0.871000
0.871000
0.863000
0.841000
0.683000
0.783000
0.836000
0.781000
0.840000
0.819000
0.115000
0.869000
0.274000
0.197000
0.854000
0.738000
0.869000
0.855000
0.746000
0.870000
0.595000
0.863000
0.489000
0.833000
0.841000
0.853000
0.858000
0.871000
0.870000
0.785000
0.869000
0.869000
0.846000
0.328000
0.845000
0.005000
0.721000
0.871000
0.833000
0.439000
0.003000
0.871000
0.867000
0.799000
0.869000
0.871000
0.870000
0.513000
0.864000
0.848000
