0.874000
0.004000
0.874000
0.874000
0.869000
0.874000
0.760000
0.870000
0.874000
0.872000
0.874000
0.872000
0.661000
0.831000
0.874000
0.864000
0.348000
0.874000
0.874000
0.874000
0.845000
0.678000
0.714000
0.526000
0.284000
0.846000
0.719000
0.871000
0.874000
0.874000
0.575000
0.864000
0.864000
0.747000
0.842000
0.874000
0.868000
0.561000
0.874000
0.580000
0.683000
0.874000
0.870000
0.874000
0.859000
0.360000
0.659000
0.872000
0.874000
0.866000
0.638000
0.189000
0.858000
0.791000
0.834000
0.873000
0.864000
0.863000
0.800000
0.750000
0.874000
0.870000
0.849000
0.873000
0.873000
0.865000
0.871000
0.866000
0.829000
0.002000
0.553000
0.874000
0.487000
0.874000
0.868000
0.824000
0.735000
0.297000
0.808000
0.801000
0.854000
0.578000
0.013000
0.367000
0.866000
0.006000
0.840000
0.399000
0.874000
0.872000
0.065000
0.874000
0.862000
0.659000
0.859000
0.821000
0.868000
0.350000
0.874000
0.691000
0.860000
0.767000
0.448000
0.815000
0.530000
0.864000
0.683000
0.827000
0.874000
0.794000
0.874000
0.874000
0.873000
0.857000
0.852000
0.829000
0.861000
0.870000
0.867000
0.836000
0.735000
0.718000
0.830000
0.620000
0.863000
0.862000
0.874000
0.874000
0.874000
0.748000
0.862000
0.871000
0.294000
0.614000
0.874000
0.649000
0.874000
0.864000
0.814000
0.874000
0.842000
0.467000
0.873000
0.870000
0.767000
0.871000
0.874000
0.872000
0.832000
0.862000
0.874000
0.874000
0.869000
0.837000
0.690000
0.792000
0.854000
0.779000
0.836000
0.837000
0.123000
0.873000
0.281000
0.174000
0.857000
0.741000
0.871000
0.860000
0.743000
0.872000
0.558000
0.867000
0.495000
0.841000
0.842000
0.860000
0.850000
0.874000
0.871000
0.786000
0.874000
0.874000
0.847000
0.306000
0.852000
0.007000
0.726000
0.874000
0.832000
0.427000
0.004000
0.874000
0.866000
0.811000
0.874000
0.874000
0.874000
0.497000
0.865000
0.857000
