0.903000
0.007000
0.904000
0.904000
0.897000
0.904000
0.807000
0.894000
0.904000
0.900000
0.904000
0.899000
0.714000
0.855000
0.904000
0.898000
0.389000
0.904000
0.904000
0.904000
0.871000
0.719000
0.749000
0.559000
0.296000
0.875000
0.752000
0.904000
0.904000
0.903000
0.582000
0.887000
0.889000
0.788000
0.870000
0.904000
0.898000
0.588000
0.903000
0.646000
0.710000
0.904000
0.900000
0.904000
0.889000
0.366000
0.697000
0.898000
0.904000
0.892000
0.674000
0.173000
0.889000
0.830000
0.855000
0.903000
0.897000
0.887000
0.844000
0.753000
0.904000
0.900000
0.883000
0.903000
0.904000
0.894000
0.900000
0.896000
0.866000
0.001000
0.630000
0.904000
0.531000
0.903000
0.899000
0.863000
0.753000
0.309000
0.839000
0.854000
0.873000
0.607000
0.012000
0.356000
0.898000
0.002000
0.874000
0.426000
0.904000
0.904000
0.051000
0.904000
0.891000
0.713000
0.890000
0.855000
0.893000
0.361000
0.904000
0.727000
0.891000
0.772000
0.468000
0.851000
0.558000
0.891000
0.705000
0.863000
0.904000
0.842000
0.904000
0.904000
0.903000
0.894000
0.881000
0.879000
0.898000
0.902000
0.893000
0.862000
0.739000
0.747000
0.864000
0.625000
0.895000
0.876000
0.904000
0.904000
0.904000
0.789000
0.890000
0.901000
0.263000
0.673000
0.904000
0.667000
0.904000
0.893000
0.845000
0.904000
0.882000
0.482000
0.904000
0.897000
0.784000
0.897000
0.904000
0.903000
0.876000
0.889000
0.904000
0.904000
0.898000
0.868000
0.705000
0.814000
0.872000
0.811000
0.871000
0.858000
0.128000
0.903000
0.296000
0.216000
0.890000
0.741000
0.901000
0.890000
0.771000
0.902000
0.611000
0.893000
0.510000
0.877000
0.878000
0.888000
0.892000
0.904000
0.900000
0.798000
0.902000
0.903000
0.881000
0.328000
0.869000
0.003000
0.748000
0.904000
0.856000
0.439000
0.006000
0.904000
0.897000
0.838000
0.903000
0.904000
0.903000
0.526000
0.896000
0.881000
