0.899000
0.005000
0.899000
0.899000
0.886000
0.899000
0.801000
0.889000
0.899000
0.891000
0.899000
0.889000
0.704000
0.858000
0.899000
0.891000
0.358000
0.899000
0.899000
0.899000
0.874000
0.702000
0.726000
0.565000
0.292000
0.881000
0.758000
0.896000
0.899000
0.899000
0.602000
0.890000
0.877000
0.771000
0.850000
0.899000
0.889000
0.582000
0.899000
0.590000
0.679000
0.899000
0.897000
0.898000
0.877000
0.384000
0.685000
0.894000
0.899000
0.882000
0.670000
0.206000
0.887000
0.834000
0.853000
0.898000
0.888000
0.882000
0.825000
0.746000
0.899000
0.895000
0.874000
0.899000
0.898000
0.890000
0.898000
0.885000
0.861000
0.000000
0.607000
0.899000
0.529000
0.899000
0.886000
0.840000
0.772000
0.311000
0.843000
0.848000
0.882000
0.607000
0.015000
0.370000
0.892000
0.004000
0.856000
0.426000
0.899000
0.895000
0.071000
0.899000
0.890000
0.700000
0.883000
0.870000
0.893000
0.367000
0.898000
0.695000
0.881000
0.780000
0.416000
0.839000
0.544000
0.889000
0.711000
0.852000
0.899000
0.831000
0.899000
0.899000
0.898000
0.883000
0.874000
0.877000
0.896000
0.899000
0.889000
0.853000
0.725000
0.712000
0.869000
0.628000
0.877000
0.887000
0.899000
0.899000
0.899000
0.765000
0.888000
0.897000
0.287000
0.622000
0.899000
0.670000
0.899000
0.881000
0.838000
0.898000
0.872000
0.481000
0.899000
0.896000
0.791000
0.896000
0.899000
0.898000
0.859000
0.888000
0.898000
0.899000
0.894000
0.872000
0.681000
0.809000
0.874000
0.819000
0.875000
0.841000
0.131000
0.898000
0.273000
0.199000
0.888000
0.736000
0.896000
0.882000
0.789000
0.897000
0.580000
0.894000
0.510000
0.868000
0.841000
0.879000
0.878000
0.899000
0.894000
0.786000
0.897000
0.899000
0.872000
0.332000
0.864000
0.004000
0.760000
0.899000
0.856000
0.460000
0.004000
0.899000
0.896000
0.811000
0.897000
0.899000
0.897000
0.511000
0.895000
0.873000
