0.887000
0.002000
0.886000
0.887000
0.876000
0.887000
0.771000
0.883000
0.887000
0.884000
0.887000
0.879000
0.694000
0.853000
0.887000
0.877000
0.400000
0.887000
0.887000
0.887000
0.865000
0.719000
0.733000
0.545000
0.313000
0.869000
0.735000
0.885000
0.887000
0.887000
0.566000
0.870000
0.868000
0.789000
0.855000
0.886000
0.876000
0.575000
0.887000
0.614000
0.699000
0.887000
0.885000
0.887000
0.872000
0.352000
0.684000
0.883000
0.887000
0.879000
0.642000
0.199000
0.877000
0.830000
0.837000
0.887000
0.881000
0.874000
0.821000
0.742000
0.886000
0.883000
0.871000
0.887000
0.887000
0.878000
0.887000
0.879000
0.854000
0.000000
0.577000
0.887000
0.559000
0.886000
0.880000
0.834000
0.748000
0.298000
0.825000
0.842000
0.871000
0.588000
0.017000
0.380000
0.876000
0.005000
0.850000
0.421000
0.887000
0.885000
0.075000
0.887000
0.874000
0.687000
0.870000
0.829000
0.877000
0.326000
0.887000
0.697000
0.877000
0.764000
0.452000
0.836000
0.566000
0.876000
0.695000
0.848000
0.887000
0.826000
0.887000
0.887000
0.886000
0.874000
0.874000
0.851000
0.883000
0.884000
0.879000
0.836000
0.722000
0.730000
0.846000
0.634000
0.872000
0.866000
0.887000
0.887000
0.887000
0.761000
0.870000
0.886000
0.269000
0.654000
0.887000
0.652000
0.887000
0.880000
0.835000
0.887000
0.863000
0.479000
0.886000
0.882000
0.770000
0.886000
0.887000
0.882000
0.858000
0.874000
0.886000
0.887000
0.882000
0.862000
0.704000
0.797000
0.852000
0.799000
0.862000
0.838000
0.141000
0.886000
0.292000
0.177000
0.869000
0.751000
0.884000
0.874000
0.762000
0.884000
0.579000
0.878000
0.533000
0.850000
0.855000
0.870000
0.873000
0.887000
0.883000
0.784000
0.882000
0.886000
0.869000
0.337000
0.864000
0.005000
0.751000
0.887000
0.839000
0.436000
0.003000
0.887000
0.882000
0.813000
0.885000
0.887000
0.886000
0.502000
0.882000
0.863000
