0.895000
0.007000
0.895000
0.895000
0.885000
0.895000
0.806000
0.888000
0.895000
0.892000
0.895000
0.891000
0.724000
0.853000
0.895000
0.887000
0.383000
0.895000
0.894000
0.895000
0.859000
0.704000
0.738000
0.546000
0.296000
0.874000
0.756000
0.894000
0.895000
0.895000
0.570000
0.881000
0.882000
0.790000
0.862000
0.895000
0.888000
0.575000
0.893000
0.613000
0.707000
0.895000
0.893000
0.894000
0.887000
0.402000
0.685000
0.890000
0.895000
0.884000
0.663000
0.207000
0.883000
0.824000
0.859000
0.895000
0.887000
0.871000
0.816000
0.754000
0.895000
0.892000
0.871000
0.895000
0.893000
0.887000
0.893000
0.888000
0.852000
0.001000
0.616000
0.895000
0.531000
0.893000
0.887000
0.831000
0.758000
0.303000
0.846000
0.857000
0.879000
0.607000
0.015000
0.334000
0.887000
0.005000
0.855000
0.428000
0.893000
0.893000
0.067000
0.895000
0.881000
0.715000
0.880000
0.861000
0.885000
0.328000
0.895000
0.721000
0.883000
0.784000
0.443000
0.854000
0.584000
0.884000
0.714000
0.843000
0.895000
0.824000
0.895000
0.895000
0.893000
0.885000
0.868000
0.854000
0.888000
0.894000
0.886000
0.842000
0.758000
0.748000
0.860000
0.625000
0.875000
0.884000
0.895000
0.895000
0.895000
0.759000
0.878000
0.894000
0.284000
0.652000
0.895000
0.644000
0.895000
0.890000
0.842000
0.895000
0.869000
0.483000
0.895000
0.893000
0.776000
0.893000
0.895000
0.893000
0.861000
0.888000
0.893000
0.895000
0.888000
0.860000
0.709000
0.796000
0.864000
0.825000
0.858000
0.850000
0.126000
0.894000
0.276000
0.207000
0.881000
0.756000
0.893000
0.877000
0.765000
0.893000
0.583000
0.889000
0.521000
0.867000
0.865000
0.878000
0.874000
0.895000
0.890000
0.792000
0.893000
0.895000
0.865000
0.342000
0.864000
0.008000
0.767000
0.895000
0.849000
0.475000
0.007000
0.895000
0.890000
0.811000
0.894000
0.895000
0.892000
0.509000
0.889000
0.877000
