0.896000
0.001000
0.896000
0.896000
0.885000
0.896000
0.799000
0.888000
0.894000
0.892000
0.896000
0.893000
0.694000
0.855000
0.896000
0.893000
0.376000
0.896000
0.896000
0.896000
0.863000
0.699000
0.743000
0.582000
0.288000
0.878000
0.749000
0.894000
0.896000
0.896000
0.609000
0.880000
0.881000
0.787000
0.859000
0.896000
0.889000
0.569000
0.896000
0.605000
0.699000
0.896000
0.888000
0.896000
0.886000
0.342000
0.673000
0.891000
0.896000
0.882000
0.664000
0.190000
0.886000
0.830000
0.852000
0.894000
0.890000
0.876000
0.823000
0.760000
0.896000
0.893000
0.874000
0.896000
0.896000
0.886000
0.895000
0.883000
0.860000
0.000000
0.593000
0.896000
0.531000
0.893000
0.889000
0.834000
0.757000
0.293000
0.825000
0.862000
0.881000
0.589000
0.009000
0.350000
0.889000
0.007000
0.854000
0.424000
0.895000
0.893000
0.080000
0.896000
0.886000
0.689000
0.884000
0.851000
0.890000
0.363000
0.895000
0.711000
0.884000
0.785000
0.470000
0.855000
0.587000
0.886000
0.698000
0.860000
0.896000
0.827000
0.896000
0.896000
0.896000
0.888000
0.878000
0.849000
0.890000
0.894000
0.886000
0.851000
0.732000
0.733000
0.857000
0.611000
0.881000
0.879000
0.896000
0.896000
0.896000
0.774000
0.876000
0.890000
0.276000
0.648000
0.896000
0.667000
0.896000
0.890000
0.843000
0.896000
0.867000
0.473000
0.896000
0.894000
0.798000
0.894000
0.896000
0.895000
0.857000
0.883000
0.896000
0.896000
0.892000
0.867000
0.698000
0.790000
0.860000
0.793000
0.865000
0.847000
0.148000
0.892000
0.265000
0.188000
0.884000
0.762000
0.894000
0.883000
0.747000
0.896000
0.583000
0.894000
0.524000
0.866000
0.864000
0.879000
0.875000
0.896000
0.893000
0.777000
0.895000
0.893000
0.873000
0.314000
0.869000
0.003000
0.751000
0.896000
0.853000
0.467000
0.002000
0.896000
0.889000
0.812000
0.894000
0.896000
0.895000
0.516000
0.884000
0.868000
