0.880000
0.003000
0.880000
0.880000
0.868000
0.880000
0.788000
0.875000
0.880000
0.878000
0.879000
0.875000
0.703000
0.844000
0.880000
0.871000
0.391000
0.880000
0.878000
0.880000
0.847000
0.722000
0.718000
0.553000
0.285000
0.859000
0.706000
0.876000
0.880000
0.880000
0.561000
0.870000
0.860000
0.785000
0.830000
0.879000
0.872000
0.587000
0.880000
0.606000
0.684000
0.880000
0.878000
0.880000
0.859000
0.389000
0.675000
0.870000
0.880000
0.871000
0.641000
0.178000
0.870000
0.794000
0.835000
0.880000
0.866000
0.856000
0.806000
0.742000
0.880000
0.872000
0.857000
0.880000
0.880000
0.873000
0.878000
0.871000
0.839000
0.000000
0.561000
0.880000
0.526000
0.878000
0.871000
0.823000
0.738000
0.305000
0.812000
0.845000
0.860000
0.594000
0.010000
0.365000
0.880000
0.004000
0.843000
0.417000
0.880000
0.879000
0.060000
0.880000
0.866000
0.688000
0.870000
0.829000
0.869000
0.319000
0.880000
0.704000
0.868000
0.758000
0.458000
0.842000
0.542000
0.872000
0.694000
0.853000
0.880000
0.821000
0.880000
0.880000
0.880000
0.874000
0.865000
0.851000
0.875000
0.877000
0.869000
0.843000
0.727000
0.715000
0.843000
0.620000
0.865000
0.865000
0.880000
0.880000
0.880000
0.766000
0.871000
0.879000
0.268000
0.632000
0.880000
0.668000
0.880000
0.869000
0.836000
0.880000
0.847000
0.466000
0.879000
0.878000
0.782000
0.876000
0.880000
0.877000
0.854000
0.872000
0.880000
0.880000
0.876000
0.858000
0.687000
0.799000
0.844000
0.791000
0.856000
0.844000
0.126000
0.878000
0.282000
0.213000
0.866000
0.765000
0.877000
0.863000
0.745000
0.878000
0.592000
0.877000
0.505000
0.840000
0.842000
0.865000
0.866000
0.880000
0.877000
0.777000
0.876000
0.878000
0.854000
0.302000
0.848000
0.008000
0.735000
0.880000
0.836000
0.460000
0.006000
0.880000
0.876000
0.810000
0.876000
0.880000
0.879000
0.506000
0.873000
0.861000
