0.876000
0.003000
0.876000
0.876000
0.872000
0.876000
0.766000
0.864000
0.876000
0.871000
0.876000
0.873000
0.702000
0.830000
0.876000
0.870000
0.334000
0.876000
0.876000
0.876000
0.849000
0.684000
0.709000
0.540000
0.275000
0.859000
0.731000
0.875000
0.876000
0.876000
0.570000
0.864000
0.867000
0.781000
0.840000
0.876000
0.874000
0.574000
0.876000
0.599000
0.685000
0.876000
0.872000
0.876000
0.865000
0.360000
0.683000
0.870000
0.876000
0.859000
0.652000
0.196000
0.866000
0.810000
0.828000
0.875000
0.869000
0.859000
0.806000
0.736000
0.876000
0.873000
0.863000
0.875000
0.876000
0.864000
0.873000
0.868000
0.838000
0.001000
0.561000
0.876000
0.544000
0.875000
0.867000
0.827000
0.740000
0.306000
0.805000
0.828000
0.857000
0.582000
0.012000
0.379000
0.872000
0.008000
0.837000
0.419000
0.876000
0.875000
0.070000
0.876000
0.866000
0.696000
0.858000
0.823000
0.864000
0.354000
0.876000
0.703000
0.862000
0.755000
0.414000
0.828000
0.551000
0.869000
0.694000
0.833000
0.876000
0.803000
0.876000
0.876000
0.875000
0.868000
0.853000
0.844000
0.863000
0.874000
0.864000
0.834000
0.738000
0.710000
0.841000
0.621000
0.860000
0.869000
0.876000
0.876000
0.876000
0.742000
0.864000
0.872000
0.268000
0.639000
0.876000
0.638000
0.876000
0.867000
0.818000
0.875000
0.847000
0.475000
0.875000
0.874000
0.778000
0.873000
0.876000
0.872000
0.848000
0.868000
0.876000
0.876000
0.868000
0.848000
0.690000
0.764000
0.841000
0.788000
0.848000
0.833000
0.119000
0.874000
0.259000
0.182000
0.867000
0.747000
0.874000
0.853000
0.750000
0.876000
0.570000
0.868000
0.527000
0.834000
0.846000
0.857000
0.861000
0.876000
0.875000
0.789000
0.875000
0.874000
0.861000
0.323000
0.850000
0.003000
0.712000
0.876000
0.828000
0.428000
0.003000
0.876000
0.873000
0.805000
0.871000
0.876000
0.873000
0.492000
0.872000
0.857000
