0.874000
0.005000
0.873000
0.874000
0.868000
0.874000
0.748000
0.864000
0.872000
0.870000
0.873000
0.868000
0.679000
0.832000
0.874000
0.866000
0.370000
0.874000
0.874000
0.874000
0.849000
0.681000
0.727000
0.543000
0.274000
0.858000
0.716000
0.873000
0.874000
0.874000
0.553000
0.862000
0.853000
0.763000
0.835000
0.874000
0.866000
0.570000
0.874000
0.579000
0.668000
0.874000
0.872000
0.874000
0.858000
0.345000
0.668000
0.870000
0.874000
0.864000
0.646000
0.174000
0.860000
0.818000
0.816000
0.874000
0.865000
0.860000
0.807000
0.722000
0.874000
0.866000
0.859000
0.873000
0.874000
0.869000
0.871000
0.858000
0.843000
0.000000
0.553000
0.874000
0.519000
0.873000
0.865000
0.822000
0.720000
0.290000
0.809000
0.817000
0.855000
0.572000
0.013000
0.352000
0.867000
0.007000
0.836000
0.414000
0.873000
0.873000
0.053000
0.874000
0.866000
0.674000
0.858000
0.826000
0.862000
0.349000
0.874000
0.702000
0.863000
0.744000
0.436000
0.815000
0.530000
0.864000
0.690000
0.837000
0.874000
0.813000
0.874000
0.874000
0.871000
0.867000
0.850000
0.844000
0.865000
0.872000
0.866000
0.833000
0.730000
0.704000
0.845000
0.611000
0.858000
0.860000
0.874000
0.874000
0.874000
0.719000
0.858000
0.872000
0.277000
0.650000
0.874000
0.640000
0.874000
0.864000
0.820000
0.874000
0.836000
0.447000
0.874000
0.868000
0.764000
0.872000
0.874000
0.871000
0.843000
0.865000
0.874000
0.874000
0.863000
0.845000
0.668000
0.782000
0.845000
0.774000
0.846000
0.812000
0.131000
0.873000
0.242000
0.184000
0.861000
0.732000
0.872000
0.863000
0.765000
0.874000
0.587000
0.871000
0.505000
0.849000
0.845000
0.856000
0.856000
0.874000
0.872000
0.773000
0.870000
0.873000
0.858000
0.302000
0.845000
0.008000
0.729000
0.874000
0.808000
0.436000
0.003000
0.874000
0.870000
0.777000
0.872000
0.874000
0.873000
0.521000
0.869000
0.841000
