0.900000
0.005000
0.900000
0.900000
0.894000
0.900000
0.788000
0.894000
0.900000
0.898000
0.900000
0.895000
0.680000
0.857000
0.900000
0.890000
0.392000
0.900000
0.900000
0.900000
0.863000
0.704000
0.749000
0.597000
0.307000
0.882000
0.753000
0.899000
0.900000
0.899000
0.573000
0.889000
0.888000
0.783000
0.870000
0.900000
0.894000
0.589000
0.898000
0.590000
0.691000
0.900000
0.895000
0.899000
0.892000
0.382000
0.711000
0.893000
0.900000
0.892000
0.653000
0.194000
0.895000
0.832000
0.846000
0.900000
0.889000
0.886000
0.835000
0.754000
0.900000
0.897000
0.886000
0.899000
0.900000
0.897000
0.900000
0.888000
0.862000
0.000000
0.594000
0.899000
0.545000
0.899000
0.894000
0.840000
0.763000
0.333000
0.845000
0.858000
0.879000
0.582000
0.016000
0.347000
0.891000
0.004000
0.876000
0.432000
0.900000
0.899000
0.069000
0.900000
0.892000
0.680000
0.888000
0.860000
0.893000
0.368000
0.900000
0.673000
0.893000
0.781000
0.479000
0.855000
0.562000
0.886000
0.713000
0.857000
0.900000
0.830000
0.900000
0.900000
0.898000
0.886000
0.875000
0.861000
0.891000
0.894000
0.886000
0.866000
0.737000
0.735000
0.864000
0.614000
0.883000
0.877000
0.900000
0.900000
0.900000
0.779000
0.886000
0.896000
0.283000
0.669000
0.900000
0.653000
0.900000
0.893000
0.835000
0.900000
0.871000
0.486000
0.899000
0.898000
0.800000
0.895000
0.900000
0.896000
0.870000
0.886000
0.899000
0.900000
0.891000
0.872000
0.692000
0.803000
0.873000
0.818000
0.872000
0.847000
0.141000
0.900000
0.313000
0.214000
0.886000
0.755000
0.899000
0.883000
0.784000
0.896000
0.605000
0.893000
0.545000
0.873000
0.877000
0.889000
0.883000
0.900000
0.897000
0.786000
0.896000
0.898000
0.883000
0.357000
0.875000
0.005000
0.745000
0.900000
0.836000
0.435000
0.004000
0.900000
0.893000
0.809000
0.897000
0.900000
0.897000
0.508000
0.895000
0.880000
