0.894000
0.005000
0.894000
0.894000
0.882000
0.894000
0.783000
0.881000
0.894000
0.893000
0.894000
0.887000
0.695000
0.852000
0.894000
0.891000
0.380000
0.894000
0.893000
0.894000
0.878000
0.728000
0.722000
0.548000
0.276000
0.876000
0.733000
0.891000
0.894000
0.894000
0.584000
0.881000
0.882000
0.773000
0.843000
0.894000
0.885000
0.566000
0.894000
0.596000
0.698000
0.894000
0.891000
0.893000
0.879000
0.344000
0.706000
0.885000
0.894000
0.885000
0.656000
0.196000
0.881000
0.827000
0.848000
0.892000
0.884000
0.877000
0.831000
0.758000
0.894000
0.891000
0.869000
0.894000
0.894000
0.888000
0.891000
0.883000
0.856000
0.000000
0.606000
0.894000
0.535000
0.892000
0.885000
0.836000
0.752000
0.301000
0.824000
0.839000
0.871000
0.578000
0.012000
0.373000
0.888000
0.004000
0.865000
0.396000
0.893000
0.891000
0.059000
0.894000
0.881000
0.699000
0.879000
0.859000
0.882000
0.329000
0.894000
0.709000
0.881000
0.775000
0.427000
0.845000
0.541000
0.880000
0.705000
0.848000
0.894000
0.818000
0.894000
0.894000
0.894000
0.880000
0.870000
0.859000
0.888000
0.889000
0.880000
0.852000
0.745000
0.718000
0.846000
0.621000
0.883000
0.884000
0.894000
0.894000
0.894000
0.762000
0.880000
0.892000
0.271000
0.614000
0.894000
0.651000
0.894000
0.888000
0.837000
0.894000
0.866000
0.488000
0.893000
0.889000
0.809000
0.893000
0.894000
0.892000
0.857000
0.889000
0.893000
0.894000
0.883000
0.862000
0.689000
0.796000
0.863000
0.806000
0.864000
0.850000
0.116000
0.894000
0.293000
0.187000
0.878000
0.757000
0.889000
0.880000
0.771000
0.891000
0.574000
0.888000
0.483000
0.856000
0.865000
0.874000
0.879000
0.894000
0.889000
0.788000
0.892000
0.891000
0.867000
0.320000
0.869000
0.003000
0.748000
0.894000
0.841000
0.418000
0.001000
0.894000
0.891000
0.810000
0.894000
0.894000
0.893000
0.513000
0.888000
0.866000
