0.905000
0.003000
0.905000
0.904000
0.895000
0.905000
0.804000
0.894000
0.904000
0.900000
0.905000
0.895000
0.695000
0.862000
0.904000
0.895000
0.369000
0.905000
0.905000
0.905000
0.882000
0.712000
0.765000
0.567000
0.303000
0.887000
0.745000
0.904000
0.905000
0.905000
0.577000
0.892000
0.882000
0.807000
0.855000
0.904000
0.898000
0.605000
0.905000
0.609000
0.705000
0.905000
0.899000
0.905000
0.887000
0.387000
0.685000
0.898000
0.905000
0.898000
0.660000
0.193000
0.887000
0.825000
0.861000
0.905000
0.900000
0.890000
0.842000
0.756000
0.904000
0.900000
0.879000
0.904000
0.903000
0.902000
0.903000
0.895000
0.861000
0.000000
0.594000
0.905000
0.552000
0.902000
0.897000
0.847000
0.780000
0.280000
0.851000
0.858000
0.890000
0.592000
0.015000
0.376000
0.902000
0.009000
0.868000
0.444000
0.905000
0.904000
0.060000
0.905000
0.888000
0.687000
0.895000
0.847000
0.888000
0.352000
0.905000
0.731000
0.893000
0.782000
0.450000
0.857000
0.581000
0.892000
0.715000
0.861000
0.905000
0.844000
0.905000
0.905000
0.904000
0.895000
0.880000
0.868000
0.898000
0.905000
0.896000
0.857000
0.778000
0.733000
0.875000
0.624000
0.888000
0.895000
0.905000
0.905000
0.905000
0.754000
0.897000
0.901000
0.287000
0.655000
0.905000
0.670000
0.905000
0.891000
0.849000
0.905000
0.884000
0.474000
0.905000
0.898000
0.808000
0.902000
0.905000
0.903000
0.862000
0.898000
0.904000
0.905000
0.896000
0.878000
0.703000
0.808000
0.871000
0.826000
0.879000
0.858000
0.139000
0.903000
0.268000
0.193000
0.891000
0.770000
0.902000
0.890000
0.771000
0.903000
0.601000
0.898000
0.519000
0.882000
0.879000
0.885000
0.877000
0.905000
0.903000
0.798000
0.901000
0.903000
0.877000
0.318000
0.882000
0.003000
0.767000
0.905000
0.845000
0.457000
0.007000
0.905000
0.900000
0.838000
0.902000
0.905000
0.904000
0.544000
0.899000
0.879000
