0.868000
0.007000
0.868000
0.868000
0.861000
0.868000
0.760000
0.862000
0.868000
0.864000
0.868000
0.864000
0.676000
0.818000
0.868000
0.857000
0.349000
0.868000
0.867000
0.868000
0.835000
0.685000
0.713000
0.544000
0.262000
0.846000
0.713000
0.868000
0.868000
0.868000
0.580000
0.851000
0.858000
0.772000
0.833000
0.868000
0.862000
0.530000
0.868000
0.574000
0.669000
0.868000
0.863000
0.867000
0.856000
0.361000
0.681000
0.863000
0.868000
0.854000
0.639000
0.204000
0.859000
0.810000
0.826000
0.868000
0.856000
0.850000
0.796000
0.733000
0.868000
0.865000
0.840000
0.866000
0.868000
0.855000
0.867000
0.852000
0.834000
0.000000
0.574000
0.868000
0.517000
0.867000
0.855000
0.814000
0.724000
0.295000
0.805000
0.811000
0.851000
0.572000
0.008000
0.370000
0.859000
0.007000
0.831000
0.412000
0.868000
0.866000
0.057000
0.868000
0.855000
0.670000
0.855000
0.818000
0.855000
0.337000
0.867000
0.682000
0.858000
0.748000
0.428000
0.819000
0.555000
0.861000
0.664000
0.832000
0.868000
0.805000
0.868000
0.868000
0.867000
0.856000
0.856000
0.836000
0.863000
0.863000
0.855000
0.826000
0.725000
0.707000
0.831000
0.619000
0.854000
0.855000
0.868000
0.868000
0.868000
0.741000
0.849000
0.865000
0.285000
0.621000
0.868000
0.653000
0.868000
0.859000
0.813000
0.868000
0.837000
0.464000
0.866000
0.861000
0.760000
0.867000
0.868000
0.866000
0.824000
0.859000
0.867000
0.868000
0.856000
0.833000
0.665000
0.787000
0.834000
0.780000
0.831000
0.826000
0.122000
0.868000
0.277000
0.181000
0.852000
0.724000
0.863000
0.853000
0.721000
0.867000
0.568000
0.861000
0.481000
0.833000
0.842000
0.845000
0.860000
0.868000
0.867000
0.776000
0.865000
0.867000
0.837000
0.286000
0.843000
0.003000
0.738000
0.868000
0.815000
0.438000
0.004000
0.868000
0.865000
0.799000
0.863000
0.868000
0.866000
0.522000
0.863000
0.846000
