0.900000
0.002000
0.901000
0.901000
0.888000
0.901000
0.799000
0.888000
0.901000
0.897000
0.900000
0.897000
0.687000
0.863000
0.901000
0.893000
0.344000
0.901000
0.901000
0.901000
0.882000
0.705000
0.729000
0.560000
0.289000
0.878000
0.769000
0.899000
0.901000
0.900000
0.587000
0.891000
0.883000
0.793000
0.859000
0.901000
0.890000
0.587000
0.901000
0.613000
0.699000
0.901000
0.898000
0.899000
0.886000
0.377000
0.698000
0.898000
0.901000
0.890000
0.684000
0.200000
0.893000
0.851000
0.855000
0.901000
0.894000
0.889000
0.824000
0.740000
0.901000
0.894000
0.875000
0.900000
0.900000
0.888000
0.899000
0.897000
0.866000
0.000000
0.590000
0.900000
0.527000
0.898000
0.892000
0.847000
0.761000
0.326000
0.842000
0.859000
0.884000
0.579000
0.018000
0.347000
0.891000
0.006000
0.852000
0.410000
0.900000
0.900000
0.062000
0.901000
0.891000
0.681000
0.886000
0.865000
0.887000
0.361000
0.900000
0.702000
0.890000
0.767000
0.428000
0.857000
0.574000
0.888000
0.734000
0.867000
0.901000
0.837000
0.901000
0.901000
0.900000
0.889000
0.884000
0.862000
0.893000
0.898000
0.894000
0.837000
0.743000
0.730000
0.863000
0.638000
0.885000
0.891000
0.901000
0.901000
0.901000
0.761000
0.883000
0.898000
0.260000
0.675000
0.901000
0.676000
0.901000
0.889000
0.846000
0.900000
0.868000
0.491000
0.900000
0.898000
0.805000
0.901000
0.901000
0.898000
0.869000
0.894000
0.899000
0.901000
0.893000
0.877000
0.697000
0.805000
0.862000
0.811000
0.873000
0.849000
0.129000
0.898000
0.299000
0.199000
0.890000
0.758000
0.900000
0.876000
0.779000
0.898000
0.600000
0.891000
0.535000
0.863000
0.865000
0.888000
0.886000
0.901000
0.899000
0.798000
0.896000
0.901000
0.871000
0.313000
0.876000
0.006000
0.770000
0.901000
0.849000
0.455000
0.004000
0.901000
0.897000
0.817000
0.900000
0.901000
0.897000
0.518000
0.896000
0.871000
