0.884000
0.008000
0.884000
0.884000
0.875000
0.884000
0.777000
0.874000
0.883000
0.882000
0.884000
0.880000
0.671000
0.844000
0.884000
0.873000
0.365000
0.884000
0.882000
0.884000
0.847000
0.709000
0.715000
0.554000
0.290000
0.862000
0.734000
0.881000
0.884000
0.883000
0.553000
0.868000
0.860000
0.776000
0.840000
0.884000
0.881000
0.597000
0.884000
0.577000
0.672000
0.884000
0.880000
0.883000
0.872000
0.341000
0.677000
0.876000
0.884000
0.874000
0.665000
0.194000
0.872000
0.814000
0.847000
0.883000
0.871000
0.871000
0.833000
0.742000
0.884000
0.877000
0.869000
0.884000
0.884000
0.879000
0.883000
0.875000
0.849000
0.000000
0.582000
0.884000
0.536000
0.884000
0.870000
0.824000
0.741000
0.300000
0.830000
0.839000
0.857000
0.579000
0.016000
0.367000
0.875000
0.008000
0.856000
0.406000
0.884000
0.881000
0.073000
0.884000
0.872000
0.666000
0.867000
0.833000
0.870000
0.311000
0.884000
0.703000
0.871000
0.765000
0.437000
0.837000
0.568000
0.873000
0.715000
0.845000
0.884000
0.822000
0.884000
0.884000
0.881000
0.875000
0.866000
0.847000
0.879000
0.880000
0.870000
0.836000
0.705000
0.705000
0.844000
0.629000
0.870000
0.864000
0.884000
0.884000
0.884000
0.751000
0.870000
0.881000
0.273000
0.658000
0.884000
0.645000
0.884000
0.877000
0.827000
0.883000
0.855000
0.468000
0.881000
0.881000
0.791000
0.883000
0.884000
0.880000
0.850000
0.877000
0.883000
0.884000
0.882000
0.860000
0.662000
0.785000
0.845000
0.808000
0.854000
0.839000
0.118000
0.884000
0.284000
0.184000
0.871000
0.761000
0.883000
0.868000
0.763000
0.884000
0.586000
0.876000
0.526000
0.853000
0.853000
0.870000
0.867000
0.884000
0.880000
0.777000
0.879000
0.881000
0.866000
0.297000
0.860000
0.002000
0.744000
0.884000
0.835000
0.444000
0.004000
0.884000
0.877000
0.798000
0.884000
0.884000
0.883000
0.536000
0.878000
0.860000
