0.889000
0.003000
0.889000
0.889000
0.878000
0.889000
0.777000
0.875000
0.889000
0.887000
0.889000
0.882000
0.685000
0.838000
0.889000
0.882000
0.385000
0.889000
0.889000
0.889000
0.865000
0.702000
0.741000
0.539000
0.279000
0.870000
0.731000
0.886000
0.889000
0.889000
0.586000
0.881000
0.877000
0.782000
0.849000
0.889000
0.880000
0.591000
0.888000
0.588000
0.679000
0.889000
0.882000
0.887000
0.867000
0.334000
0.669000
0.887000
0.889000
0.875000
0.643000
0.194000
0.875000
0.800000
0.825000
0.887000
0.876000
0.874000
0.802000
0.733000
0.889000
0.885000
0.866000
0.888000
0.889000
0.881000
0.887000
0.883000
0.854000
0.001000
0.579000
0.889000
0.529000
0.888000
0.878000
0.843000
0.755000
0.311000
0.828000
0.835000
0.860000
0.597000
0.020000
0.323000
0.878000
0.006000
0.842000
0.443000
0.889000
0.886000
0.066000
0.889000
0.873000
0.682000
0.880000
0.845000
0.882000
0.329000
0.889000
0.714000
0.873000
0.771000
0.433000
0.845000
0.547000
0.878000
0.713000
0.856000
0.889000
0.840000
0.889000
0.889000
0.887000
0.880000
0.870000
0.856000
0.885000
0.885000
0.876000
0.835000
0.718000
0.727000
0.849000
0.620000
0.877000
0.875000
0.889000
0.889000
0.889000
0.775000
0.868000
0.886000
0.262000
0.674000
0.889000
0.652000
0.889000
0.879000
0.831000
0.889000
0.874000
0.487000
0.888000
0.887000
0.768000
0.883000
0.889000
0.885000
0.854000
0.878000
0.887000
0.889000
0.880000
0.865000
0.677000
0.780000
0.857000
0.796000
0.864000
0.854000
0.131000
0.885000
0.276000
0.194000
0.872000
0.751000
0.886000
0.872000
0.768000
0.886000
0.559000
0.879000
0.526000
0.863000
0.868000
0.875000
0.865000
0.888000
0.887000
0.765000
0.887000
0.887000
0.864000
0.341000
0.856000
0.002000
0.749000
0.889000
0.847000
0.451000
0.007000
0.889000
0.884000
0.798000
0.888000
0.889000
0.887000
0.520000
0.883000
0.872000
