0.898000
0.006000
0.898000
0.898000
0.882000
0.898000
0.800000
0.890000
0.898000
0.895000
0.898000
0.892000
0.697000
0.858000
0.898000
0.888000
0.386000
0.898000
0.898000
0.898000
0.870000
0.703000
0.726000
0.563000
0.279000
0.879000
0.746000
0.897000
0.898000
0.898000
0.569000
0.876000
0.882000
0.782000
0.861000
0.898000
0.890000
0.570000
0.898000
0.610000
0.696000
0.898000
0.894000
0.898000
0.870000
0.372000
0.707000
0.892000
0.898000
0.884000
0.674000
0.200000
0.879000
0.832000
0.853000
0.898000
0.891000
0.887000
0.816000
0.752000
0.898000
0.891000
0.881000
0.897000
0.898000
0.886000
0.898000
0.888000
0.859000
0.000000
0.582000
0.898000
0.515000
0.898000
0.891000
0.843000
0.751000
0.313000
0.847000
0.852000
0.882000
0.584000
0.012000
0.337000
0.895000
0.008000
0.854000
0.423000
0.898000
0.896000
0.055000
0.898000
0.887000
0.691000
0.878000
0.859000
0.883000
0.343000
0.898000
0.722000
0.888000
0.770000
0.473000
0.843000
0.568000
0.892000
0.707000
0.861000
0.898000
0.846000
0.898000
0.898000
0.896000
0.885000
0.878000
0.862000
0.897000
0.894000
0.882000
0.849000
0.752000
0.744000
0.861000
0.622000
0.882000
0.887000
0.898000
0.898000
0.898000
0.751000
0.884000
0.894000
0.279000
0.660000
0.898000
0.660000
0.898000
0.891000
0.847000
0.898000
0.871000
0.473000
0.897000
0.894000
0.806000
0.898000
0.898000
0.897000
0.867000
0.888000
0.898000
0.898000
0.891000
0.877000
0.699000
0.801000
0.865000
0.818000
0.878000
0.840000
0.125000
0.895000
0.279000
0.191000
0.883000
0.749000
0.894000
0.877000
0.781000
0.897000
0.601000
0.893000
0.515000
0.864000
0.867000
0.877000
0.875000
0.898000
0.895000
0.799000
0.894000
0.898000
0.881000
0.331000
0.870000
0.003000
0.743000
0.898000
0.847000
0.451000
0.004000
0.898000
0.892000
0.827000
0.898000
0.898000
0.897000
0.555000
0.887000
0.871000
