0.889000
0.004000
0.888000
0.889000
0.881000
0.889000
0.760000
0.878000
0.889000
0.887000
0.889000
0.885000
0.678000
0.847000
0.889000
0.879000
0.352000
0.889000
0.887000
0.889000
0.845000
0.693000
0.718000
0.520000
0.292000
0.868000
0.749000
0.888000
0.889000
0.889000
0.574000
0.874000
0.870000
0.769000
0.851000
0.889000
0.884000
0.558000
0.888000
0.593000
0.669000
0.889000
0.883000
0.888000
0.881000
0.356000
0.687000
0.882000
0.889000
0.875000
0.655000
0.201000
0.878000
0.826000
0.848000
0.888000
0.881000
0.875000
0.805000
0.738000
0.889000
0.885000
0.867000
0.888000
0.889000
0.882000
0.888000
0.880000
0.854000
0.001000
0.591000
0.888000
0.527000
0.888000
0.880000
0.834000
0.744000
0.321000
0.820000
0.831000
0.864000
0.559000
0.009000
0.332000
0.880000
0.005000
0.859000
0.414000
0.889000
0.888000
0.066000
0.889000
0.879000
0.672000
0.873000
0.840000
0.877000
0.358000
0.889000
0.713000
0.873000
0.771000
0.449000
0.823000
0.548000
0.872000
0.709000
0.845000
0.889000
0.815000
0.889000
0.889000
0.887000
0.878000
0.862000
0.854000
0.880000
0.884000
0.876000
0.854000
0.735000
0.707000
0.861000
0.600000
0.878000
0.878000
0.889000
0.889000
0.889000
0.760000
0.868000
0.885000
0.278000
0.641000
0.889000
0.633000
0.889000
0.875000
0.822000
0.889000
0.859000
0.471000
0.887000
0.884000
0.769000
0.887000
0.889000
0.889000
0.858000
0.878000
0.886000
0.889000
0.884000
0.850000
0.672000
0.777000
0.853000
0.785000
0.853000
0.835000
0.135000
0.887000
0.269000
0.191000
0.873000
0.741000
0.886000
0.873000
0.754000
0.886000
0.564000
0.880000
0.515000
0.858000
0.862000
0.863000
0.873000
0.889000
0.886000
0.795000
0.887000
0.886000
0.867000
0.309000
0.858000
0.007000
0.744000
0.889000
0.834000
0.455000
0.004000
0.889000
0.882000
0.820000
0.885000
0.889000
0.888000
0.536000
0.882000
0.851000
