0.900000
0.005000
0.899000
0.900000
0.896000
0.900000
0.805000
0.892000
0.900000
0.893000
0.900000
0.891000
0.701000
0.854000
0.900000
0.889000
0.398000
0.900000
0.898000
0.900000
0.876000
0.734000
0.742000
0.568000
0.293000
0.873000
0.742000
0.897000
0.900000
0.900000
0.567000
0.881000
0.882000
0.789000
0.860000
0.899000
0.892000
0.596000
0.900000
0.650000
0.694000
0.900000
0.890000
0.900000
0.880000
0.351000
0.705000
0.892000
0.900000
0.886000
0.672000
0.177000
0.891000
0.831000
0.856000
0.900000
0.882000
0.875000
0.816000
0.761000
0.900000
0.896000
0.879000
0.900000
0.900000
0.890000
0.900000
0.890000
0.855000
0.000000
0.591000
0.900000
0.548000
0.900000
0.889000
0.842000
0.743000
0.313000
0.839000
0.844000
0.876000
0.600000
0.011000
0.364000
0.894000
0.005000
0.856000
0.402000
0.900000
0.900000
0.055000
0.900000
0.888000
0.697000
0.879000
0.866000
0.886000
0.334000
0.900000
0.712000
0.883000
0.770000
0.452000
0.855000
0.527000
0.890000
0.713000
0.874000
0.899000
0.846000
0.900000
0.900000
0.898000
0.893000
0.886000
0.863000
0.896000
0.895000
0.891000
0.861000
0.755000
0.716000
0.860000
0.590000
0.886000
0.891000
0.900000
0.900000
0.900000
0.763000
0.884000
0.895000
0.275000
0.669000
0.900000
0.643000
0.900000
0.890000
0.835000
0.900000
0.856000
0.471000
0.900000
0.897000
0.806000
0.896000
0.900000
0.898000
0.872000
0.889000
0.899000
0.900000
0.896000
0.878000
0.700000
0.788000
0.874000
0.815000
0.874000
0.857000
0.137000
0.899000
0.290000
0.194000
0.880000
0.730000
0.895000
0.881000
0.772000
0.898000
0.585000
0.893000
0.538000
0.861000
0.868000
0.885000
0.882000
0.900000
0.894000
0.793000
0.895000
0.896000
0.877000
0.343000
0.880000
0.002000
0.745000
0.900000
0.837000
0.440000
0.005000
0.900000
0.891000
0.818000
0.894000
0.900000
0.899000
0.496000
0.892000
0.876000
