0.654000
0.000000
0.653000
0.654000
0.632000
0.654000
0.432000
0.642000
0.653000
0.647000
0.652000
0.648000
0.317000
0.549000
0.654000
0.634000
0.084000
0.654000
0.650000
0.654000
0.510000
0.318000
0.000000
0.000000
0.040000
0.597000
0.375000
0.652000
0.654000
0.654000
0.000000
0.622000
0.612000
0.443000
0.560000
0.652000
0.641000
0.000000
0.653000
0.000000
0.293000
0.654000
0.649000
0.652000
0.608000
0.068000
0.000000
0.636000
0.654000
0.627000
0.265000
0.000000
0.617000
0.510000
0.562000
0.654000
0.633000
0.619000
0.525000
0.363000
0.653000
0.639000
0.641000
0.652000
0.654000
0.630000
0.651000
0.625000
0.583000
0.000000
0.000000
0.654000
0.169000
0.651000
0.638000
0.542000
0.408000
0.058000
0.502000
0.567000
0.602000
0.190000
0.001000
0.078000
0.638000
0.001000
0.575000
0.106000
0.652000
0.650000
0.005000
0.654000
0.618000
0.311000
0.625000
0.551000
0.641000
0.000000
0.654000
0.316000
0.000000
0.428000
0.128000
0.535000
0.201000
0.624000
0.329000
0.566000
0.654000
0.517000
0.654000
0.654000
0.651000
0.606000
0.611000
0.581000
0.649000
0.640000
0.629000
0.582000
0.370000
0.336000
0.545000
0.242000
0.630000
0.618000
0.654000
0.654000
0.654000
0.418000
0.627000
0.653000
0.043000
0.234000
0.654000
0.261000
0.654000
0.628000
0.536000
0.654000
0.578000
0.135000
0.652000
0.648000
0.442000
0.645000
0.654000
0.647000
0.579000
0.625000
0.651000
0.654000
0.637000
0.576000
0.290000
0.448000
0.578000
0.458000
0.585000
0.554000
0.019000
0.653000
0.037000
0.027000
0.622000
0.000000
0.646000
0.611000
0.396000
0.648000
0.000000
0.638000
0.139000
0.569000
0.574000
0.613000
0.614000
0.654000
0.648000
0.453000
0.643000
0.648000
0.630000
0.063000
0.581000
0.001000
0.000000
0.654000
0.565000
0.104000
0.000000
0.654000
0.640000
0.501000
0.652000
0.654000
0.652000
0.173000
0.633000
0.595000
