0.650000
0.000000
0.650000
0.650000
0.625000
0.650000
0.429000
0.638000
0.650000
0.642000
0.642000
0.644000
0.314000
0.550000
0.650000
0.626000
0.081000
0.650000
0.646000
0.650000
0.515000
0.322000
0.000000
0.000000
0.054000
0.604000
0.363000
0.647000
0.650000
0.650000
0.000000
0.623000
0.624000
0.440000
0.557000
0.648000
0.632000
0.000000
0.650000
0.000000
0.280000
0.650000
0.643000
0.650000
0.619000
0.066000
0.000000
0.632000
0.650000
0.610000
0.269000
0.000000
0.619000
0.492000
0.555000
0.647000
0.637000
0.599000
0.517000
0.363000
0.650000
0.642000
0.637000
0.650000
0.650000
0.633000
0.646000
0.620000
0.563000
0.000000
0.000000
0.650000
0.150000
0.645000
0.640000
0.514000
0.381000
0.057000
0.525000
0.572000
0.608000
0.207000
0.003000
0.068000
0.638000
0.000000
0.575000
0.102000
0.649000
0.644000
0.007000
0.650000
0.619000
0.301000
0.611000
0.553000
0.639000
0.000000
0.650000
0.306000
0.000000
0.392000
0.121000
0.539000
0.167000
0.630000
0.325000
0.558000
0.650000
0.510000
0.650000
0.650000
0.648000
0.619000
0.612000
0.556000
0.647000
0.642000
0.622000
0.565000
0.356000
0.322000
0.559000
0.243000
0.617000
0.621000
0.650000
0.650000
0.650000
0.389000
0.615000
0.647000
0.042000
0.279000
0.650000
0.261000
0.650000
0.621000
0.517000
0.650000
0.581000
0.135000
0.647000
0.642000
0.446000
0.640000
0.650000
0.646000
0.564000
0.623000
0.649000
0.650000
0.629000
0.587000
0.296000
0.450000
0.569000
0.481000
0.591000
0.551000
0.016000
0.648000
0.054000
0.034000
0.601000
0.000000
0.644000
0.600000
0.406000
0.643000
0.000000
0.642000
0.160000
0.582000
0.563000
0.615000
0.598000
0.650000
0.637000
0.441000
0.638000
0.644000
0.630000
0.066000
0.578000
0.000000
0.000000
0.650000
0.539000
0.125000
0.000000
0.650000
0.633000
0.500000
0.647000
0.650000
0.647000
0.132000
0.638000
0.597000
