0.645000
0.000000
0.645000
0.645000
0.620000
0.645000
0.427000
0.623000
0.644000
0.641000
0.633000
0.640000
0.322000
0.548000
0.645000
0.621000
0.102000
0.645000
0.643000
0.645000
0.497000
0.315000
0.000000
0.000000
0.044000
0.595000
0.388000
0.642000
0.645000
0.645000
0.000000
0.620000
0.610000
0.423000
0.549000
0.643000
0.621000
0.000000
0.645000
0.000000
0.310000
0.645000
0.639000
0.642000
0.604000
0.067000
0.000000
0.638000
0.645000
0.607000
0.289000
0.000000
0.615000
0.488000
0.526000
0.644000
0.626000
0.588000
0.514000
0.362000
0.644000
0.634000
0.634000
0.644000
0.642000
0.616000
0.638000
0.618000
0.540000
0.001000
0.000000
0.644000
0.149000
0.643000
0.637000
0.503000
0.380000
0.069000
0.508000
0.549000
0.592000
0.222000
0.000000
0.077000
0.622000
0.001000
0.553000
0.113000
0.642000
0.641000
0.003000
0.645000
0.615000
0.313000
0.614000
0.527000
0.637000
0.000000
0.644000
0.312000
0.000000
0.410000
0.110000
0.528000
0.188000
0.619000
0.322000
0.536000
0.645000
0.482000
0.645000
0.645000
0.643000
0.617000
0.611000
0.563000
0.641000
0.635000
0.615000
0.575000
0.361000
0.339000
0.550000
0.249000
0.603000
0.617000
0.645000
0.644000
0.645000
0.416000
0.607000
0.643000
0.039000
0.232000
0.645000
0.276000
0.645000
0.622000
0.529000
0.645000
0.580000
0.146000
0.644000
0.635000
0.416000
0.638000
0.645000
0.642000
0.580000
0.616000
0.642000
0.645000
0.629000
0.567000
0.304000
0.452000
0.559000
0.471000
0.565000
0.546000
0.021000
0.640000
0.045000
0.038000
0.601000
0.000000
0.637000
0.600000
0.384000
0.640000
0.000000
0.634000
0.145000
0.562000
0.568000
0.609000
0.606000
0.645000
0.640000
0.428000
0.640000
0.642000
0.627000
0.066000
0.576000
0.001000
0.000000
0.645000
0.553000
0.113000
0.000000
0.645000
0.631000
0.464000
0.641000
0.645000
0.641000
0.157000
0.632000
0.580000
