0.656000
0.001000
0.655000
0.656000
0.638000
0.656000
0.435000
0.633000
0.656000
0.653000
0.651000
0.648000
0.305000
0.565000
0.656000
0.634000
0.088000
0.656000
0.649000
0.656000
0.490000
0.310000
0.000000
0.000000
0.049000
0.599000
0.361000
0.653000
0.656000
0.656000
0.000000
0.638000
0.624000
0.428000
0.562000
0.656000
0.639000
0.000000
0.655000
0.000000
0.313000
0.655000
0.650000
0.653000
0.613000
0.081000
0.000000
0.640000
0.656000
0.625000
0.269000
0.000000
0.625000
0.515000
0.542000
0.655000
0.638000
0.615000
0.503000
0.371000
0.656000
0.646000
0.643000
0.653000
0.656000
0.638000
0.651000
0.636000
0.585000
0.000000
0.000000
0.656000
0.155000
0.651000
0.646000
0.514000
0.393000
0.073000
0.522000
0.566000
0.600000
0.217000
0.001000
0.068000
0.643000
0.000000
0.573000
0.107000
0.654000
0.650000
0.009000
0.656000
0.636000
0.306000
0.618000
0.556000
0.644000
0.000000
0.656000
0.320000
0.000000
0.403000
0.116000
0.543000
0.186000
0.630000
0.299000
0.582000
0.656000
0.521000
0.656000
0.656000
0.655000
0.624000
0.613000
0.571000
0.650000
0.650000
0.632000
0.585000
0.360000
0.341000
0.547000
0.258000
0.621000
0.635000
0.656000
0.656000
0.656000
0.402000
0.618000
0.656000
0.048000
0.227000
0.656000
0.267000
0.656000
0.640000
0.529000
0.653000
0.579000
0.117000
0.655000
0.643000
0.438000
0.649000
0.656000
0.652000
0.578000
0.639000
0.652000
0.656000
0.632000
0.584000
0.319000
0.453000
0.566000
0.496000
0.583000
0.550000
0.017000
0.654000
0.052000
0.033000
0.617000
0.000000
0.653000
0.611000
0.395000
0.651000
0.000000
0.641000
0.137000
0.583000
0.575000
0.612000
0.617000
0.656000
0.651000
0.473000
0.649000
0.646000
0.640000
0.066000
0.588000
0.000000
0.000000
0.656000
0.548000
0.111000
0.000000
0.656000
0.643000
0.499000
0.650000
0.656000
0.654000
0.157000
0.641000
0.607000
