0.656000
0.000000
0.656000
0.656000
0.636000
0.656000
0.437000
0.634000
0.655000
0.654000
0.649000
0.652000
0.303000
0.560000
0.655000
0.631000
0.090000
0.656000
0.654000
0.656000
0.505000
0.333000
0.000000
0.000000
0.054000
0.597000
0.377000
0.650000
0.656000
0.656000
0.000000
0.632000
0.609000
0.418000
0.564000
0.656000
0.639000
0.000000
0.656000
0.000000
0.319000
0.656000
0.647000
0.654000
0.616000
0.082000
0.000000
0.639000
0.656000
0.633000
0.291000
0.000000
0.628000
0.509000
0.536000
0.654000
0.632000
0.607000
0.483000
0.386000
0.656000
0.642000
0.646000
0.655000
0.656000
0.634000
0.651000
0.632000
0.556000
0.000000
0.000000
0.656000
0.167000
0.650000
0.651000
0.521000
0.383000
0.056000
0.518000
0.554000
0.610000
0.217000
0.000000
0.058000
0.641000
0.000000
0.564000
0.088000
0.655000
0.647000
0.003000
0.656000
0.629000
0.295000
0.608000
0.558000
0.649000
0.000000
0.655000
0.345000
0.000000
0.397000
0.123000
0.529000
0.205000
0.631000
0.330000
0.566000
0.656000
0.503000
0.656000
0.656000
0.653000
0.622000
0.620000
0.569000
0.653000
0.639000
0.618000
0.590000
0.389000
0.338000
0.561000
0.249000
0.608000
0.634000
0.656000
0.655000
0.656000
0.392000
0.624000
0.654000
0.051000
0.249000
0.656000
0.261000
0.656000
0.635000
0.518000
0.655000
0.582000
0.152000
0.648000
0.645000
0.438000
0.648000
0.656000
0.652000
0.578000
0.635000
0.654000
0.656000
0.640000
0.596000
0.329000
0.442000
0.574000
0.460000
0.592000
0.553000
0.015000
0.654000
0.052000
0.031000
0.615000
0.000000
0.648000
0.605000
0.389000
0.650000
0.000000
0.645000
0.169000
0.572000
0.576000
0.618000
0.620000
0.655000
0.645000
0.434000
0.644000
0.650000
0.643000
0.062000
0.576000
0.001000
0.000000
0.656000
0.552000
0.116000
0.000000
0.656000
0.644000
0.478000
0.653000
0.656000
0.654000
0.157000
0.636000
0.572000
