0.645000
0.001000
0.645000
0.644000
0.626000
0.645000
0.431000
0.618000
0.645000
0.641000
0.640000
0.638000
0.311000
0.547000
0.644000
0.626000
0.077000
0.645000
0.642000
0.645000
0.503000
0.311000
0.000000
0.000000
0.048000
0.592000
0.367000
0.643000
0.645000
0.645000
0.000000
0.624000
0.603000
0.398000
0.559000
0.645000
0.625000
0.000000
0.645000
0.000000
0.285000
0.645000
0.639000
0.644000
0.602000
0.076000
0.000000
0.632000
0.645000
0.623000
0.263000
0.000000
0.620000
0.473000
0.540000
0.643000
0.634000
0.598000
0.485000
0.341000
0.645000
0.634000
0.629000
0.644000
0.645000
0.616000
0.642000
0.622000
0.558000
0.000000
0.000000
0.645000
0.175000
0.641000
0.634000
0.498000
0.385000
0.049000
0.513000
0.566000
0.598000
0.211000
0.001000
0.087000
0.626000
0.000000
0.556000
0.090000
0.644000
0.638000
0.008000
0.645000
0.622000
0.302000
0.607000
0.542000
0.636000
0.000000
0.644000
0.325000
0.000000
0.400000
0.128000
0.528000
0.161000
0.626000
0.326000
0.548000
0.645000
0.502000
0.645000
0.645000
0.644000
0.618000
0.609000
0.574000
0.642000
0.638000
0.615000
0.558000
0.375000
0.313000
0.536000
0.247000
0.603000
0.621000
0.645000
0.645000
0.645000
0.397000
0.615000
0.642000
0.041000
0.260000
0.645000
0.273000
0.645000
0.619000
0.517000
0.645000
0.569000
0.144000
0.643000
0.628000
0.437000
0.633000
0.645000
0.637000
0.576000
0.618000
0.644000
0.645000
0.627000
0.573000
0.301000
0.459000
0.564000
0.481000
0.575000
0.549000
0.018000
0.644000
0.063000
0.043000
0.601000
0.000000
0.642000
0.600000
0.387000
0.636000
0.000000
0.629000
0.150000
0.560000
0.575000
0.594000
0.596000
0.645000
0.638000
0.433000
0.638000
0.641000
0.628000
0.058000
0.578000
0.000000
0.000000
0.645000
0.533000
0.113000
0.000000
0.645000
0.634000
0.474000
0.643000
0.645000
0.642000
0.149000
0.634000
0.577000
