0.650000
0.000000
0.649000
0.650000
0.634000
0.650000
0.424000
0.632000
0.650000
0.645000
0.642000
0.642000
0.285000
0.561000
0.650000
0.630000
0.070000
0.650000
0.648000
0.650000
0.489000
0.304000
0.000000
0.000000
0.060000
0.588000
0.360000
0.646000
0.649000
0.650000
0.000000
0.625000
0.617000
0.415000
0.570000
0.650000
0.633000
0.000000
0.650000
0.000000
0.307000
0.649000
0.643000
0.649000
0.615000
0.071000
0.000000
0.641000
0.650000
0.612000
0.266000
0.000000
0.617000
0.512000
0.558000
0.648000
0.636000
0.607000
0.511000
0.396000
0.649000
0.643000
0.639000
0.649000
0.649000
0.627000
0.644000
0.617000
0.556000
0.000000
0.000000
0.650000
0.141000
0.644000
0.635000
0.542000
0.389000
0.059000
0.514000
0.561000
0.602000
0.210000
0.001000
0.077000
0.634000
0.002000
0.568000
0.105000
0.648000
0.646000
0.005000
0.650000
0.619000
0.276000
0.617000
0.544000
0.641000
0.000000
0.649000
0.331000
0.000000
0.402000
0.118000
0.528000
0.201000
0.629000
0.322000
0.563000
0.650000
0.502000
0.650000
0.649000
0.649000
0.626000
0.614000
0.561000
0.645000
0.640000
0.624000
0.559000
0.372000
0.348000
0.545000
0.225000
0.611000
0.622000
0.650000
0.649000
0.650000
0.414000
0.622000
0.648000
0.048000
0.247000
0.649000
0.282000
0.650000
0.611000
0.522000
0.648000
0.580000
0.118000
0.647000
0.638000
0.429000
0.642000
0.650000
0.648000
0.573000
0.628000
0.648000
0.650000
0.636000
0.584000
0.308000
0.452000
0.574000
0.469000
0.583000
0.548000
0.018000
0.647000
0.053000
0.035000
0.604000
0.000000
0.646000
0.601000
0.415000
0.643000
0.000000
0.640000
0.150000
0.557000
0.572000
0.621000
0.607000
0.650000
0.634000
0.445000
0.646000
0.644000
0.632000
0.065000
0.577000
0.000000
0.000000
0.650000
0.560000
0.102000
0.000000
0.650000
0.634000
0.501000
0.647000
0.650000
0.643000
0.139000
0.629000
0.589000
