0.668000
0.000000
0.667000
0.668000
0.645000
0.668000
0.437000
0.647000
0.668000
0.664000
0.662000
0.661000
0.306000
0.559000
0.668000
0.641000
0.074000
0.668000
0.666000
0.668000
0.517000
0.309000
0.000000
0.000000
0.061000
0.621000
0.373000
0.660000
0.668000
0.667000
0.000000
0.643000
0.636000
0.435000
0.565000
0.668000
0.648000
0.000000
0.668000
0.000000
0.317000
0.667000
0.663000
0.666000
0.626000
0.062000
0.000000
0.649000
0.668000
0.629000
0.262000
0.000000
0.640000
0.508000
0.567000
0.667000
0.649000
0.625000
0.506000
0.383000
0.668000
0.656000
0.652000
0.666000
0.667000
0.649000
0.664000
0.639000
0.559000
0.000000
0.000000
0.668000
0.185000
0.666000
0.659000
0.534000
0.407000
0.067000
0.531000
0.579000
0.629000
0.215000
0.000000
0.081000
0.651000
0.001000
0.584000
0.108000
0.666000
0.665000
0.007000
0.668000
0.647000
0.298000
0.625000
0.567000
0.662000
0.000000
0.668000
0.330000
0.000000
0.408000
0.109000
0.548000
0.177000
0.649000
0.342000
0.576000
0.668000
0.528000
0.668000
0.668000
0.665000
0.646000
0.629000
0.577000
0.663000
0.663000
0.634000
0.578000
0.353000
0.358000
0.588000
0.246000
0.622000
0.635000
0.668000
0.667000
0.668000
0.411000
0.647000
0.666000
0.059000
0.269000
0.668000
0.261000
0.668000
0.647000
0.536000
0.668000
0.602000
0.121000
0.666000
0.659000
0.453000
0.660000
0.668000
0.666000
0.580000
0.644000
0.665000
0.668000
0.649000
0.601000
0.311000
0.467000
0.586000
0.481000
0.596000
0.561000
0.018000
0.666000
0.055000
0.032000
0.632000
0.000000
0.662000
0.617000
0.420000
0.666000
0.000000
0.660000
0.156000
0.594000
0.597000
0.623000
0.630000
0.667000
0.660000
0.453000
0.659000
0.658000
0.646000
0.068000
0.588000
0.000000
0.000000
0.668000
0.566000
0.101000
0.000000
0.668000
0.656000
0.488000
0.666000
0.668000
0.665000
0.179000
0.654000
0.614000
