0.679000
0.000000
0.679000
0.679000
0.661000
0.679000
0.461000
0.662000
0.679000
0.675000
0.673000
0.672000
0.319000
0.564000
0.679000
0.659000
0.085000
0.679000
0.675000
0.679000
0.522000
0.319000
0.000000
0.000000
0.060000
0.627000
0.377000
0.672000
0.679000
0.678000
0.000000
0.651000
0.634000
0.436000
0.590000
0.678000
0.659000
0.000000
0.677000
0.000000
0.291000
0.679000
0.670000
0.678000
0.632000
0.072000
0.000000
0.667000
0.679000
0.644000
0.260000
0.000000
0.647000
0.526000
0.551000
0.673000
0.650000
0.632000
0.546000
0.379000
0.679000
0.670000
0.663000
0.677000
0.678000
0.645000
0.673000
0.647000
0.581000
0.000000
0.000000
0.679000
0.183000
0.677000
0.669000
0.524000
0.416000
0.065000
0.548000
0.581000
0.637000
0.218000
0.000000
0.087000
0.660000
0.000000
0.590000
0.108000
0.677000
0.672000
0.009000
0.679000
0.649000
0.317000
0.645000
0.571000
0.665000
0.000000
0.678000
0.350000
0.000000
0.419000
0.114000
0.569000
0.180000
0.662000
0.341000
0.587000
0.679000
0.528000
0.679000
0.679000
0.677000
0.651000
0.640000
0.600000
0.675000
0.670000
0.647000
0.601000
0.375000
0.331000
0.595000
0.253000
0.628000
0.640000
0.679000
0.679000
0.679000
0.399000
0.643000
0.678000
0.046000
0.269000
0.679000
0.288000
0.679000
0.659000
0.535000
0.679000
0.613000
0.148000
0.677000
0.665000
0.478000
0.670000
0.679000
0.676000
0.594000
0.658000
0.676000
0.679000
0.659000
0.615000
0.291000
0.479000
0.600000
0.501000
0.614000
0.597000
0.013000
0.675000
0.056000
0.031000
0.640000
0.000000
0.673000
0.638000
0.421000
0.674000
0.000000
0.666000
0.167000
0.582000
0.604000
0.639000
0.634000
0.679000
0.673000
0.449000
0.670000
0.672000
0.658000
0.063000
0.607000
0.000000
0.000000
0.679000
0.570000
0.132000
0.000000
0.679000
0.671000
0.503000
0.676000
0.679000
0.675000
0.187000
0.663000
0.589000
