0.624000
0.001000
0.623000
0.624000
0.602000
0.624000
0.432000
0.606000
0.624000
0.616000
0.617000
0.620000
0.292000
0.536000
0.624000
0.604000
0.067000
0.624000
0.622000
0.624000
0.485000
0.304000
0.000000
0.000000
0.053000
0.582000
0.330000
0.620000
0.624000
0.624000
0.000000
0.595000
0.593000
0.417000
0.539000
0.624000
0.606000
0.000000
0.624000
0.000000
0.275000
0.624000
0.617000
0.621000
0.597000
0.090000
0.000000
0.612000
0.624000
0.591000
0.271000
0.000000
0.593000
0.497000
0.532000
0.620000
0.601000
0.569000
0.477000
0.355000
0.624000
0.617000
0.613000
0.623000
0.623000
0.604000
0.624000
0.607000
0.535000
0.000000
0.000000
0.624000
0.186000
0.621000
0.620000
0.526000
0.350000
0.064000
0.464000
0.539000
0.582000
0.210000
0.001000
0.074000
0.610000
0.000000
0.544000
0.094000
0.624000
0.621000
0.012000
0.624000
0.597000
0.281000
0.589000
0.523000
0.619000
0.000000
0.623000
0.292000
0.000000
0.395000
0.094000
0.510000
0.173000
0.598000
0.315000
0.534000
0.624000
0.490000
0.624000
0.623000
0.623000
0.597000
0.587000
0.543000
0.616000
0.618000
0.595000
0.540000
0.328000
0.301000
0.524000
0.240000
0.594000
0.589000
0.624000
0.623000
0.624000
0.414000
0.592000
0.621000
0.060000
0.246000
0.623000
0.263000
0.624000
0.604000
0.504000
0.623000
0.554000
0.116000
0.621000
0.606000
0.419000
0.619000
0.624000
0.619000
0.565000
0.603000
0.619000
0.624000
0.611000
0.560000
0.271000
0.436000
0.547000
0.431000
0.557000
0.517000
0.014000
0.620000
0.050000
0.025000
0.592000
0.000000
0.615000
0.587000
0.389000
0.621000
0.000000
0.617000
0.154000
0.545000
0.540000
0.586000
0.589000
0.624000
0.614000
0.408000
0.619000
0.617000
0.606000
0.057000
0.546000
0.001000
0.000000
0.624000
0.529000
0.094000
0.000000
0.624000
0.617000
0.459000
0.623000
0.624000
0.620000
0.169000
0.610000
0.573000
