0.622000
0.000000
0.621000
0.622000
0.593000
0.622000
0.440000
0.606000
0.620000
0.619000
0.613000
0.617000
0.303000
0.534000
0.622000
0.592000
0.064000
0.622000
0.618000
0.622000
0.494000
0.307000
0.000000
0.000000
0.060000
0.581000
0.349000
0.618000
0.622000
0.622000
0.000000
0.594000
0.577000
0.420000
0.534000
0.620000
0.606000
0.000000
0.620000
0.000000
0.279000
0.622000
0.618000
0.622000
0.583000
0.071000
0.000000
0.603000
0.622000
0.588000
0.280000
0.000000
0.598000
0.475000
0.503000
0.619000
0.608000
0.574000
0.487000
0.335000
0.622000
0.611000
0.606000
0.621000
0.619000
0.608000
0.618000
0.606000
0.536000
0.000000
0.000000
0.620000
0.136000
0.620000
0.612000
0.510000
0.353000
0.056000
0.474000
0.522000
0.565000
0.195000
0.001000
0.068000
0.604000
0.000000
0.535000
0.113000
0.622000
0.619000
0.006000
0.622000
0.605000
0.295000
0.595000
0.521000
0.614000
0.000000
0.622000
0.310000
0.000000
0.382000
0.099000
0.533000
0.174000
0.595000
0.316000
0.534000
0.622000
0.479000
0.622000
0.622000
0.619000
0.596000
0.584000
0.547000
0.611000
0.613000
0.592000
0.538000
0.352000
0.322000
0.538000
0.220000
0.578000
0.589000
0.622000
0.622000
0.622000
0.398000
0.591000
0.620000
0.059000
0.249000
0.622000
0.261000
0.622000
0.606000
0.495000
0.622000
0.567000
0.132000
0.620000
0.612000
0.409000
0.613000
0.622000
0.619000
0.553000
0.592000
0.620000
0.622000
0.602000
0.556000
0.276000
0.447000
0.552000
0.434000
0.557000
0.533000
0.012000
0.619000
0.043000
0.027000
0.587000
0.000000
0.615000
0.579000
0.371000
0.617000
0.000000
0.606000
0.143000
0.546000
0.568000
0.586000
0.573000
0.622000
0.615000
0.415000
0.615000
0.615000
0.599000
0.059000
0.557000
0.001000
0.000000
0.622000
0.530000
0.099000
0.000000
0.622000
0.614000
0.478000
0.620000
0.622000
0.621000
0.141000
0.607000
0.551000
