0.640000
0.000000
0.639000
0.640000
0.627000
0.640000
0.421000
0.627000
0.640000
0.637000
0.630000
0.637000
0.335000
0.541000
0.640000
0.615000
0.071000
0.640000
0.636000
0.640000
0.493000
0.307000
0.000000
0.000000
0.059000
0.589000
0.366000
0.634000
0.640000
0.640000
0.000000
0.615000
0.603000
0.439000
0.551000
0.640000
0.621000
0.000000
0.638000
0.000000
0.302000
0.640000
0.635000
0.639000
0.607000
0.073000
0.000000
0.624000
0.640000
0.614000
0.276000
0.000000
0.612000
0.477000
0.539000
0.640000
0.620000
0.596000
0.484000
0.344000
0.640000
0.624000
0.627000
0.636000
0.639000
0.619000
0.639000
0.623000
0.543000
0.000000
0.000000
0.640000
0.172000
0.639000
0.630000
0.500000
0.368000
0.057000
0.523000
0.573000
0.599000
0.212000
0.002000
0.071000
0.626000
0.000000
0.555000
0.103000
0.636000
0.638000
0.007000
0.640000
0.618000
0.328000
0.601000
0.555000
0.632000
0.000000
0.639000
0.318000
0.000000
0.407000
0.121000
0.533000
0.194000
0.619000
0.338000
0.544000
0.640000
0.487000
0.640000
0.640000
0.639000
0.615000
0.600000
0.544000
0.637000
0.634000
0.606000
0.577000
0.346000
0.337000
0.541000
0.240000
0.608000
0.602000
0.640000
0.639000
0.640000
0.390000
0.606000
0.638000
0.060000
0.251000
0.640000
0.261000
0.640000
0.618000
0.515000
0.640000
0.585000
0.126000
0.632000
0.633000
0.429000
0.633000
0.640000
0.634000
0.556000
0.616000
0.639000
0.640000
0.612000
0.569000
0.305000
0.452000
0.558000
0.461000
0.569000
0.542000
0.028000
0.640000
0.055000
0.031000
0.597000
0.000000
0.635000
0.601000
0.399000
0.633000
0.000000
0.627000
0.157000
0.565000
0.570000
0.597000
0.596000
0.640000
0.631000
0.450000
0.632000
0.635000
0.623000
0.060000
0.562000
0.000000
0.000000
0.640000
0.544000
0.112000
0.000000
0.640000
0.625000
0.470000
0.639000
0.640000
0.637000
0.138000
0.628000
0.577000
