0.644000
0.000000
0.644000
0.644000
0.622000
0.644000
0.443000
0.624000
0.644000
0.638000
0.640000
0.636000
0.296000
0.534000
0.644000
0.628000
0.088000
0.644000
0.639000
0.644000
0.505000
0.338000
0.000000
0.000000
0.044000
0.593000
0.352000
0.637000
0.644000
0.644000
0.000000
0.613000
0.606000
0.430000
0.535000
0.643000
0.624000
0.000000
0.644000
0.000000
0.307000
0.644000
0.639000
0.642000
0.614000
0.083000
0.000000
0.626000
0.644000
0.608000
0.264000
0.000000
0.623000
0.502000
0.551000
0.644000
0.626000
0.599000
0.495000
0.362000
0.644000
0.632000
0.634000
0.642000
0.643000
0.630000
0.638000
0.617000
0.580000
0.000000
0.000000
0.644000
0.155000
0.642000
0.631000
0.526000
0.381000
0.059000
0.505000
0.552000
0.589000
0.217000
0.000000
0.062000
0.619000
0.001000
0.556000
0.121000
0.643000
0.639000
0.006000
0.644000
0.622000
0.295000
0.606000
0.538000
0.632000
0.000000
0.644000
0.303000
0.000000
0.389000
0.109000
0.531000
0.180000
0.621000
0.316000
0.569000
0.643000
0.509000
0.644000
0.644000
0.640000
0.617000
0.608000
0.557000
0.639000
0.635000
0.618000
0.581000
0.354000
0.336000
0.570000
0.235000
0.623000
0.610000
0.644000
0.643000
0.644000
0.379000
0.599000
0.644000
0.049000
0.250000
0.643000
0.259000
0.644000
0.623000
0.522000
0.644000
0.567000
0.132000
0.642000
0.628000
0.436000
0.636000
0.644000
0.640000
0.575000
0.623000
0.641000
0.644000
0.624000
0.582000
0.320000
0.459000
0.570000
0.468000
0.580000
0.536000
0.017000
0.644000
0.055000
0.024000
0.612000
0.000000
0.632000
0.600000
0.401000
0.640000
0.000000
0.630000
0.151000
0.564000
0.564000
0.609000
0.610000
0.644000
0.632000
0.426000
0.643000
0.638000
0.631000
0.058000
0.574000
0.000000
0.000000
0.644000
0.547000
0.109000
0.000000
0.644000
0.632000
0.487000
0.640000
0.644000
0.643000
0.144000
0.633000
0.596000
