0.653000
0.000000
0.653000
0.653000
0.625000
0.653000
0.443000
0.635000
0.653000
0.650000
0.649000
0.648000
0.307000
0.547000
0.653000
0.627000
0.084000
0.653000
0.647000
0.653000
0.513000
0.313000
0.000000
0.000000
0.048000
0.605000
0.345000
0.645000
0.653000
0.653000
0.000000
0.637000
0.606000
0.412000
0.549000
0.653000
0.636000
0.000000
0.653000
0.000000
0.295000
0.653000
0.648000
0.652000
0.613000
0.095000
0.000000
0.637000
0.653000
0.613000
0.285000
0.000000
0.623000
0.511000
0.559000
0.653000
0.638000
0.596000
0.506000
0.386000
0.653000
0.644000
0.640000
0.652000
0.651000
0.631000
0.647000
0.624000
0.564000
0.000000
0.000000
0.653000
0.165000
0.651000
0.640000
0.515000
0.378000
0.065000
0.515000
0.566000
0.608000
0.181000
0.000000
0.095000
0.632000
0.000000
0.571000
0.091000
0.653000
0.646000
0.004000
0.653000
0.623000
0.303000
0.605000
0.549000
0.646000
0.000000
0.653000
0.326000
0.000000
0.415000
0.122000
0.538000
0.190000
0.629000
0.323000
0.582000
0.653000
0.529000
0.653000
0.653000
0.653000
0.629000
0.605000
0.556000
0.649000
0.643000
0.626000
0.554000
0.354000
0.341000
0.576000
0.263000
0.611000
0.629000
0.653000
0.652000
0.653000
0.417000
0.607000
0.650000
0.059000
0.258000
0.653000
0.250000
0.653000
0.621000
0.517000
0.653000
0.580000
0.125000
0.649000
0.642000
0.435000
0.649000
0.653000
0.649000
0.575000
0.635000
0.651000
0.653000
0.637000
0.576000
0.289000
0.455000
0.573000
0.466000
0.585000
0.546000
0.021000
0.651000
0.040000
0.028000
0.613000
0.000000
0.648000
0.615000
0.399000
0.649000
0.000000
0.637000
0.162000
0.577000
0.587000
0.606000
0.608000
0.653000
0.643000
0.454000
0.642000
0.644000
0.633000
0.062000
0.584000
0.000000
0.000000
0.653000
0.558000
0.109000
0.000000
0.653000
0.638000
0.506000
0.648000
0.653000
0.648000
0.160000
0.641000
0.578000
