0.637000
0.000000
0.638000
0.636000
0.621000
0.638000
0.423000
0.615000
0.637000
0.636000
0.631000
0.630000
0.306000
0.540000
0.636000
0.621000
0.073000
0.638000
0.636000
0.638000
0.510000
0.321000
0.000000
0.000000
0.051000
0.585000
0.364000
0.632000
0.638000
0.638000
0.000000
0.614000
0.592000
0.416000
0.541000
0.637000
0.616000
0.000000
0.637000
0.000000
0.296000
0.637000
0.636000
0.635000
0.597000
0.090000
0.000000
0.623000
0.638000
0.605000
0.258000
0.000000
0.604000
0.494000
0.527000
0.637000
0.623000
0.595000
0.509000
0.383000
0.637000
0.622000
0.621000
0.635000
0.636000
0.618000
0.635000
0.614000
0.538000
0.000000
0.000000
0.638000
0.168000
0.633000
0.631000
0.505000
0.365000
0.079000
0.498000
0.545000
0.587000
0.174000
0.001000
0.067000
0.621000
0.001000
0.555000
0.105000
0.635000
0.631000
0.004000
0.638000
0.602000
0.298000
0.604000
0.546000
0.632000
0.000000
0.636000
0.324000
0.000000
0.387000
0.108000
0.532000
0.179000
0.621000
0.307000
0.547000
0.638000
0.495000
0.638000
0.638000
0.635000
0.613000
0.605000
0.549000
0.635000
0.633000
0.609000
0.565000
0.360000
0.331000
0.558000
0.230000
0.599000
0.604000
0.638000
0.638000
0.638000
0.408000
0.606000
0.637000
0.053000
0.237000
0.637000
0.252000
0.638000
0.607000
0.519000
0.638000
0.561000
0.132000
0.636000
0.623000
0.445000
0.631000
0.638000
0.633000
0.562000
0.608000
0.634000
0.638000
0.622000
0.577000
0.299000
0.440000
0.570000
0.467000
0.578000
0.545000
0.015000
0.636000
0.063000
0.031000
0.593000
0.000000
0.630000
0.592000
0.391000
0.629000
0.000000
0.622000
0.164000
0.557000
0.565000
0.591000
0.592000
0.638000
0.632000
0.427000
0.629000
0.632000
0.613000
0.063000
0.598000
0.001000
0.000000
0.638000
0.541000
0.120000
0.000000
0.638000
0.630000
0.471000
0.636000
0.638000
0.632000
0.143000
0.624000
0.573000
