0.643000
0.000000
0.642000
0.643000
0.623000
0.643000
0.423000
0.618000
0.643000
0.635000
0.639000
0.631000
0.309000
0.541000
0.643000
0.621000
0.078000
0.643000
0.640000
0.643000
0.492000
0.328000
0.000000
0.000000
0.050000
0.589000
0.363000
0.636000
0.642000
0.643000
0.000000
0.626000
0.601000
0.431000
0.541000
0.643000
0.626000
0.000000
0.643000
0.000000
0.283000
0.642000
0.637000
0.642000
0.608000
0.081000
0.000000
0.631000
0.643000
0.611000
0.258000
0.000000
0.607000
0.488000
0.538000
0.643000
0.627000
0.593000
0.491000
0.361000
0.642000
0.634000
0.617000
0.643000
0.642000
0.624000
0.636000
0.623000
0.550000
0.000000
0.000000
0.643000
0.145000
0.643000
0.633000
0.532000
0.381000
0.064000
0.522000
0.553000
0.598000
0.200000
0.001000
0.077000
0.626000
0.000000
0.551000
0.103000
0.642000
0.637000
0.006000
0.643000
0.605000
0.305000
0.602000
0.539000
0.637000
0.000000
0.640000
0.314000
0.000000
0.406000
0.090000
0.535000
0.180000
0.618000
0.316000
0.560000
0.643000
0.510000
0.643000
0.643000
0.641000
0.606000
0.600000
0.556000
0.637000
0.638000
0.616000
0.564000
0.352000
0.327000
0.556000
0.240000
0.611000
0.616000
0.643000
0.643000
0.643000
0.407000
0.606000
0.641000
0.056000
0.276000
0.643000
0.250000
0.643000
0.609000
0.500000
0.643000
0.580000
0.111000
0.638000
0.629000
0.437000
0.635000
0.643000
0.637000
0.567000
0.611000
0.642000
0.643000
0.626000
0.559000
0.292000
0.458000
0.563000
0.483000
0.555000
0.544000
0.009000
0.640000
0.051000
0.026000
0.600000
0.000000
0.635000
0.601000
0.363000
0.636000
0.000000
0.630000
0.152000
0.563000
0.577000
0.601000
0.591000
0.643000
0.634000
0.448000
0.637000
0.640000
0.612000
0.081000
0.587000
0.000000
0.000000
0.643000
0.532000
0.105000
0.000000
0.643000
0.631000
0.490000
0.641000
0.643000
0.642000
0.146000
0.632000
0.584000
