0.670000
0.000000
0.671000
0.672000
0.650000
0.672000
0.462000
0.654000
0.670000
0.663000
0.666000
0.664000
0.314000
0.552000
0.672000
0.649000
0.084000
0.672000
0.670000
0.672000
0.528000
0.335000
0.000000
0.000000
0.067000
0.611000
0.377000
0.668000
0.672000
0.672000
0.000000
0.653000
0.623000
0.433000
0.579000
0.672000
0.660000
0.000000
0.670000
0.000000
0.302000
0.672000
0.664000
0.670000
0.633000
0.077000
0.000000
0.657000
0.672000
0.643000
0.281000
0.000000
0.640000
0.491000
0.566000
0.670000
0.651000
0.622000
0.529000
0.395000
0.672000
0.655000
0.661000
0.672000
0.672000
0.651000
0.669000
0.650000
0.572000
0.000000
0.000000
0.672000
0.176000
0.665000
0.667000
0.538000
0.387000
0.060000
0.522000
0.570000
0.626000
0.197000
0.001000
0.081000
0.649000
0.000000
0.576000
0.109000
0.670000
0.668000
0.009000
0.672000
0.637000
0.309000
0.637000
0.558000
0.664000
0.000000
0.672000
0.327000
0.000000
0.431000
0.120000
0.563000
0.203000
0.642000
0.321000
0.586000
0.672000
0.531000
0.672000
0.672000
0.670000
0.637000
0.638000
0.571000
0.668000
0.666000
0.645000
0.570000
0.384000
0.334000
0.580000
0.237000
0.625000
0.630000
0.672000
0.672000
0.672000
0.428000
0.635000
0.668000
0.051000
0.262000
0.672000
0.281000
0.672000
0.639000
0.542000
0.671000
0.602000
0.136000
0.668000
0.663000
0.433000
0.663000
0.672000
0.667000
0.598000
0.652000
0.667000
0.672000
0.653000
0.613000
0.305000
0.461000
0.604000
0.488000
0.613000
0.586000
0.022000
0.673000
0.058000
0.036000
0.634000
0.000000
0.667000
0.622000
0.410000
0.665000
0.000000
0.665000
0.158000
0.591000
0.592000
0.632000
0.632000
0.672000
0.659000
0.453000
0.666000
0.666000
0.656000
0.078000
0.611000
0.000000
0.000000
0.672000
0.577000
0.126000
0.000000
0.672000
0.660000
0.496000
0.670000
0.672000
0.668000
0.169000
0.660000
0.603000
