0.676000
0.001000
0.676000
0.675000
0.652000
0.676000
0.456000
0.655000
0.676000
0.672000
0.672000
0.673000
0.299000
0.575000
0.675000
0.651000
0.068000
0.676000
0.671000
0.676000
0.518000
0.331000
0.000000
0.000000
0.058000
0.624000
0.387000
0.669000
0.676000
0.676000
0.000000
0.654000
0.635000
0.444000
0.581000
0.675000
0.651000
0.000000
0.675000
0.000000
0.316000
0.676000
0.671000
0.676000
0.636000
0.081000
0.000000
0.663000
0.676000
0.652000
0.263000
0.000000
0.646000
0.537000
0.582000
0.676000
0.663000
0.619000
0.524000
0.402000
0.676000
0.666000
0.658000
0.675000
0.676000
0.650000
0.672000
0.642000
0.576000
0.000000
0.000000
0.676000
0.158000
0.670000
0.668000
0.555000
0.432000
0.084000
0.525000
0.583000
0.623000
0.218000
0.000000
0.083000
0.660000
0.000000
0.564000
0.109000
0.676000
0.672000
0.007000
0.676000
0.645000
0.296000
0.634000
0.568000
0.666000
0.000000
0.676000
0.330000
0.000000
0.415000
0.097000
0.567000
0.184000
0.653000
0.333000
0.577000
0.676000
0.530000
0.676000
0.676000
0.674000
0.644000
0.644000
0.589000
0.673000
0.667000
0.655000
0.569000
0.393000
0.347000
0.585000
0.242000
0.633000
0.636000
0.676000
0.676000
0.676000
0.442000
0.641000
0.674000
0.060000
0.273000
0.676000
0.266000
0.676000
0.655000
0.544000
0.676000
0.612000
0.131000
0.669000
0.665000
0.474000
0.668000
0.676000
0.674000
0.605000
0.649000
0.676000
0.676000
0.656000
0.593000
0.326000
0.459000
0.589000
0.477000
0.595000
0.579000
0.018000
0.676000
0.056000
0.032000
0.634000
0.000000
0.664000
0.633000
0.446000
0.671000
0.000000
0.663000
0.153000
0.587000
0.601000
0.638000
0.637000
0.676000
0.669000
0.459000
0.668000
0.668000
0.649000
0.060000
0.612000
0.001000
0.000000
0.676000
0.585000
0.119000
0.000000
0.676000
0.666000
0.512000
0.674000
0.676000
0.673000
0.178000
0.657000
0.600000
