0.668000
0.000000
0.668000
0.668000
0.647000
0.667000
0.446000
0.637000
0.668000
0.660000
0.662000
0.664000
0.301000
0.557000
0.668000
0.653000
0.069000
0.668000
0.664000
0.668000
0.526000
0.329000
0.000000
0.000000
0.053000
0.606000
0.359000
0.664000
0.668000
0.668000
0.000000
0.650000
0.626000
0.442000
0.565000
0.667000
0.643000
0.000000
0.668000
0.000000
0.300000
0.668000
0.663000
0.666000
0.626000
0.068000
0.000000
0.650000
0.668000
0.641000
0.272000
0.000000
0.638000
0.532000
0.552000
0.668000
0.641000
0.610000
0.528000
0.355000
0.668000
0.658000
0.650000
0.666000
0.668000
0.650000
0.666000
0.627000
0.555000
0.000000
0.000000
0.667000
0.165000
0.666000
0.662000
0.540000
0.373000
0.050000
0.533000
0.577000
0.608000
0.225000
0.001000
0.071000
0.643000
0.000000
0.589000
0.106000
0.665000
0.665000
0.007000
0.668000
0.638000
0.288000
0.637000
0.570000
0.661000
0.000000
0.666000
0.301000
0.000000
0.405000
0.134000
0.545000
0.199000
0.642000
0.337000
0.559000
0.668000
0.513000
0.668000
0.668000
0.666000
0.642000
0.618000
0.580000
0.662000
0.657000
0.639000
0.600000
0.344000
0.338000
0.575000
0.241000
0.612000
0.635000
0.668000
0.668000
0.668000
0.440000
0.637000
0.666000
0.060000
0.288000
0.668000
0.265000
0.668000
0.646000
0.541000
0.667000
0.596000
0.142000
0.664000
0.658000
0.453000
0.662000
0.668000
0.660000
0.593000
0.644000
0.667000
0.668000
0.654000
0.600000
0.304000
0.456000
0.580000
0.496000
0.595000
0.575000
0.020000
0.664000
0.064000
0.030000
0.624000
0.000000
0.664000
0.633000
0.417000
0.667000
0.000000
0.654000
0.164000
0.598000
0.598000
0.628000
0.629000
0.668000
0.663000
0.461000
0.661000
0.666000
0.646000
0.065000
0.615000
0.000000
0.000000
0.668000
0.550000
0.116000
0.000000
0.668000
0.652000
0.512000
0.665000
0.668000
0.664000
0.148000
0.655000
0.600000
