0.663000
0.000000
0.662000
0.663000
0.640000
0.663000
0.435000
0.641000
0.663000
0.658000
0.661000
0.658000
0.324000
0.557000
0.663000
0.641000
0.091000
0.663000
0.662000
0.663000
0.531000
0.343000
0.000000
0.000000
0.048000
0.603000
0.338000
0.659000
0.663000
0.662000
0.000000
0.640000
0.625000
0.443000
0.568000
0.658000
0.652000
0.000000
0.661000
0.000000
0.286000
0.663000
0.658000
0.663000
0.620000
0.066000
0.000000
0.657000
0.663000
0.623000
0.279000
0.000000
0.629000
0.500000
0.564000
0.661000
0.648000
0.616000
0.502000
0.385000
0.661000
0.650000
0.649000
0.661000
0.662000
0.630000
0.661000
0.638000
0.569000
0.000000
0.000000
0.661000
0.165000
0.660000
0.649000
0.534000
0.358000
0.070000
0.519000
0.575000
0.607000
0.184000
0.001000
0.065000
0.646000
0.000000
0.578000
0.114000
0.662000
0.659000
0.010000
0.663000
0.639000
0.315000
0.628000
0.565000
0.652000
0.000000
0.663000
0.317000
0.000000
0.410000
0.120000
0.545000
0.177000
0.633000
0.339000
0.575000
0.663000
0.528000
0.663000
0.663000
0.662000
0.633000
0.629000
0.565000
0.659000
0.654000
0.644000
0.579000
0.384000
0.342000
0.570000
0.258000
0.621000
0.627000
0.663000
0.662000
0.663000
0.429000
0.625000
0.662000
0.054000
0.264000
0.663000
0.283000
0.663000
0.638000
0.520000
0.662000
0.574000
0.149000
0.662000
0.648000
0.443000
0.654000
0.663000
0.658000
0.592000
0.640000
0.663000
0.663000
0.646000
0.606000
0.279000
0.463000
0.587000
0.455000
0.601000
0.562000
0.014000
0.660000
0.051000
0.029000
0.627000
0.000000
0.658000
0.628000
0.415000
0.657000
0.000000
0.647000
0.159000
0.566000
0.593000
0.622000
0.624000
0.663000
0.652000
0.450000
0.655000
0.661000
0.647000
0.069000
0.609000
0.000000
0.000000
0.663000
0.560000
0.116000
0.000000
0.663000
0.645000
0.482000
0.660000
0.663000
0.660000
0.154000
0.648000
0.576000
