0.671000
0.000000
0.669000
0.670000
0.651000
0.671000
0.453000
0.644000
0.671000
0.665000
0.667000
0.668000
0.314000
0.563000
0.671000
0.650000
0.074000
0.671000
0.663000
0.671000
0.533000
0.342000
0.000000
0.000000
0.058000
0.625000
0.391000
0.670000
0.671000
0.671000
0.000000
0.635000
0.628000
0.438000
0.563000
0.671000
0.653000
0.000000
0.670000
0.000000
0.272000
0.671000
0.666000
0.670000
0.633000
0.082000
0.000000
0.658000
0.671000
0.642000
0.279000
0.000000
0.644000
0.498000
0.556000
0.669000
0.649000
0.628000
0.530000
0.386000
0.671000
0.658000
0.659000
0.669000
0.671000
0.648000
0.671000
0.642000
0.576000
0.000000
0.000000
0.671000
0.162000
0.669000
0.661000
0.542000
0.386000
0.072000
0.538000
0.562000
0.629000
0.227000
0.001000
0.083000
0.647000
0.000000
0.582000
0.117000
0.670000
0.668000
0.006000
0.671000
0.649000
0.316000
0.632000
0.570000
0.665000
0.000000
0.671000
0.326000
0.000000
0.429000
0.111000
0.557000
0.183000
0.650000
0.319000
0.570000
0.671000
0.516000
0.671000
0.671000
0.669000
0.644000
0.629000
0.585000
0.669000
0.663000
0.636000
0.597000
0.387000
0.321000
0.579000
0.259000
0.631000
0.644000
0.671000
0.671000
0.671000
0.434000
0.641000
0.668000
0.072000
0.256000
0.671000
0.274000
0.671000
0.648000
0.510000
0.671000
0.605000
0.131000
0.667000
0.667000
0.440000
0.661000
0.671000
0.666000
0.563000
0.640000
0.670000
0.671000
0.655000
0.603000
0.274000
0.471000
0.595000
0.477000
0.600000
0.559000
0.021000
0.664000
0.056000
0.033000
0.638000
0.000000
0.667000
0.629000
0.415000
0.669000
0.000000
0.664000
0.149000
0.574000
0.599000
0.634000
0.627000
0.671000
0.661000
0.447000
0.664000
0.662000
0.656000
0.074000
0.606000
0.000000
0.000000
0.671000
0.562000
0.109000
0.001000
0.671000
0.661000
0.479000
0.665000
0.671000
0.664000
0.153000
0.652000
0.608000
