0.648000
0.000000
0.647000
0.648000
0.622000
0.647000
0.436000
0.628000
0.648000
0.643000
0.640000
0.638000
0.301000
0.547000
0.648000
0.622000
0.089000
0.648000
0.646000
0.648000
0.503000
0.321000
0.000000
0.000000
0.041000
0.598000
0.355000
0.643000
0.648000
0.647000
0.000000
0.617000
0.605000
0.414000
0.551000
0.647000
0.632000
0.000000
0.647000
0.000000
0.303000
0.648000
0.644000
0.646000
0.611000
0.078000
0.000000
0.633000
0.648000
0.619000
0.265000
0.000000
0.619000
0.510000
0.556000
0.646000
0.637000
0.605000
0.497000
0.393000
0.648000
0.640000
0.639000
0.643000
0.647000
0.631000
0.644000
0.625000
0.565000
0.000000
0.000000
0.647000
0.174000
0.643000
0.639000
0.514000
0.407000
0.074000
0.498000
0.552000
0.608000
0.207000
0.001000
0.073000
0.625000
0.000000
0.555000
0.105000
0.644000
0.641000
0.010000
0.648000
0.617000
0.293000
0.614000
0.529000
0.640000
0.000000
0.647000
0.319000
0.000000
0.412000
0.109000
0.526000
0.188000
0.627000
0.351000
0.549000
0.648000
0.491000
0.648000
0.648000
0.645000
0.611000
0.605000
0.573000
0.641000
0.643000
0.616000
0.559000
0.363000
0.329000
0.545000
0.240000
0.615000
0.607000
0.648000
0.648000
0.648000
0.392000
0.609000
0.648000
0.056000
0.250000
0.648000
0.276000
0.648000
0.625000
0.540000
0.648000
0.587000
0.146000
0.647000
0.635000
0.449000
0.642000
0.648000
0.642000
0.575000
0.617000
0.646000
0.648000
0.622000
0.581000
0.309000
0.453000
0.555000
0.460000
0.578000
0.555000
0.014000
0.646000
0.055000
0.030000
0.614000
0.000000
0.639000
0.595000
0.383000
0.643000
0.000000
0.636000
0.157000
0.562000
0.575000
0.612000
0.603000
0.648000
0.639000
0.436000
0.639000
0.639000
0.632000
0.063000
0.582000
0.000000
0.000000
0.648000
0.532000
0.106000
0.000000
0.648000
0.640000
0.477000
0.646000
0.648000
0.647000
0.142000
0.636000
0.592000
