0.668000
0.000000
0.668000
0.668000
0.639000
0.668000
0.428000
0.643000
0.667000
0.663000
0.662000
0.664000
0.326000
0.566000
0.668000
0.646000
0.083000
0.668000
0.664000
0.668000
0.521000
0.329000
0.000000
0.000000
0.061000
0.608000
0.377000
0.664000
0.668000
0.668000
0.000000
0.640000
0.629000
0.398000
0.581000
0.667000
0.651000
0.000000
0.668000
0.000000
0.305000
0.668000
0.665000
0.667000
0.640000
0.085000
0.000000
0.650000
0.668000
0.644000
0.257000
0.000000
0.647000
0.508000
0.555000
0.667000
0.644000
0.618000
0.518000
0.382000
0.668000
0.660000
0.654000
0.666000
0.668000
0.649000
0.665000
0.646000
0.579000
0.000000
0.000000
0.668000
0.184000
0.662000
0.658000
0.535000
0.406000
0.071000
0.527000
0.571000
0.620000
0.199000
0.000000
0.082000
0.645000
0.001000
0.560000
0.106000
0.666000
0.664000
0.006000
0.668000
0.643000
0.314000
0.628000
0.569000
0.663000
0.000000
0.666000
0.358000
0.000000
0.418000
0.109000
0.555000
0.178000
0.644000
0.346000
0.574000
0.668000
0.513000
0.668000
0.668000
0.668000
0.630000
0.629000
0.550000
0.661000
0.662000
0.632000
0.574000
0.384000
0.339000
0.589000
0.243000
0.624000
0.629000
0.668000
0.668000
0.668000
0.405000
0.630000
0.666000
0.043000
0.267000
0.668000
0.263000
0.668000
0.646000
0.537000
0.668000
0.595000
0.130000
0.665000
0.657000
0.436000
0.661000
0.668000
0.663000
0.589000
0.642000
0.667000
0.668000
0.652000
0.599000
0.309000
0.461000
0.565000
0.463000
0.598000
0.574000
0.013000
0.667000
0.062000
0.034000
0.626000
0.000000
0.663000
0.622000
0.426000
0.659000
0.000000
0.652000
0.161000
0.577000
0.601000
0.634000
0.628000
0.668000
0.656000
0.455000
0.664000
0.659000
0.648000
0.070000
0.597000
0.000000
0.000000
0.668000
0.582000
0.101000
0.000000
0.668000
0.650000
0.493000
0.664000
0.668000
0.666000
0.170000
0.655000
0.601000
