0.652000
0.000000
0.652000
0.652000
0.625000
0.652000
0.421000
0.626000
0.652000
0.651000
0.645000
0.648000
0.300000
0.543000
0.652000
0.627000
0.075000
0.652000
0.650000
0.652000
0.502000
0.337000
0.000000
0.000000
0.057000
0.598000
0.358000
0.649000
0.652000
0.652000
0.000000
0.629000
0.604000
0.418000
0.557000
0.652000
0.626000
0.000000
0.650000
0.000000
0.322000
0.652000
0.647000
0.652000
0.610000
0.078000
0.000000
0.640000
0.652000
0.618000
0.258000
0.000000
0.631000
0.489000
0.550000
0.651000
0.628000
0.588000
0.484000
0.383000
0.652000
0.640000
0.637000
0.650000
0.651000
0.632000
0.650000
0.622000
0.553000
0.000000
0.000000
0.652000
0.163000
0.649000
0.646000
0.528000
0.380000
0.062000
0.507000
0.572000
0.603000
0.177000
0.002000
0.073000
0.636000
0.001000
0.572000
0.103000
0.649000
0.644000
0.009000
0.652000
0.634000
0.298000
0.606000
0.565000
0.646000
0.000000
0.651000
0.343000
0.000000
0.403000
0.110000
0.545000
0.179000
0.631000
0.337000
0.540000
0.651000
0.486000
0.652000
0.652000
0.650000
0.621000
0.616000
0.570000
0.648000
0.642000
0.631000
0.578000
0.359000
0.348000
0.547000
0.225000
0.607000
0.618000
0.652000
0.652000
0.652000
0.400000
0.616000
0.650000
0.062000
0.245000
0.651000
0.256000
0.652000
0.618000
0.498000
0.650000
0.587000
0.120000
0.651000
0.640000
0.436000
0.642000
0.652000
0.649000
0.570000
0.628000
0.652000
0.652000
0.629000
0.571000
0.326000
0.456000
0.572000
0.476000
0.577000
0.544000
0.017000
0.649000
0.046000
0.039000
0.619000
0.000000
0.646000
0.594000
0.405000
0.648000
0.000000
0.635000
0.154000
0.569000
0.582000
0.615000
0.601000
0.652000
0.644000
0.423000
0.640000
0.646000
0.633000
0.064000
0.595000
0.001000
0.000000
0.652000
0.555000
0.117000
0.000000
0.652000
0.636000
0.467000
0.648000
0.652000
0.649000
0.160000
0.639000
0.591000
