0.639000
0.000000
0.637000
0.639000
0.618000
0.639000
0.427000
0.613000
0.638000
0.634000
0.634000
0.632000
0.302000
0.537000
0.639000
0.619000
0.085000
0.639000
0.635000
0.639000
0.489000
0.309000
0.000000
0.000000
0.053000
0.591000
0.339000
0.632000
0.639000
0.638000
0.000000
0.619000
0.593000
0.430000
0.549000
0.639000
0.626000
0.000000
0.638000
0.000000
0.295000
0.639000
0.634000
0.637000
0.588000
0.065000
0.000000
0.628000
0.639000
0.605000
0.282000
0.000000
0.611000
0.492000
0.524000
0.637000
0.626000
0.595000
0.500000
0.352000
0.638000
0.625000
0.627000
0.636000
0.638000
0.623000
0.636000
0.616000
0.554000
0.000000
0.000000
0.638000
0.162000
0.636000
0.633000
0.515000
0.361000
0.070000
0.495000
0.559000
0.602000
0.201000
0.002000
0.079000
0.613000
0.000000
0.559000
0.095000
0.638000
0.632000
0.011000
0.639000
0.617000
0.296000
0.591000
0.547000
0.634000
0.000000
0.639000
0.324000
0.000000
0.383000
0.119000
0.522000
0.168000
0.619000
0.322000
0.544000
0.639000
0.497000
0.639000
0.639000
0.638000
0.609000
0.602000
0.562000
0.634000
0.632000
0.615000
0.560000
0.359000
0.335000
0.527000
0.227000
0.610000
0.601000
0.639000
0.637000
0.639000
0.400000
0.609000
0.638000
0.047000
0.257000
0.639000
0.262000
0.639000
0.612000
0.523000
0.639000
0.575000
0.124000
0.635000
0.632000
0.415000
0.635000
0.639000
0.634000
0.560000
0.615000
0.637000
0.639000
0.620000
0.567000
0.294000
0.435000
0.574000
0.451000
0.566000
0.525000
0.018000
0.639000
0.051000
0.028000
0.604000
0.000000
0.634000
0.603000
0.383000
0.633000
0.000000
0.631000
0.156000
0.578000
0.563000
0.589000
0.598000
0.639000
0.630000
0.445000
0.632000
0.636000
0.618000
0.064000
0.574000
0.000000
0.000000
0.639000
0.548000
0.106000
0.000000
0.639000
0.635000
0.459000
0.636000
0.639000
0.638000
0.146000
0.626000
0.579000
