0.673000
0.000000
0.673000
0.673000
0.648000
0.673000
0.451000
0.646000
0.673000
0.668000
0.671000
0.668000
0.328000
0.561000
0.673000
0.657000
0.076000
0.673000
0.669000
0.673000
0.520000
0.367000
0.000000
0.000000
0.054000
0.626000
0.372000
0.662000
0.673000
0.672000
0.000000
0.656000
0.624000
0.429000
0.574000
0.673000
0.647000
0.000000
0.673000
0.000000
0.330000
0.672000
0.666000
0.672000
0.632000
0.097000
0.000000
0.660000
0.673000
0.633000
0.269000
0.000000
0.640000
0.517000
0.561000
0.671000
0.653000
0.621000
0.533000
0.384000
0.673000
0.666000
0.654000
0.673000
0.673000
0.652000
0.668000
0.648000
0.571000
0.000000
0.000000
0.673000
0.180000
0.669000
0.668000
0.549000
0.374000
0.066000
0.535000
0.580000
0.629000
0.222000
0.002000
0.080000
0.650000
0.000000
0.600000
0.096000
0.669000
0.670000
0.005000
0.673000
0.647000
0.317000
0.628000
0.574000
0.664000
0.000000
0.672000
0.331000
0.000000
0.422000
0.107000
0.554000
0.209000
0.654000
0.344000
0.578000
0.673000
0.507000
0.673000
0.673000
0.670000
0.643000
0.626000
0.587000
0.665000
0.666000
0.644000
0.581000
0.396000
0.362000
0.591000
0.263000
0.626000
0.630000
0.673000
0.673000
0.673000
0.393000
0.641000
0.671000
0.051000
0.285000
0.673000
0.259000
0.673000
0.649000
0.538000
0.672000
0.603000
0.151000
0.671000
0.661000
0.450000
0.669000
0.673000
0.665000
0.592000
0.648000
0.672000
0.673000
0.655000
0.609000
0.339000
0.459000
0.593000
0.472000
0.608000
0.576000
0.007000
0.671000
0.049000
0.028000
0.634000
0.000000
0.667000
0.625000
0.434000
0.670000
0.000000
0.662000
0.153000
0.595000
0.603000
0.632000
0.622000
0.673000
0.668000
0.428000
0.664000
0.668000
0.648000
0.068000
0.613000
0.001000
0.000000
0.673000
0.573000
0.104000
0.002000
0.673000
0.654000
0.497000
0.670000
0.673000
0.673000
0.165000
0.667000
0.603000
