0.643000
0.001000
0.642000
0.643000
0.623000
0.642000
0.424000
0.617000
0.643000
0.633000
0.637000
0.639000
0.315000
0.536000
0.643000
0.621000
0.085000
0.643000
0.639000
0.643000
0.511000
0.294000
0.000000
0.000000
0.037000
0.603000
0.361000
0.638000
0.643000
0.643000
0.000000
0.621000
0.592000
0.421000
0.536000
0.643000
0.627000
0.000000
0.643000
0.000000
0.300000
0.643000
0.638000
0.641000
0.605000
0.088000
0.000000
0.623000
0.643000
0.615000
0.270000
0.000000
0.613000
0.488000
0.524000
0.642000
0.626000
0.593000
0.513000
0.365000
0.643000
0.634000
0.631000
0.643000
0.642000
0.620000
0.638000
0.623000
0.554000
0.000000
0.000000
0.643000
0.163000
0.638000
0.626000
0.517000
0.378000
0.061000
0.499000
0.554000
0.596000
0.200000
0.002000
0.079000
0.619000
0.000000
0.554000
0.102000
0.641000
0.638000
0.009000
0.643000
0.617000
0.311000
0.611000
0.539000
0.635000
0.000000
0.643000
0.308000
0.000000
0.405000
0.118000
0.520000
0.185000
0.620000
0.336000
0.538000
0.643000
0.487000
0.643000
0.643000
0.643000
0.620000
0.594000
0.572000
0.641000
0.633000
0.611000
0.563000
0.337000
0.331000
0.559000
0.240000
0.600000
0.595000
0.643000
0.643000
0.643000
0.398000
0.614000
0.641000
0.050000
0.289000
0.643000
0.249000
0.643000
0.603000
0.503000
0.643000
0.561000
0.127000
0.640000
0.626000
0.418000
0.634000
0.643000
0.637000
0.567000
0.621000
0.639000
0.643000
0.624000
0.566000
0.306000
0.463000
0.552000
0.449000
0.567000
0.525000
0.010000
0.641000
0.048000
0.036000
0.611000
0.000000
0.639000
0.600000
0.378000
0.637000
0.000000
0.633000
0.154000
0.542000
0.567000
0.601000
0.596000
0.643000
0.633000
0.429000
0.633000
0.639000
0.627000
0.046000
0.571000
0.001000
0.000000
0.643000
0.553000
0.109000
0.000000
0.643000
0.625000
0.482000
0.639000
0.643000
0.637000
0.157000
0.629000
0.571000
