0.639000
0.001000
0.637000
0.639000
0.616000
0.639000
0.452000
0.616000
0.638000
0.634000
0.631000
0.635000
0.316000
0.525000
0.639000
0.616000
0.092000
0.639000
0.636000
0.639000
0.499000
0.294000
0.000000
0.000000
0.053000
0.593000
0.358000
0.633000
0.639000
0.639000
0.000000
0.612000
0.599000
0.414000
0.545000
0.636000
0.613000
0.000000
0.635000
0.000000
0.282000
0.639000
0.633000
0.637000
0.598000
0.096000
0.000000
0.624000
0.639000
0.610000
0.254000
0.000000
0.618000
0.470000
0.533000
0.636000
0.625000
0.589000
0.488000
0.380000
0.639000
0.629000
0.629000
0.634000
0.636000
0.615000
0.636000
0.612000
0.548000
0.000000
0.000000
0.637000
0.177000
0.638000
0.630000
0.522000
0.370000
0.060000
0.489000
0.531000
0.601000
0.215000
0.002000
0.062000
0.617000
0.000000
0.557000
0.098000
0.638000
0.635000
0.009000
0.639000
0.617000
0.309000
0.605000
0.533000
0.626000
0.000000
0.636000
0.303000
0.000000
0.388000
0.111000
0.524000
0.182000
0.610000
0.305000
0.562000
0.639000
0.487000
0.639000
0.639000
0.638000
0.610000
0.603000
0.547000
0.637000
0.634000
0.606000
0.564000
0.364000
0.315000
0.550000
0.247000
0.604000
0.602000
0.639000
0.639000
0.639000
0.416000
0.592000
0.638000
0.066000
0.260000
0.639000
0.269000
0.639000
0.619000
0.510000
0.639000
0.568000
0.130000
0.638000
0.628000
0.420000
0.627000
0.639000
0.631000
0.571000
0.617000
0.635000
0.639000
0.628000
0.558000
0.284000
0.434000
0.552000
0.435000
0.557000
0.543000
0.021000
0.635000
0.052000
0.033000
0.616000
0.000000
0.629000
0.596000
0.372000
0.634000
0.000000
0.626000
0.156000
0.568000
0.570000
0.597000
0.598000
0.639000
0.633000
0.428000
0.634000
0.629000
0.627000
0.052000
0.576000
0.000000
0.000000
0.639000
0.529000
0.122000
0.000000
0.639000
0.626000
0.460000
0.637000
0.639000
0.635000
0.173000
0.631000
0.569000
