0.652000
0.000000
0.652000
0.652000
0.630000
0.652000
0.443000
0.619000
0.650000
0.647000
0.649000
0.642000
0.308000
0.550000
0.652000
0.632000
0.089000
0.652000
0.647000
0.652000
0.511000
0.293000
0.000000
0.000000
0.059000
0.606000
0.355000
0.648000
0.652000
0.652000
0.000000
0.621000
0.614000
0.431000
0.554000
0.651000
0.632000
0.000000
0.651000
0.000000
0.309000
0.652000
0.645000
0.652000
0.613000
0.088000
0.000000
0.634000
0.652000
0.628000
0.276000
0.000000
0.628000
0.502000
0.550000
0.651000
0.642000
0.610000
0.509000
0.347000
0.651000
0.641000
0.634000
0.650000
0.652000
0.633000
0.649000
0.623000
0.551000
0.000000
0.000000
0.652000
0.171000
0.650000
0.641000
0.547000
0.388000
0.060000
0.513000
0.548000
0.605000
0.182000
0.000000
0.061000
0.633000
0.000000
0.560000
0.087000
0.650000
0.642000
0.007000
0.652000
0.630000
0.306000
0.608000
0.552000
0.647000
0.000000
0.652000
0.321000
0.000000
0.407000
0.103000
0.537000
0.189000
0.624000
0.329000
0.566000
0.652000
0.498000
0.652000
0.652000
0.651000
0.616000
0.606000
0.569000
0.646000
0.642000
0.626000
0.567000
0.360000
0.339000
0.547000
0.241000
0.625000
0.618000
0.652000
0.652000
0.652000
0.424000
0.616000
0.651000
0.063000
0.271000
0.651000
0.271000
0.652000
0.627000
0.530000
0.652000
0.582000
0.147000
0.648000
0.642000
0.446000
0.646000
0.652000
0.651000
0.571000
0.625000
0.651000
0.652000
0.632000
0.572000
0.306000
0.428000
0.571000
0.478000
0.569000
0.568000
0.021000
0.648000
0.044000
0.025000
0.616000
0.000000
0.646000
0.610000
0.424000
0.645000
0.000000
0.638000
0.157000
0.577000
0.589000
0.616000
0.599000
0.652000
0.645000
0.459000
0.645000
0.645000
0.631000
0.063000
0.587000
0.000000
0.000000
0.652000
0.557000
0.115000
0.000000
0.652000
0.640000
0.482000
0.649000
0.652000
0.644000
0.173000
0.636000
0.588000
