0.663000
0.000000
0.661000
0.663000
0.638000
0.663000
0.463000
0.644000
0.663000
0.661000
0.655000
0.659000
0.335000
0.550000
0.663000
0.635000
0.081000
0.663000
0.657000
0.663000
0.506000
0.326000
0.000000
0.000000
0.048000
0.603000
0.376000
0.659000
0.663000
0.663000
0.000000
0.639000
0.625000
0.433000
0.559000
0.663000
0.640000
0.000000
0.659000
0.000000
0.310000
0.663000
0.660000
0.661000
0.623000
0.081000
0.000000
0.650000
0.663000
0.627000
0.279000
0.000000
0.627000
0.520000
0.552000
0.661000
0.644000
0.605000
0.517000
0.367000
0.663000
0.653000
0.649000
0.658000
0.662000
0.649000
0.663000
0.633000
0.561000
0.000000
0.000000
0.663000
0.152000
0.661000
0.659000
0.534000
0.397000
0.070000
0.536000
0.575000
0.610000
0.221000
0.001000
0.078000
0.642000
0.000000
0.571000
0.105000
0.663000
0.658000
0.005000
0.663000
0.630000
0.328000
0.633000
0.554000
0.658000
0.000000
0.662000
0.322000
0.000000
0.429000
0.110000
0.535000
0.180000
0.636000
0.320000
0.575000
0.663000
0.510000
0.663000
0.663000
0.663000
0.630000
0.611000
0.580000
0.655000
0.655000
0.638000
0.587000
0.364000
0.326000
0.564000
0.255000
0.620000
0.624000
0.663000
0.663000
0.663000
0.414000
0.626000
0.662000
0.057000
0.255000
0.663000
0.255000
0.663000
0.630000
0.529000
0.662000
0.592000
0.110000
0.663000
0.655000
0.415000
0.657000
0.663000
0.656000
0.578000
0.634000
0.661000
0.663000
0.645000
0.600000
0.313000
0.451000
0.584000
0.468000
0.600000
0.558000
0.018000
0.661000
0.048000
0.027000
0.621000
0.000000
0.654000
0.621000
0.402000
0.658000
0.000000
0.646000
0.135000
0.571000
0.582000
0.611000
0.610000
0.663000
0.651000
0.451000
0.655000
0.659000
0.642000
0.060000
0.596000
0.000000
0.000000
0.663000
0.555000
0.115000
0.001000
0.663000
0.650000
0.502000
0.658000
0.663000
0.662000
0.152000
0.646000
0.593000
