0.965350
0.630945
0.965315
0.965370
0.962890
0.965370
0.936330
0.962650
0.965325
0.965110
0.965320
0.965170
0.914010
0.952800
0.965360
0.962835
0.839725
0.965375
0.965175
0.965375
0.957365
0.916380
0.959345
0.950370
0.819065
0.959620
0.924110
0.964840
0.965370
0.965350
0.962345
0.962810
0.960795
0.935650
0.954130
0.965315
0.963165
0.965140
0.965290
0.962605
0.913370
0.965360
0.964950
0.965260
0.961070
0.836830
0.958120
0.963595
0.965375
0.961420
0.906970
0.787600
0.962040
0.946275
0.953105
0.965250
0.962940
0.959525
0.948320
0.926250
0.965365
0.964245
0.965375
0.965165
0.965275
0.963100
0.964970
0.962545
0.955035
0.579120
0.910365
0.965370
0.876180
0.965045
0.965090
0.949460
0.924800
0.816455
0.948740
0.955610
0.959595
0.888675
0.661945
0.834625
0.963410
0.638690
0.955165
0.850780
0.965210
0.964805
0.725530
0.965375
0.962350
0.912855
0.961070
0.953245
0.965200
0.864225
0.965335
0.917875
0.965255
0.929850
0.858160
0.952010
0.882790
0.962400
0.918900
0.954175
0.965340
0.947575
0.965375
0.965370
0.965375
0.961790
0.961595
0.955680
0.965375
0.964425
0.962165
0.956855
0.926695
0.919775
0.955000
0.900755
0.961100
0.961710
0.965375
0.965375
0.965375
0.929470
0.961210
0.965370
0.810660
0.905025
0.965360
0.907030
0.965375
0.962300
0.950125
0.965295
0.957470
0.860965
0.965025
0.964030
0.937435
0.964710
0.965375
0.964890
0.956230
0.962380
0.965200
0.965375
0.963345
0.957420
0.913660
0.940120
0.955735
0.941955
0.957330
0.952315
0.758400
0.965200
0.811290
0.783865
0.960615
0.962410
0.964625
0.960085
0.931840
0.964910
0.964640
0.964240
0.874005
0.956150
0.956645
0.961250
0.960430
0.965375
0.964445
0.937910
0.964485
0.964660
0.964750
0.827265
0.957790
0.633165
0.964540
0.965375
0.954035
0.857910
0.629960
0.965375
0.963945
0.944585
0.965065
0.965375
0.965045
0.875460
0.963615
0.957660
