0.965405
0.631825
0.965350
0.965410
0.962660
0.965415
0.936595
0.962665
0.965355
0.965265
0.965330
0.965210
0.914745
0.953175
0.965405
0.963095
0.838585
0.965420
0.965215
0.965420
0.957610
0.917000
0.959520
0.950595
0.817980
0.959910
0.925500
0.964860
0.965420
0.965390
0.962255
0.962800
0.961005
0.936230
0.954385
0.965355
0.963155
0.965195
0.965320
0.962490
0.912960
0.965420
0.965050
0.965325
0.960955
0.836625
0.957790
0.963830
0.965420
0.961885
0.905895
0.787815
0.962260
0.946715
0.952960
0.965275
0.963210
0.959825
0.947920
0.927010
0.965380
0.964250
0.965420
0.965245
0.965280
0.963070
0.965010
0.962670
0.954860
0.580730
0.910555
0.965420
0.875835
0.965035
0.965250
0.949915
0.925005
0.817300
0.948720
0.955925
0.959795
0.886995
0.662720
0.834245
0.963525
0.640905
0.955195
0.850395
0.965235
0.964815
0.723870
0.965420
0.962470
0.913280
0.961340
0.953350
0.965155
0.864400
0.965395
0.916950
0.965290
0.929695
0.857710
0.952555
0.883790
0.962565
0.918760
0.954400
0.965385
0.947405
0.965420
0.965415
0.965420
0.961915
0.961520
0.955555
0.965405
0.964650
0.962220
0.956380
0.925945
0.921130
0.954330
0.901520
0.961325
0.961765
0.965420
0.965420
0.965420
0.929150
0.961075
0.965400
0.810835
0.903925
0.965415
0.905280
0.965420
0.962480
0.949620
0.965325
0.957645
0.861990
0.965125
0.964165
0.937620
0.964725
0.965420
0.964900
0.956255
0.962485
0.965210
0.965420
0.963475
0.957590
0.913065
0.939460
0.956065
0.942125
0.957615
0.952265
0.758985
0.965195
0.812350
0.784280
0.960720
0.962315
0.964685
0.960490
0.931870
0.964875
0.964685
0.964220
0.872445
0.955950
0.957005
0.960805
0.960385
0.965420
0.964470
0.938075
0.964575
0.964635
0.964735
0.827040
0.957850
0.631915
0.964735
0.965420
0.954020
0.856840
0.627995
0.965420
0.963985
0.944640
0.965160
0.965420
0.965035
0.874290
0.963905
0.957915
