0.965580
0.631945
0.965505
0.965570
0.963040
0.965565
0.936255
0.963165
0.965505
0.965350
0.965510
0.965360
0.914460
0.953055
0.965570
0.963035
0.839080
0.965590
0.965415
0.965590
0.957710
0.916940
0.959565
0.950700
0.817545
0.960510
0.925315
0.965020
0.965585
0.965575
0.962445
0.963020
0.961095
0.935825
0.954595
0.965465
0.963550
0.965345
0.965470
0.962550
0.913870
0.965580
0.965195
0.965460
0.961315
0.837385
0.958060
0.963915
0.965590
0.961975
0.906555
0.787795
0.962465
0.947030
0.953150
0.965420
0.963350
0.960320
0.948510
0.926555
0.965565
0.964350
0.965590
0.965420
0.965490
0.963330
0.965200
0.962765
0.955205
0.580825
0.910710
0.965590
0.877560
0.965170
0.965350
0.950030
0.925465
0.816930
0.949405
0.955430
0.959665
0.888155
0.661190
0.834195
0.963540
0.639930
0.955880
0.849735
0.965415
0.965030
0.725580
0.965590
0.962535
0.913135
0.961465
0.953560
0.965290
0.864580
0.965545
0.917175
0.965430
0.930295
0.857335
0.952695
0.884325
0.962770
0.919195
0.954290
0.965580
0.947475
0.965590
0.965580
0.965590
0.962040
0.961495
0.955740
0.965570
0.964765
0.962465
0.956810
0.925885
0.921640
0.955270
0.902630
0.961350
0.961570
0.965590
0.965590
0.965590
0.929725
0.961465
0.965585
0.810660
0.904580
0.965575
0.906240
0.965590
0.962830
0.950215
0.965525
0.957480
0.862540
0.965290
0.964390
0.937590
0.964850
0.965590
0.965105
0.956630
0.962650
0.965380
0.965590
0.963620
0.957945
0.914020
0.940035
0.956320
0.942680
0.957860
0.952770
0.756660
0.965400
0.812025
0.783000
0.960890
0.962615
0.964840
0.960780
0.930980
0.965055
0.964840
0.964400
0.873270
0.956495
0.957225
0.961085
0.960515
0.965590
0.964660
0.937980
0.964815
0.964840
0.964950
0.825620
0.958110
0.632770
0.964730
0.965590
0.953595
0.854615
0.626215
0.965585
0.964035
0.944015
0.965280
0.965590
0.965180
0.873175
0.963995
0.957815
