0.965230
0.634610
0.965200
0.965240
0.962785
0.965230
0.936950
0.962645
0.965195
0.965035
0.965170
0.965080
0.914125
0.952930
0.965235
0.962650
0.838240
0.965250
0.965030
0.965250
0.956730
0.916515
0.959215
0.950500
0.818275
0.959610
0.924890
0.964670
0.965250
0.965220
0.962240
0.962820
0.960605
0.935670
0.953870
0.965165
0.963165
0.965055
0.965175
0.962420
0.912890
0.965250
0.964860
0.965110
0.960940
0.836845
0.957585
0.963610
0.965250
0.961455
0.905600
0.786040
0.961965
0.946710
0.952965
0.965095
0.962850
0.959705
0.947675
0.926415
0.965240
0.964085
0.965250
0.965005
0.965140
0.963105
0.964880
0.962435
0.954685
0.581940
0.910640
0.965250
0.875520
0.964840
0.964955
0.949215
0.925095
0.818040
0.948710
0.955425
0.959500
0.887970
0.661620
0.835395
0.963305
0.639675
0.955300
0.850665
0.965100
0.964685
0.722970
0.965250
0.962120
0.912765
0.961595
0.953500
0.965095
0.865030
0.965200
0.916930
0.965125
0.929280
0.856105
0.952245
0.883945
0.962550
0.919230
0.954635
0.965235
0.947330
0.965250
0.965245
0.965250
0.961855
0.961370
0.955325
0.965240
0.964315
0.961985
0.956400
0.924915
0.920765
0.954165
0.902415
0.960950
0.961625
0.965250
0.965250
0.965250
0.929845
0.961145
0.965240
0.811745
0.904315
0.965225
0.905265
0.965250
0.962245
0.949805
0.965145
0.957435
0.861315
0.964900
0.963935
0.937305
0.964550
0.965250
0.964710
0.956025
0.962145
0.965035
0.965250
0.963365
0.957490
0.912685
0.939570
0.956050
0.941880
0.957440
0.951875
0.758005
0.965020
0.810875
0.783310
0.960785
0.962060
0.964590
0.960135
0.932150
0.964805
0.964590
0.964110
0.873150
0.956295
0.956820
0.960925
0.960285
0.965250
0.964245
0.937870
0.964300
0.964635
0.964635
0.825740
0.957835
0.633395
0.964485
0.965250
0.953715
0.856785
0.628450
0.965250
0.963615
0.944555
0.965000
0.965250
0.964865
0.874680
0.963845
0.957670
