0.965380
0.634140
0.965305
0.965390
0.962870
0.965385
0.937275
0.962820
0.965345
0.965135
0.965295
0.965150
0.914270
0.952855
0.965380
0.962725
0.839240
0.965390
0.965190
0.965390
0.957350
0.917480
0.959250
0.950590
0.817365
0.959885
0.924725
0.964845
0.965380
0.965355
0.962240
0.962835
0.960880
0.935220
0.954070
0.965280
0.963425
0.965135
0.965285
0.962540
0.912660
0.965375
0.964975
0.965225
0.961270
0.837290
0.957905
0.963635
0.965390
0.961845
0.905070
0.788455
0.962120
0.946750
0.952860
0.965245
0.963020
0.959755
0.948465
0.926660
0.965365
0.964110
0.965390
0.965185
0.965270
0.963305
0.965010
0.962625
0.954450
0.580070
0.910085
0.965380
0.875120
0.965020
0.965065
0.949550
0.924770
0.816430
0.949440
0.955765
0.959745
0.888275
0.662605
0.834555
0.963410
0.639475
0.955300
0.850535
0.965240
0.964760
0.726305
0.965390
0.962325
0.912910
0.961300
0.953380
0.965180
0.864300
0.965350
0.917285
0.965270
0.929940
0.857290
0.952270
0.883015
0.962250
0.918055
0.954565
0.965370
0.947625
0.965390
0.965390
0.965390
0.961760
0.961200
0.955735
0.965380
0.964495
0.962175
0.956850
0.926350
0.920565
0.955270
0.901465
0.960760
0.961670
0.965390
0.965390
0.965390
0.929190
0.961010
0.965365
0.808195
0.904165
0.965385
0.905620
0.965380
0.962730
0.949710
0.965320
0.957800
0.861255
0.965085
0.964055
0.937180
0.964540
0.965390
0.964835
0.956415
0.962295
0.965165
0.965390
0.963470
0.957320
0.912925
0.940060
0.955910
0.942330
0.957265
0.952220
0.757750
0.965250
0.810175
0.784405
0.960950
0.962330
0.964580
0.960645
0.931470
0.964855
0.964625
0.964265
0.872555
0.956105
0.957075
0.960860
0.960695
0.965390
0.964440
0.938170
0.964460
0.964570
0.964630
0.825280
0.957910
0.633120
0.964550
0.965390
0.953525
0.856835
0.628650
0.965390
0.963995
0.945000
0.965135
0.965390
0.965115
0.873685
0.963805
0.957905
