0.965720
0.632645
0.965670
0.965735
0.962970
0.965740
0.937220
0.963215
0.965660
0.965485
0.965700
0.965495
0.914320
0.953780
0.965720
0.963390
0.839120
0.965740
0.965495
0.965740
0.957750
0.917870
0.959950
0.950940
0.819560
0.959955
0.924795
0.965235
0.965730
0.965715
0.962680
0.963280
0.960885
0.935625
0.954560
0.965665
0.963680
0.965520
0.965670
0.962915
0.912905
0.965720
0.965265
0.965590
0.961105
0.838085
0.957995
0.964050
0.965740
0.962260
0.905920
0.787135
0.962610
0.947620
0.953800
0.965550
0.963135
0.960080
0.948495
0.927315
0.965730
0.964480
0.965740
0.965535
0.965625
0.963510
0.965365
0.963000
0.954925
0.581270
0.912215
0.965735
0.875890
0.965380
0.965470
0.949425
0.925030
0.818030
0.949180
0.956095
0.960175
0.887825
0.662930
0.834490
0.963610
0.638915
0.955700
0.850710
0.965545
0.965175
0.725405
0.965740
0.962655
0.913110
0.962045
0.953555
0.965570
0.865700
0.965705
0.917670
0.965630
0.929915
0.857545
0.952620
0.883305
0.962880
0.919510
0.954725
0.965710
0.947835
0.965740
0.965730
0.965740
0.962305
0.962005
0.955990
0.965730
0.964915
0.962455
0.956830
0.925895
0.920245
0.955090
0.902200
0.961120
0.961820
0.965740
0.965740
0.965740
0.929845
0.961470
0.965730
0.809205
0.904505
0.965725
0.906745
0.965735
0.962745
0.950625
0.965675
0.957585
0.862225
0.965465
0.964540
0.937670
0.964985
0.965740
0.965245
0.956795
0.962930
0.965510
0.965735
0.963780
0.958325
0.913565
0.939975
0.955990
0.942240
0.958170
0.952235
0.758845
0.965530
0.811490
0.785625
0.961340
0.962640
0.965010
0.960775
0.931475
0.965290
0.965010
0.964565
0.873615
0.956400
0.957155
0.961165
0.960950
0.965740
0.964855
0.937995
0.964745
0.964895
0.964955
0.826720
0.957955
0.631180
0.964935
0.965740
0.953800
0.857110
0.628205
0.965740
0.964280
0.944295
0.965540
0.965735
0.965330
0.873560
0.964210
0.958210
