0.965200
0.632665
0.965170
0.965210
0.962465
0.965195
0.936935
0.962580
0.965190
0.964995
0.965150
0.964960
0.915330
0.953385
0.965195
0.962400
0.839890
0.965215
0.965030
0.965215
0.956855
0.916345
0.959320
0.950135
0.817835
0.959665
0.925450
0.964650
0.965205
0.965210
0.962205
0.962700
0.960560
0.936370
0.953455
0.965125
0.963040
0.964910
0.965115
0.962335
0.913945
0.965195
0.964865
0.965085
0.960720
0.836585
0.957805
0.963600
0.965215
0.961675
0.906250
0.788290
0.961870
0.946170
0.952795
0.965020
0.962965
0.959600
0.947890
0.926265
0.965205
0.964055
0.965215
0.964995
0.965115
0.963115
0.964850
0.962410
0.954080
0.579210
0.910250
0.965210
0.875120
0.964840
0.964960
0.949610
0.924835
0.817820
0.948745
0.955585
0.959400
0.887700
0.661835
0.835360
0.963135
0.638555
0.955155
0.849730
0.965065
0.964630
0.725150
0.965215
0.961845
0.913835
0.961295
0.953170
0.964965
0.864455
0.965185
0.917175
0.965090
0.930560
0.857505
0.952360
0.883190
0.962340
0.918660
0.954070
0.965205
0.947125
0.965215
0.965210
0.965215
0.961800
0.961320
0.955240
0.965215
0.964360
0.962100
0.956300
0.926130
0.921235
0.954465
0.900830
0.960475
0.961410
0.965215
0.965215
0.965215
0.929635
0.961105
0.965210
0.809860
0.904520
0.965190
0.905170
0.965215
0.962500
0.949955
0.965155
0.957110
0.860660
0.964830
0.963960
0.937290
0.964445
0.965215
0.964805
0.956030
0.962290
0.964980
0.965215
0.963330
0.957180
0.913625
0.939460
0.955625
0.942090
0.957075
0.952435
0.757845
0.965070
0.810845
0.783840
0.960720
0.961950
0.964430
0.960075
0.931455
0.964740
0.964545
0.964125
0.872650
0.956385
0.956755
0.961000
0.960365
0.965210
0.964345
0.937515
0.964225
0.964485
0.964615
0.826005
0.957640
0.631985
0.964445
0.965215
0.953800
0.854915
0.627795
0.965215
0.963720
0.944635
0.964945
0.965215
0.964835
0.872555
0.963575
0.957550
