0.965675
0.631125
0.965635
0.965680
0.963090
0.965670
0.937200
0.963395
0.965630
0.965495
0.965630
0.965460
0.914890
0.953565
0.965675
0.963140
0.838910
0.965680
0.965365
0.965680
0.957630
0.917225
0.959820
0.950570
0.818645
0.960080
0.926270
0.965110
0.965680
0.965630
0.962715
0.963220
0.961035
0.936325
0.954195
0.965630
0.963540
0.965410
0.965610
0.962780
0.913850
0.965675
0.965345
0.965555
0.961120
0.838405
0.957860
0.964030
0.965680
0.962055
0.905745
0.789590
0.962315
0.946710
0.953220
0.965500
0.963450
0.960225
0.948505
0.926475
0.965650
0.964535
0.965680
0.965545
0.965610
0.963680
0.965245
0.962955
0.954890
0.580245
0.911160
0.965680
0.876530
0.965250
0.965460
0.949800
0.925265
0.817695
0.949200
0.956475
0.960120
0.886800
0.662955
0.834310
0.963635
0.639215
0.955685
0.849320
0.965485
0.965065
0.726710
0.965680
0.962565
0.913770
0.961525
0.953800
0.965500
0.865110
0.965650
0.917525
0.965525
0.929710
0.857240
0.952660
0.885065
0.962810
0.919100
0.954705
0.965665
0.947840
0.965680
0.965675
0.965680
0.962280
0.961660
0.956005
0.965675
0.964900
0.962355
0.956985
0.926085
0.921430
0.954810
0.901910
0.961310
0.961815
0.965680
0.965680
0.965680
0.929745
0.961680
0.965680
0.810040
0.905400
0.965660
0.905435
0.965680
0.962805
0.950340
0.965600
0.957885
0.861825
0.965385
0.964415
0.937100
0.964870
0.965680
0.965250
0.956210
0.962820
0.965455
0.965680
0.963730
0.957775
0.913890
0.939520
0.955985
0.942320
0.957800
0.952265
0.757320
0.965515
0.811050
0.784665
0.960850
0.962795
0.964895
0.960275
0.932290
0.965170
0.964875
0.964655
0.874430
0.956530
0.957275
0.961370
0.960800
0.965680
0.964745
0.938440
0.964820
0.965010
0.965080
0.826110
0.958320
0.634090
0.964885
0.965680
0.953860
0.856785
0.629830
0.965680
0.964145
0.944950
0.965380
0.965680
0.965365
0.873150
0.964140
0.958220
