0.964645
0.630130
0.964620
0.964660
0.962260
0.964655
0.936110
0.962015
0.964595
0.964425
0.964585
0.964485
0.913635
0.952290
0.964650
0.962200
0.836655
0.964660
0.964420
0.964660
0.956805
0.915380
0.958725
0.949840
0.817690
0.959215
0.924355
0.964070
0.964660
0.964620
0.961590
0.962145
0.960035
0.934770
0.953180
0.964535
0.962605
0.964485
0.964580
0.961995
0.912375
0.964655
0.964205
0.964550
0.960495
0.836435
0.957030
0.963050
0.964660
0.960815
0.905235
0.787440
0.961635
0.945830
0.951855
0.964485
0.962290
0.959205
0.948005
0.925775
0.964645
0.963380
0.964660
0.964470
0.964565
0.962490
0.964215
0.961880
0.953600
0.579445
0.910155
0.964655
0.875020
0.964320
0.964415
0.948720
0.924545
0.818365
0.947675
0.955270
0.958935
0.887665
0.661870
0.833775
0.962585
0.638655
0.954815
0.849305
0.964440
0.964100
0.724825
0.964660
0.961685
0.912370
0.960525
0.952635
0.964480
0.865010
0.964615
0.915905
0.964555
0.929225
0.855105
0.951380
0.882260
0.961775
0.918150
0.953620
0.964635
0.946730
0.964660
0.964645
0.964660
0.961230
0.960700
0.954680
0.964655
0.963850
0.961455
0.955990
0.925080
0.919615
0.953570
0.900910
0.960290
0.960885
0.964660
0.964655
0.964660
0.928715
0.960585
0.964655
0.809585
0.903315
0.964650
0.905065
0.964645
0.961840
0.949475
0.964575
0.956470
0.860850
0.964360
0.963370
0.936275
0.963970
0.964660
0.964190
0.955825
0.961895
0.964470
0.964660
0.962710
0.956890
0.912455
0.938625
0.955120
0.940895
0.956865
0.951410
0.756665
0.964500
0.810675
0.782935
0.960120
0.961570
0.963910
0.959525
0.930485
0.964245
0.963975
0.963560
0.871760
0.955805
0.956510
0.960110
0.959580
0.964660
0.963740
0.937220
0.963730
0.963750
0.963940
0.825560
0.957160
0.631235
0.963805
0.964660
0.952750
0.854655
0.628990
0.964660
0.963165
0.943665
0.964440
0.964660
0.964330
0.872405
0.963250
0.957060
