0.965970
0.632925
0.965905
0.965980
0.963495
0.965975
0.937210
0.963330
0.965930
0.965745
0.965915
0.965770
0.915155
0.953895
0.965965
0.963355
0.840185
0.965980
0.965790
0.965980
0.958085
0.918035
0.960170
0.951150
0.817890
0.960285
0.924665
0.965395
0.965975
0.965975
0.963225
0.963345
0.961410
0.936780
0.954680
0.965885
0.964150
0.965775
0.965820
0.963080
0.913025
0.965970
0.965575
0.965835
0.961740
0.838835
0.958370
0.964240
0.965980
0.962265
0.906525
0.786690
0.962740
0.947085
0.953745
0.965800
0.963720
0.960190
0.949415
0.928160
0.965950
0.964690
0.965980
0.965780
0.965900
0.963630
0.965575
0.963075
0.955330
0.580925
0.910870
0.965980
0.877120
0.965560
0.965720
0.950510
0.925365
0.818450
0.949295
0.956255
0.960175
0.888850
0.663320
0.836020
0.963885
0.638785
0.955955
0.850230
0.965815
0.965440
0.724775
0.965980
0.962870
0.913760
0.962010
0.953880
0.965740
0.866160
0.965955
0.917955
0.965860
0.930050
0.858275
0.952760
0.883140
0.963110
0.919755
0.955275
0.965955
0.948125
0.965980
0.965975
0.965980
0.962590
0.961990
0.956240
0.965980
0.965090
0.962720
0.957120
0.926540
0.920610
0.955215
0.902380
0.961795
0.962010
0.965980
0.965980
0.965980
0.930405
0.961790
0.965975
0.810320
0.905355
0.965980
0.905540
0.965980
0.963085
0.950420
0.965895
0.957890
0.861455
0.965615
0.964835
0.937795
0.965060
0.965980
0.965430
0.956995
0.962970
0.965795
0.965980
0.964035
0.958140
0.913215
0.940530
0.956855
0.942790
0.958055
0.952290
0.758105
0.965740
0.811880
0.784015
0.961245
0.963075
0.965290
0.960960
0.931930
0.965380
0.965285
0.964805
0.874110
0.956730
0.957540
0.961585
0.961020
0.965980
0.965050
0.938920
0.965010
0.965230
0.965305
0.826565
0.957880
0.632515
0.965185
0.965975
0.954110
0.856095
0.628670
0.965980
0.964310
0.945500
0.965670
0.965980
0.965610
0.874140
0.964300
0.958310
