0.964970
0.631170
0.964935
0.964990
0.962450
0.965000
0.936965
0.962320
0.964940
0.964745
0.964925
0.964740
0.914735
0.952575
0.964980
0.962470
0.838545
0.965000
0.964780
0.965000
0.957285
0.917215
0.959215
0.950005
0.818265
0.959595
0.924140
0.964375
0.965000
0.964970
0.961985
0.962505
0.960565
0.935410
0.953830
0.964960
0.962835
0.964735
0.964885
0.962225
0.912930
0.964995
0.964630
0.964820
0.960810
0.836905
0.957395
0.963180
0.965000
0.961185
0.905535
0.787165
0.961720
0.946290
0.953080
0.964830
0.962570
0.959455
0.948480
0.926480
0.964995
0.963665
0.965000
0.964810
0.964935
0.962845
0.964635
0.962365
0.954235
0.580445
0.909880
0.965000
0.874565
0.964585
0.964740
0.949165
0.924325
0.814940
0.948700
0.955095
0.958795
0.887875
0.661555
0.834965
0.962900
0.639590
0.955045
0.849970
0.964785
0.964420
0.724465
0.965000
0.961670
0.913510
0.961080
0.952820
0.964745
0.864145
0.964975
0.916390
0.964900
0.929415
0.858240
0.952010
0.882375
0.962025
0.918780
0.954245
0.964965
0.946970
0.965000
0.965000
0.965000
0.961585
0.961225
0.955425
0.964995
0.964170
0.961600
0.956475
0.925390
0.920235
0.953815
0.901840
0.960650
0.961255
0.965000
0.965000
0.965000
0.928885
0.960770
0.964990
0.809985
0.903790
0.964980
0.906220
0.965000
0.962180
0.950020
0.964940
0.957040
0.860640
0.964585
0.963720
0.937330
0.964190
0.965000
0.964510
0.955760
0.962230
0.964775
0.965000
0.962900
0.957425
0.913035
0.939410
0.955820
0.941895
0.957370
0.951705
0.759025
0.964815
0.811845
0.784435
0.960740
0.962065
0.964150
0.959755
0.931145
0.964460
0.964280
0.963875
0.872705
0.955890
0.956700
0.960470
0.960285
0.965000
0.964015
0.938060
0.964040
0.964275
0.964405
0.826000
0.957175
0.631720
0.964295
0.965000
0.953540
0.855880
0.629105
0.965000
0.963445
0.944315
0.964765
0.965000
0.964590
0.873115
0.963500
0.957295
