0.965040
0.632070
0.965015
0.965055
0.962570
0.965050
0.937060
0.962345
0.964995
0.964825
0.964955
0.964875
0.914200
0.952735
0.965050
0.962625
0.838505
0.965060
0.964875
0.965060
0.956735
0.916290
0.959095
0.950125
0.817810
0.959475
0.923725
0.964500
0.965050
0.965020
0.962055
0.962525
0.960165
0.935135
0.953630
0.964990
0.962975
0.964845
0.964945
0.962580
0.913140
0.965040
0.964650
0.964940
0.960465
0.838410
0.957235
0.963465
0.965060
0.961445
0.905455
0.786940
0.961655
0.946295
0.952590
0.964875
0.962800
0.959460
0.947840
0.926010
0.965035
0.963895
0.965060
0.964835
0.964945
0.962805
0.964715
0.962255
0.954130
0.580070
0.910370
0.965060
0.875910
0.964630
0.964735
0.949435
0.924660
0.816980
0.948230
0.955435
0.959125
0.887165
0.660595
0.834410
0.963060
0.639590
0.954575
0.847720
0.964795
0.964440
0.724715
0.965060
0.961730
0.912935
0.961110
0.952900
0.964805
0.863845
0.965025
0.916790
0.964965
0.929490
0.856995
0.952440
0.884185
0.962420
0.918390
0.953990
0.965045
0.946610
0.965060
0.965055
0.965060
0.961595
0.961200
0.955215
0.965045
0.964135
0.961990
0.956435
0.925330
0.920715
0.954425
0.901525
0.960755
0.961370
0.965060
0.965060
0.965060
0.928820
0.960850
0.965045
0.809210
0.904125
0.965040
0.904475
0.965060
0.962065
0.949650
0.964950
0.957370
0.862145
0.964830
0.963830
0.936980
0.964210
0.965060
0.964485
0.956240
0.962170
0.964885
0.965060
0.963100
0.957350
0.912905
0.939280
0.955600
0.941135
0.957330
0.951535
0.757000
0.964825
0.811325
0.785210
0.960700
0.962055
0.964330
0.959935
0.930835
0.964545
0.964325
0.963955
0.872920
0.955555
0.957230
0.960820
0.960545
0.965060
0.964115
0.938145
0.964030
0.964325
0.964525
0.827560
0.958015
0.634150
0.964465
0.965060
0.953590
0.855775
0.626650
0.965060
0.963620
0.944245
0.964850
0.965060
0.964655
0.873285
0.963395
0.957755
