0.965155
0.631200
0.965115
0.965175
0.962830
0.965170
0.936900
0.962745
0.965135
0.964945
0.965080
0.964960
0.913965
0.953295
0.965180
0.962820
0.839840
0.965180
0.965015
0.965180
0.957040
0.916475
0.959095
0.950395
0.818805
0.959285
0.924910
0.964575
0.965170
0.965160
0.962035
0.962580
0.960530
0.935745
0.953915
0.965070
0.963055
0.964960
0.965115
0.962215
0.913320
0.965160
0.964740
0.964980
0.960740
0.838460
0.957290
0.963555
0.965180
0.961670
0.904970
0.787155
0.962060
0.946720
0.952640
0.965040
0.962935
0.959920
0.948400
0.926385
0.965150
0.963945
0.965180
0.965015
0.965140
0.962970
0.964845
0.962420
0.954170
0.577755
0.910385
0.965180
0.876560
0.964735
0.964900
0.949210
0.923670
0.817280
0.948905
0.955240
0.959470
0.888855
0.662655
0.834770
0.963015
0.638540
0.955210
0.849205
0.964990
0.964515
0.724590
0.965180
0.962120
0.912675
0.961125
0.953260
0.964995
0.864075
0.965145
0.917115
0.965085
0.929475
0.856880
0.952295
0.884465
0.962345
0.918795
0.953785
0.965165
0.946850
0.965180
0.965175
0.965180
0.961645
0.961225
0.955400
0.965155
0.964425
0.961965
0.956465
0.926145
0.920790
0.954255
0.902955
0.960765
0.961445
0.965180
0.965180
0.965180
0.929090
0.961040
0.965165
0.808190
0.904200
0.965170
0.904555
0.965175
0.962230
0.949660
0.965140
0.957245
0.860870
0.964885
0.964080
0.936690
0.964415
0.965180
0.964655
0.956140
0.962255
0.964915
0.965180
0.963170
0.957470
0.913330
0.940275
0.955945
0.941980
0.957480
0.952165
0.757750
0.965050
0.809810
0.783105
0.960600
0.962140
0.964465
0.960335
0.931785
0.964620
0.964435
0.964060
0.872775
0.955950
0.956925
0.960475
0.960380
0.965180
0.964230
0.937750
0.964315
0.964455
0.964455
0.826405
0.957920
0.632250
0.964395
0.965180
0.954030
0.855245
0.629195
0.965180
0.963635
0.944790
0.964920
0.965180
0.964860
0.872775
0.963570
0.957530
