0.965560
0.632175
0.965525
0.965575
0.962975
0.965580
0.937045
0.963105
0.965510
0.965390
0.965490
0.965310
0.914915
0.953210
0.965570
0.962930
0.837720
0.965580
0.965350
0.965580
0.958110
0.916960
0.959545
0.950640
0.818710
0.959880
0.925245
0.965025
0.965575
0.965555
0.962445
0.962845
0.960950
0.935895
0.953815
0.965490
0.963500
0.965355
0.965440
0.962815
0.913575
0.965545
0.965210
0.965445
0.961400
0.839450
0.957685
0.963860
0.965580
0.962150
0.905115
0.788030
0.962280
0.946940
0.953070
0.965420
0.963355
0.960085
0.948280
0.926160
0.965560
0.964345
0.965580
0.965335
0.965480
0.963325
0.965215
0.962915
0.954810
0.579140
0.911045
0.965575
0.875760
0.965160
0.965330
0.949605
0.925070
0.819595
0.948850
0.955765
0.959880
0.888750
0.661775
0.834455
0.963485
0.639370
0.955955
0.849740
0.965420
0.964930
0.725900
0.965580
0.962310
0.913810
0.961810
0.953985
0.965335
0.864510
0.965530
0.916915
0.965460
0.929725
0.857655
0.952360
0.883740
0.962615
0.919000
0.954910
0.965570
0.947585
0.965580
0.965580
0.965580
0.962140
0.961490
0.955745
0.965575
0.964765
0.962345
0.956955
0.926090
0.920900
0.954970
0.903025
0.961530
0.961765
0.965580
0.965580
0.965575
0.930545
0.961460
0.965575
0.809665
0.904215
0.965565
0.905370
0.965565
0.962820
0.949865
0.965495
0.957600
0.861450
0.965170
0.964430
0.937055
0.964765
0.965580
0.965055
0.956750
0.962875
0.965380
0.965580
0.963690
0.957970
0.913300
0.940205
0.955950
0.941840
0.957880
0.951970
0.757675
0.965395
0.811210
0.784235
0.961025
0.962520
0.964865
0.960280
0.931890
0.965075
0.964925
0.964460
0.872680
0.956365
0.957095
0.961035
0.960660
0.965580
0.964590
0.938600
0.964640
0.964885
0.964850
0.825830
0.958015
0.633125
0.964845
0.965580
0.954030
0.857305
0.628370
0.965575
0.964015
0.944655
0.965315
0.965580
0.965240
0.874205
0.963985
0.958065
