0.965855
0.634120
0.965800
0.965855
0.963260
0.965870
0.937255
0.963415
0.965795
0.965585
0.965795
0.965615
0.914915
0.953535
0.965860
0.963315
0.838370
0.965870
0.965720
0.965870
0.957510
0.916815
0.959830
0.950610
0.819225
0.960485
0.924800
0.965300
0.965870
0.965835
0.962965
0.963400
0.961085
0.936455
0.954385
0.965785
0.963785
0.965700
0.965780
0.963070
0.913985
0.965860
0.965510
0.965745
0.961540
0.838260
0.958510
0.964115
0.965870
0.962355
0.905405
0.788355
0.962450
0.947315
0.953670
0.965770
0.963580
0.960270
0.948740
0.927270
0.965850
0.964700
0.965870
0.965685
0.965765
0.963580
0.965470
0.963310
0.955190
0.579845
0.910510
0.965870
0.876095
0.965425
0.965560
0.949665
0.925950
0.817870
0.949045
0.956085
0.960040
0.888860
0.661025
0.835700
0.963830
0.640685
0.955860
0.850345
0.965665
0.965270
0.725165
0.965870
0.962615
0.913605
0.961550
0.954365
0.965720
0.866075
0.965835
0.917395
0.965785
0.930775
0.857695
0.953355
0.884615
0.963160
0.919135
0.954930
0.965835
0.948020
0.965870
0.965870
0.965870
0.962460
0.961885
0.955920
0.965865
0.964960
0.962445
0.957220
0.926765
0.921875
0.955165
0.902560
0.961800
0.962040
0.965870
0.965870
0.965870
0.930020
0.961730
0.965860
0.810485
0.905585
0.965845
0.905600
0.965870
0.962980
0.950380
0.965805
0.958060
0.861610
0.965550
0.964570
0.938055
0.965065
0.965870
0.965390
0.956560
0.963305
0.965630
0.965870
0.963745
0.958040
0.913805
0.940590
0.956470
0.942400
0.957790
0.952580
0.758140
0.965690
0.810925
0.784665
0.961160
0.962750
0.965175
0.960540
0.932515
0.965310
0.965070
0.964775
0.874145
0.956500
0.957290
0.961325
0.960750
0.965870
0.965005
0.938520
0.965005
0.965120
0.965115
0.827030
0.958750
0.631980
0.965125
0.965865
0.954475
0.856945
0.628375
0.965870
0.964165
0.945710
0.965605
0.965870
0.965525
0.873650
0.964320
0.958270
