0.965690
0.632020
0.965675
0.965685
0.963255
0.965700
0.936915
0.963255
0.965675
0.965460
0.965650
0.965460
0.915745
0.953405
0.965685
0.963150
0.839470
0.965705
0.965500
0.965705
0.958040
0.917540
0.960025
0.950565
0.819305
0.960010
0.925410
0.965265
0.965705
0.965685
0.962760
0.963155
0.960975
0.936195
0.954000
0.965635
0.963560
0.965490
0.965560
0.962950
0.913070
0.965695
0.965350
0.965550
0.961285
0.836465
0.957830
0.964010
0.965705
0.961950
0.906780
0.787970
0.962280
0.946810
0.953540
0.965580
0.963355
0.960365
0.948765
0.926590
0.965690
0.964600
0.965705
0.965440
0.965585
0.963340
0.965360
0.962905
0.954730
0.579235
0.910140
0.965705
0.875190
0.965410
0.965480
0.949860
0.925185
0.816830
0.949050
0.956165
0.959720
0.888205
0.661845
0.835415
0.963540
0.639735
0.955680
0.849630
0.965495
0.964980
0.725890
0.965705
0.962305
0.914300
0.961570
0.953780
0.965485
0.865185
0.965670
0.916895
0.965595
0.929380
0.856730
0.952590
0.881910
0.962825
0.919705
0.954690
0.965685
0.947615
0.965705
0.965690
0.965705
0.962135
0.961970
0.956025
0.965695
0.964970
0.962595
0.957100
0.925270
0.921225
0.954655
0.902210
0.961215
0.962005
0.965705
0.965705
0.965705
0.930040
0.961480
0.965690
0.811055
0.904870
0.965685
0.905880
0.965705
0.962890
0.950385
0.965625
0.957735
0.860375
0.965395
0.964325
0.937600
0.965000
0.965705
0.965125
0.956560
0.962750
0.965505
0.965705
0.963785
0.958325
0.912795
0.939320
0.956110
0.942475
0.958280
0.952310
0.756550
0.965500
0.811820
0.783670
0.961210
0.962675
0.964960
0.960640
0.931475
0.965145
0.964955
0.964630
0.874115
0.956105
0.957265
0.961245
0.961000
0.965705
0.964630
0.938415
0.964780
0.964950
0.965040
0.826080
0.958165
0.633705
0.964850
0.965705
0.954255
0.857700
0.629465
0.965705
0.964195
0.945125
0.965470
0.965705
0.965335
0.874640
0.964000
0.958430
