0.965375
0.632760
0.965335
0.965365
0.962790
0.965360
0.936545
0.962655
0.965315
0.965110
0.965345
0.965140
0.914330
0.952815
0.965355
0.963035
0.838385
0.965375
0.965170
0.965375
0.957545
0.916820
0.959365
0.951015
0.818260
0.959545
0.925160
0.964740
0.965365
0.965335
0.962190
0.963075
0.960860
0.935340
0.954255
0.965300
0.963225
0.965120
0.965265
0.962545
0.912240
0.965355
0.965075
0.965250
0.960925
0.838165
0.957480
0.963655
0.965375
0.961735
0.905470
0.786840
0.962105
0.946575
0.952460
0.965180
0.962905
0.959800
0.948370
0.926525
0.965375
0.964090
0.965375
0.965195
0.965270
0.962995
0.965055
0.962760
0.954865
0.579915
0.911010
0.965360
0.874750
0.965035
0.965085
0.950260
0.924935
0.818340
0.948585
0.955370
0.959760
0.886970
0.661120
0.834475
0.963340
0.637865
0.955445
0.849930
0.965240
0.964850
0.724285
0.965375
0.962310
0.912915
0.961220
0.953645
0.965165
0.864165
0.965335
0.917160
0.965285
0.929665
0.858340
0.952295
0.883500
0.962615
0.918320
0.954570
0.965355
0.947565
0.965375
0.965370
0.965375
0.961950
0.961375
0.955335
0.965370
0.964485
0.962015
0.956695
0.925900
0.919615
0.954390
0.902055
0.961095
0.961730
0.965375
0.965375
0.965375
0.930415
0.960985
0.965365
0.809215
0.903500
0.965360
0.905635
0.965370
0.962425
0.949950
0.965300
0.957725
0.862335
0.965085
0.964155
0.937460
0.964630
0.965375
0.964860
0.956685
0.962675
0.965170
0.965370
0.963560
0.957495
0.912520
0.939375
0.955900
0.941995
0.957465
0.952075
0.759770
0.965170
0.810270
0.783310
0.960675
0.962250
0.964725
0.960170
0.931315
0.964880
0.964640
0.964345
0.872910
0.956085
0.956950
0.960775
0.960345
0.965375
0.964340
0.938335
0.964505
0.964665
0.964790
0.826305
0.957925
0.634385
0.964625
0.965375
0.953960
0.856160
0.628150
0.965375
0.963865
0.945015
0.965110
0.965375
0.965015
0.873905
0.963720
0.957885
