0.965110
0.633530
0.965075
0.965120
0.962520
0.965125
0.937180
0.962650
0.965085
0.964950
0.965065
0.964925
0.914575
0.953240
0.965115
0.962470
0.838655
0.965130
0.964900
0.965130
0.957120
0.917000
0.959645
0.950405
0.818385
0.959370
0.924685
0.964505
0.965130
0.965110
0.962080
0.962515
0.960465
0.936300
0.953530
0.965040
0.963055
0.964900
0.965065
0.962135
0.912495
0.965115
0.964705
0.964945
0.960715
0.837380
0.957350
0.963460
0.965130
0.961380
0.906060
0.788500
0.961860
0.946380
0.952770
0.964955
0.962805
0.959365
0.947580
0.926350
0.965120
0.963855
0.965130
0.964930
0.965025
0.962965
0.964715
0.962470
0.954465
0.579850
0.911175
0.965130
0.874665
0.964745
0.964810
0.948860
0.924905
0.818090
0.948295
0.955465
0.959315
0.889245
0.661555
0.835055
0.962970
0.638595
0.955100
0.850260
0.964980
0.964550
0.725780
0.965130
0.961895
0.913290
0.961075
0.952990
0.964850
0.865175
0.965095
0.917065
0.965005
0.929195
0.857090
0.951930
0.882795
0.961920
0.919435
0.954150
0.965105
0.947310
0.965130
0.965130
0.965130
0.961425
0.961165
0.955130
0.965125
0.964235
0.961830
0.956080
0.925275
0.920525
0.953875
0.902100
0.960940
0.961235
0.965130
0.965130
0.965130
0.929455
0.960705
0.965115
0.809625
0.905245
0.965110
0.905320
0.965125
0.962185
0.949525
0.965055
0.956900
0.860210
0.964785
0.963870
0.937140
0.964265
0.965130
0.964690
0.956150
0.962280
0.964900
0.965130
0.963135
0.957385
0.912450
0.939905
0.955405
0.941840
0.957145
0.952030
0.756575
0.964930
0.811570
0.784780
0.960545
0.962045
0.964320
0.960325
0.931700
0.964670
0.964415
0.963875
0.875295
0.956205
0.956635
0.960835
0.960260
0.965130
0.964160
0.938140
0.964105
0.964405
0.964410
0.826550
0.957955
0.632430
0.964395
0.965120
0.953455
0.856530
0.627210
0.965130
0.963680
0.944690
0.964895
0.965130
0.964745
0.872670
0.963535
0.957575
