0.965620
0.633490
0.965560
0.965635
0.963065
0.965640
0.937240
0.963020
0.965575
0.965360
0.965555
0.965370
0.913970
0.953125
0.965630
0.963095
0.838685
0.965640
0.965460
0.965635
0.957755
0.917170
0.959515
0.950680
0.818325
0.959965
0.924765
0.965060
0.965630
0.965615
0.962755
0.963150
0.960725
0.936145
0.954695
0.965575
0.963610
0.965435
0.965520
0.962895
0.914095
0.965635
0.965220
0.965460
0.961225
0.836495
0.957720
0.964075
0.965640
0.962085
0.907085
0.787350
0.962275
0.947320
0.953300
0.965485
0.963350
0.960315
0.948330
0.927000
0.965625
0.964470
0.965640
0.965435
0.965525
0.963495
0.965245
0.963040
0.954880
0.579395
0.911630
0.965635
0.875825
0.965310
0.965370
0.950025
0.924860
0.818465
0.949095
0.956025
0.959810
0.888525
0.661390
0.834180
0.963500
0.640085
0.955635
0.849595
0.965440
0.965175
0.724150
0.965640
0.962510
0.912660
0.961680
0.953785
0.965450
0.863895
0.965605
0.916645
0.965560
0.929470
0.856730
0.952385
0.883080
0.962680
0.919820
0.954820
0.965610
0.947740
0.965640
0.965640
0.965640
0.962175
0.961595
0.956035
0.965630
0.964820
0.962380
0.957185
0.925825
0.920825
0.954490
0.901310
0.961315
0.961885
0.965640
0.965640
0.965630
0.929795
0.961360
0.965630
0.810255
0.904950
0.965625
0.904835
0.965635
0.962635
0.950350
0.965540
0.957730
0.861585
0.965280
0.964415
0.937355
0.964880
0.965640
0.965100
0.956740
0.962725
0.965410
0.965640
0.963620
0.957995
0.913785
0.940160
0.956025
0.942070
0.957905
0.951870
0.758230
0.965415
0.811385
0.785565
0.961020
0.962595
0.964750
0.960420
0.931565
0.965080
0.964925
0.964545
0.873170
0.956405
0.957570
0.961195
0.960855
0.965640
0.964770
0.938130
0.964650
0.964825
0.964935
0.826460
0.958085
0.633525
0.964925
0.965640
0.953750
0.856045
0.629075
0.965640
0.963960
0.944330
0.965420
0.965640
0.965280
0.873490
0.964245
0.958190
