0.964810
0.631835
0.964765
0.964835
0.962245
0.964840
0.936485
0.962200
0.964825
0.964615
0.964755
0.964620
0.913445
0.952250
0.964835
0.962160
0.839090
0.964845
0.964635
0.964845
0.956960
0.916190
0.958855
0.950030
0.818425
0.959510
0.924860
0.964295
0.964830
0.964825
0.961785
0.962295
0.960090
0.934855
0.953510
0.964760
0.962710
0.964610
0.964740
0.962075
0.913025
0.964845
0.964485
0.964700
0.960315
0.839295
0.957270
0.963050
0.964845
0.961140
0.906385
0.787295
0.961665
0.946685
0.952555
0.964640
0.962540
0.959180
0.947770
0.925415
0.964820
0.963785
0.964845
0.964600
0.964740
0.962605
0.964425
0.962075
0.953980
0.579855
0.910855
0.964840
0.875275
0.964475
0.964585
0.948980
0.924890
0.816845
0.948220
0.954825
0.959205
0.888055
0.660810
0.834490
0.962785
0.641200
0.954430
0.850520
0.964695
0.964265
0.724890
0.964845
0.961660
0.911950
0.960910
0.953010
0.964620
0.864860
0.964815
0.916680
0.964720
0.929075
0.856955
0.951970
0.883740
0.961845
0.918980
0.953560
0.964830
0.946680
0.964845
0.964840
0.964845
0.961585
0.960830
0.955080
0.964840
0.964100
0.961590
0.955995
0.924935
0.920375
0.954440
0.902140
0.960355
0.961215
0.964845
0.964845
0.964845
0.929315
0.960655
0.964835
0.809405
0.903550
0.964820
0.905035
0.964840
0.962000
0.949825
0.964780
0.956990
0.860350
0.964590
0.963530
0.937065
0.964045
0.964845
0.964330
0.956195
0.962005
0.964695
0.964840
0.962825
0.956960
0.912775
0.939355
0.955335
0.941815
0.956840
0.951445
0.757740
0.964685
0.810530
0.785355
0.960320
0.961765
0.964010
0.959790
0.930595
0.964415
0.964075
0.963695
0.872835
0.955525
0.956340
0.960535
0.959885
0.964845
0.963885
0.937975
0.963950
0.964180
0.964195
0.826610
0.957130
0.632280
0.964060
0.964845
0.953235
0.854935
0.627895
0.964845
0.963220
0.944020
0.964570
0.964845
0.964485
0.872845
0.963305
0.957020
