0.965165
0.634005
0.965140
0.965175
0.962385
0.965180
0.936285
0.962625
0.965140
0.964850
0.965115
0.964915
0.914345
0.953165
0.965170
0.962655
0.838685
0.965180
0.964985
0.965180
0.957185
0.916845
0.959195
0.950385
0.817520
0.959720
0.925070
0.964550
0.965180
0.965135
0.961995
0.962545
0.960600
0.935175
0.953810
0.965080
0.963170
0.964970
0.965100
0.962340
0.912580
0.965175
0.964755
0.965050
0.960805
0.837270
0.957365
0.963510
0.965180
0.961470
0.905740
0.786545
0.961970
0.946045
0.952590
0.965040
0.962890
0.959390
0.947770
0.926235
0.965170
0.963920
0.965180
0.965020
0.965065
0.962810
0.964810
0.962350
0.954600
0.579490
0.910100
0.965175
0.875530
0.964835
0.964980
0.949535
0.924740
0.816650
0.948350
0.955330
0.959385
0.887285
0.662260
0.833545
0.963070
0.638255
0.955075
0.848760
0.965020
0.964615
0.724550
0.965180
0.961905
0.913135
0.960950
0.953190
0.964950
0.864305
0.965120
0.916965
0.965030
0.930185
0.857385
0.951330
0.883070
0.962440
0.918730
0.954000
0.965155
0.946945
0.965180
0.965175
0.965180
0.961675
0.961270
0.955730
0.965175
0.964395
0.961770
0.956055
0.926065
0.919590
0.954460
0.902065
0.960705
0.961660
0.965180
0.965180
0.965175
0.928770
0.960815
0.965160
0.809910
0.903820
0.965165
0.904995
0.965180
0.962255
0.949580
0.965125
0.957485
0.860565
0.964835
0.963970
0.936670
0.964370
0.965180
0.964690
0.956275
0.962400
0.964975
0.965180
0.963130
0.957350
0.912340
0.939320
0.955880
0.941060
0.957315
0.952180
0.757730
0.964990
0.811035
0.783325
0.960600
0.962030
0.964460
0.960055
0.931880
0.964755
0.964490
0.964025
0.872165
0.955900
0.956380
0.960555
0.960155
0.965180
0.964085
0.937620
0.964085
0.964415
0.964515
0.827415
0.957600
0.633720
0.964425
0.965180
0.953980
0.856875
0.626635
0.965180
0.963720
0.944550
0.964945
0.965180
0.964765
0.874290
0.963535
0.957860
