0.964935
0.630095
0.964885
0.964940
0.962610
0.964945
0.936320
0.962365
0.964900
0.964690
0.964885
0.964735
0.913685
0.952795
0.964930
0.962405
0.838060
0.964950
0.964790
0.964945
0.957275
0.916175
0.958940
0.949990
0.819550
0.959330
0.924300
0.964325
0.964950
0.964925
0.962025
0.962660
0.960275
0.935985
0.953200
0.964850
0.962635
0.964675
0.964900
0.962180
0.913695
0.964945
0.964550
0.964795
0.960835
0.835955
0.957375
0.963260
0.964950
0.961355
0.905325
0.786095
0.961745
0.946350
0.952075
0.964705
0.962530
0.959265
0.947610
0.925480
0.964945
0.963720
0.964955
0.964760
0.964880
0.962695
0.964580
0.962235
0.954240
0.580220
0.909490
0.964950
0.874610
0.964535
0.964660
0.949300
0.923900
0.816990
0.948775
0.955005
0.959345
0.887245
0.661005
0.834220
0.962895
0.639065
0.954735
0.849720
0.964790
0.964425
0.723010
0.964950
0.961880
0.912165
0.960845
0.952945
0.964785
0.864080
0.964925
0.916120
0.964845
0.928670
0.856370
0.952570
0.882615
0.962175
0.918835
0.954200
0.964945
0.946955
0.964950
0.964950
0.964950
0.961610
0.960900
0.955050
0.964925
0.964060
0.961730
0.956375
0.925030
0.921620
0.954095
0.900040
0.960440
0.961180
0.964950
0.964950
0.964940
0.929810
0.960955
0.964940
0.808105
0.904055
0.964935
0.905335
0.964950
0.962195
0.949305
0.964885
0.957145
0.860495
0.964675
0.963750
0.936645
0.964190
0.964950
0.964445
0.955910
0.962080
0.964725
0.964950
0.963015
0.957270
0.913530
0.939435
0.955255
0.942055
0.957175
0.951520
0.757610
0.964790
0.810665
0.783775
0.960375
0.962040
0.964140
0.959980
0.931090
0.964510
0.964185
0.963815
0.872790
0.955940
0.956680
0.960390
0.959885
0.964950
0.964025
0.938030
0.964030
0.964200
0.964365
0.827820
0.957480
0.631795
0.964175
0.964945
0.953440
0.856480
0.629225
0.964950
0.963430
0.944130
0.964705
0.964950
0.964480
0.873615
0.963460
0.957605
