0.965690
0.630615
0.965615
0.965690
0.963125
0.965695
0.936935
0.963260
0.965635
0.965500
0.965620
0.965415
0.915210
0.953785
0.965685
0.963180
0.838780
0.965700
0.965525
0.965700
0.957570
0.917195
0.959775
0.951115
0.818500
0.960075
0.924840
0.965210
0.965695
0.965675
0.962710
0.963040
0.960825
0.936215
0.954120
0.965640
0.963705
0.965505
0.965610
0.962820
0.913860
0.965690
0.965350
0.965575
0.961355
0.838190
0.957730
0.963995
0.965700
0.962035
0.906045
0.787285
0.962385
0.946815
0.953390
0.965550
0.963125
0.960080
0.948490
0.926930
0.965680
0.964450
0.965700
0.965465
0.965635
0.963415
0.965265
0.962975
0.955165
0.582100
0.910360
0.965700
0.875330
0.965365
0.965405
0.949990
0.925295
0.818200
0.949400
0.955795
0.960190
0.888810
0.661995
0.834890
0.963515
0.638645
0.955465
0.850540
0.965515
0.965065
0.725205
0.965700
0.962575
0.914155
0.961640
0.953960
0.965470
0.865585
0.965660
0.918490
0.965560
0.930030
0.858440
0.952365
0.883305
0.962735
0.918720
0.954640
0.965670
0.947345
0.965700
0.965690
0.965700
0.962275
0.961725
0.955605
0.965700
0.964845
0.962495
0.957005
0.926015
0.921670
0.955390
0.901540
0.961190
0.961885
0.965700
0.965695
0.965700
0.929600
0.961305
0.965690
0.810760
0.904005
0.965700
0.906010
0.965690
0.962925
0.949720
0.965630
0.957685
0.861230
0.965430
0.964420
0.936955
0.964910
0.965700
0.965145
0.956560
0.962715
0.965500
0.965700
0.963695
0.957985
0.913300
0.939750
0.956400
0.942280
0.957925
0.952870
0.756440
0.965520
0.810075
0.784490
0.961110
0.962765
0.964935
0.960530
0.932010
0.965155
0.964955
0.964640
0.872520
0.956510
0.957515
0.961120
0.961010
0.965695
0.964795
0.938075
0.964720
0.964950
0.964950
0.826410
0.958085
0.632715
0.964955
0.965700
0.954220
0.856485
0.627470
0.965700
0.964235
0.944970
0.965470
0.965700
0.965355
0.874365
0.964135
0.958225
