0.965180
0.632150
0.965135
0.965180
0.962430
0.965180
0.936700
0.962590
0.965145
0.964995
0.965125
0.964940
0.914175
0.952940
0.965185
0.962785
0.839795
0.965195
0.965015
0.965195
0.957315
0.915945
0.959385
0.950330
0.818815
0.959515
0.925065
0.964695
0.965190
0.965150
0.962425
0.962505
0.960425
0.935610
0.953810
0.965130
0.962845
0.964875
0.965100
0.962470
0.913040
0.965190
0.964795
0.965080
0.960815
0.836630
0.957645
0.963510
0.965195
0.961700
0.905540
0.787250
0.961825
0.946500
0.952905
0.965075
0.962815
0.959465
0.948495
0.926205
0.965190
0.964025
0.965195
0.965020
0.965110
0.963000
0.964810
0.962595
0.954740
0.578990
0.910250
0.965190
0.875340
0.964815
0.964955
0.949510
0.924300
0.816825
0.948855
0.955370
0.959430
0.888285
0.660005
0.835185
0.963290
0.639685
0.955535
0.850195
0.965055
0.964580
0.725440
0.965195
0.962030
0.912820
0.961285
0.953290
0.964950
0.865110
0.965135
0.916640
0.965095
0.929745
0.857505
0.952025
0.883160
0.962310
0.919245
0.954435
0.965180
0.947605
0.965195
0.965195
0.965195
0.961630
0.961380
0.955280
0.965195
0.964345
0.962115
0.956370
0.925380
0.920725
0.954545
0.901550
0.960995
0.961600
0.965195
0.965195
0.965195
0.929800
0.961210
0.965195
0.807715
0.904535
0.965160
0.905205
0.965195
0.962370
0.949550
0.965125
0.957330
0.860465
0.964920
0.963995
0.937600
0.964430
0.965195
0.964600
0.955630
0.962225
0.965030
0.965190
0.963225
0.957155
0.913005
0.939370
0.955460
0.941590
0.957205
0.951960
0.758355
0.965020
0.810865
0.782570
0.960890
0.962140
0.964530
0.960065
0.930940
0.964665
0.964415
0.963920
0.872840
0.955460
0.956980
0.960725
0.960365
0.965195
0.964365
0.937995
0.964300
0.964500
0.964490
0.826440
0.957450
0.634510
0.964440
0.965195
0.953640
0.856350
0.629825
0.965195
0.963720
0.944500
0.964955
0.965195
0.964775
0.873435
0.963580
0.957430
