0.965725
0.632040
0.965655
0.965730
0.963185
0.965735
0.937755
0.963065
0.965690
0.965490
0.965670
0.965450
0.915845
0.953665
0.965725
0.963265
0.839610
0.965735
0.965505
0.965735
0.957695
0.917320
0.959765
0.951235
0.819835
0.960455
0.925225
0.965105
0.965730
0.965705
0.962680
0.963310
0.960905
0.935595
0.954430
0.965665
0.963645
0.965545
0.965615
0.962955
0.913455
0.965730
0.965305
0.965565
0.961315
0.838145
0.957815
0.964055
0.965735
0.962140
0.906190
0.787930
0.962560
0.947680
0.953130
0.965535
0.963210
0.959975
0.948590
0.927025
0.965715
0.964600
0.965735
0.965575
0.965670
0.963290
0.965335
0.963180
0.954795
0.579910
0.911245
0.965735
0.876040
0.965350
0.965545
0.949905
0.925070
0.818155
0.948950
0.956170
0.959950
0.888875
0.661780
0.834565
0.963610
0.640035
0.955450
0.850985
0.965535
0.965125
0.726865
0.965735
0.962640
0.914565
0.961685
0.953820
0.965570
0.866325
0.965690
0.916745
0.965575
0.930125
0.858025
0.952630
0.883615
0.962670
0.919175
0.954690
0.965720
0.947815
0.965735
0.965730
0.965735
0.962230
0.961660
0.955555
0.965725
0.965000
0.962405
0.957155
0.925770
0.920910
0.954765
0.902390
0.961080
0.961800
0.965735
0.965735
0.965735
0.930540
0.961605
0.965725
0.811190
0.905370
0.965730
0.905470
0.965715
0.962775
0.950460
0.965660
0.958045
0.862550
0.965400
0.964430
0.937725
0.965030
0.965735
0.965165
0.956740
0.962765
0.965500
0.965735
0.963735
0.958095
0.913735
0.940130
0.956395
0.942410
0.958030
0.951860
0.757660
0.965565
0.810910
0.784580
0.961045
0.962790
0.965000
0.960545
0.932025
0.965285
0.964845
0.964615
0.873525
0.956155
0.957350
0.961490
0.961045
0.965735
0.964710
0.938305
0.964775
0.965025
0.965075
0.826350
0.958485
0.632255
0.965000
0.965735
0.954100
0.856285
0.627655
0.965735
0.964375
0.944645
0.965445
0.965730
0.965335
0.873535
0.964305
0.958185
