0.965095
0.632565
0.965000
0.965095
0.962540
0.965105
0.936230
0.962445
0.965065
0.964845
0.965035
0.964900
0.914505
0.952950
0.965095
0.962720
0.838050
0.965115
0.964905
0.965115
0.957035
0.916980
0.959115
0.950165
0.818070
0.959670
0.924775
0.964560
0.965115
0.965090
0.962015
0.962715
0.960495
0.936010
0.953670
0.965050
0.962925
0.964860
0.965040
0.962420
0.913805
0.965110
0.964710
0.964975
0.960775
0.836720
0.957570
0.963425
0.965115
0.961405
0.906445
0.787235
0.961665
0.946270
0.952075
0.964970
0.962730
0.959625
0.948070
0.925900
0.965095
0.963805
0.965115
0.964900
0.964990
0.963010
0.964715
0.962445
0.954520
0.578855
0.909435
0.965115
0.874820
0.964755
0.964855
0.949185
0.924365
0.815695
0.948335
0.955260
0.959525
0.887485
0.662870
0.833515
0.963015
0.638940
0.954880
0.848510
0.964955
0.964490
0.724750
0.965115
0.961890
0.913285
0.961075
0.952810
0.964950
0.864750
0.965095
0.917400
0.965025
0.929515
0.855995
0.952045
0.883370
0.962360
0.919275
0.954355
0.965095
0.947440
0.965115
0.965110
0.965115
0.961410
0.961110
0.955790
0.965100
0.964300
0.961845
0.956515
0.925805
0.921355
0.953730
0.901105
0.960750
0.961460
0.965115
0.965115
0.965115
0.928660
0.961160
0.965110
0.811850
0.903535
0.965100
0.905390
0.965110
0.962010
0.949870
0.964990
0.957300
0.860205
0.964775
0.963890
0.936785
0.964280
0.965115
0.964580
0.956155
0.962390
0.964950
0.965115
0.963110
0.957290
0.912950
0.938425
0.955945
0.941280
0.957180
0.952035
0.756800
0.964965
0.811800
0.782245
0.960615
0.961890
0.964370
0.960080
0.931475
0.964590
0.964420
0.964015
0.872420
0.955665
0.956090
0.960525
0.959855
0.965115
0.964115
0.938345
0.964135
0.964190
0.964415
0.823945
0.957440
0.632995
0.964360
0.965110
0.953265
0.856470
0.629125
0.965115
0.963700
0.944860
0.964840
0.965115
0.964830
0.873330
0.963405
0.957625
