0.965410
0.632390
0.965355
0.965405
0.962720
0.965415
0.937240
0.962880
0.965380
0.965155
0.965315
0.965175
0.913640
0.952850
0.965410
0.962840
0.840395
0.965420
0.965240
0.965420
0.957525
0.916770
0.959615
0.950700
0.818665
0.959695
0.925040
0.964850
0.965420
0.965380
0.962335
0.962960
0.960865
0.936040
0.954275
0.965340
0.963260
0.965175
0.965300
0.962630
0.913325
0.965415
0.965075
0.965290
0.961095
0.837600
0.957735
0.963700
0.965420
0.961715
0.905740
0.786485
0.962140
0.946890
0.952765
0.965265
0.963000
0.959650
0.948025
0.925725
0.965385
0.964200
0.965420
0.965175
0.965330
0.963100
0.965065
0.962650
0.954540
0.578140
0.910995
0.965420
0.876150
0.965000
0.965125
0.949755
0.925380
0.816475
0.948470
0.955425
0.959460
0.887830
0.659030
0.834540
0.963505
0.638630
0.955245
0.849880
0.965205
0.964815
0.723470
0.965420
0.962145
0.912400
0.961290
0.953630
0.965180
0.864610
0.965350
0.917020
0.965320
0.929725
0.858190
0.952435
0.883595
0.962665
0.919075
0.954240
0.965395
0.947490
0.965420
0.965415
0.965420
0.961785
0.961295
0.955375
0.965420
0.964430
0.962270
0.956130
0.926230
0.921040
0.954820
0.902230
0.961095
0.962060
0.965420
0.965420
0.965420
0.929910
0.961410
0.965405
0.810860
0.903665
0.965410
0.905665
0.965420
0.962655
0.949210
0.965355
0.957370
0.862345
0.965070
0.964195
0.937995
0.964550
0.965420
0.964940
0.956365
0.962640
0.965245
0.965420
0.963370
0.957620
0.913405
0.939730
0.956140
0.941510
0.957530
0.952185
0.758585
0.965255
0.811010
0.784355
0.960775
0.962355
0.964600
0.960290
0.931580
0.964895
0.964700
0.964175
0.872390
0.956035
0.956785
0.960725
0.960565
0.965420
0.964455
0.938180
0.964540
0.964690
0.964710
0.825745
0.957815
0.634740
0.964640
0.965415
0.953905
0.856610
0.628505
0.965420
0.963875
0.944630
0.965205
0.965420
0.965065
0.873705
0.963860
0.958065
