0.965495
0.632610
0.965440
0.965490
0.963035
0.965495
0.937300
0.963140
0.965435
0.965285
0.965385
0.965230
0.914770
0.952980
0.965495
0.963065
0.838210
0.965500
0.965330
0.965500
0.958165
0.917075
0.959915
0.950330
0.817340
0.959905
0.925435
0.964920
0.965490
0.965485
0.962335
0.962995
0.960865
0.936150
0.953985
0.965430
0.963350
0.965295
0.965425
0.962610
0.912955
0.965485
0.965065
0.965400
0.961155
0.836610
0.957670
0.963685
0.965500
0.961780
0.905840
0.787715
0.962390
0.946105
0.952945
0.965330
0.963020
0.959870
0.948285
0.926460
0.965480
0.964260
0.965500
0.965310
0.965405
0.963550
0.965150
0.962840
0.955085
0.579935
0.911265
0.965500
0.875910
0.965050
0.965235
0.949880
0.925605
0.816615
0.948755
0.955690
0.959835
0.888245
0.661470
0.835315
0.963310
0.639025
0.955675
0.850580
0.965290
0.964875
0.724235
0.965500
0.962450
0.913430
0.961495
0.953495
0.965265
0.864975
0.965465
0.917080
0.965400
0.929715
0.858270
0.952285
0.882200
0.962615
0.918870
0.954625
0.965480
0.947185
0.965500
0.965495
0.965500
0.961845
0.961620
0.955600
0.965490
0.964620
0.962070
0.957260
0.926030
0.920380
0.954390
0.900805
0.961070
0.961815
0.965500
0.965500
0.965500
0.930455
0.961205
0.965490
0.810515
0.903875
0.965485
0.906060
0.965490
0.962680
0.950345
0.965430
0.957905
0.861705
0.965225
0.964290
0.937350
0.964815
0.965500
0.965025
0.956560
0.962400
0.965325
0.965500
0.963625
0.957900
0.913020
0.940570
0.956200
0.941910
0.957775
0.952485
0.758675
0.965340
0.812940
0.784115
0.960815
0.962365
0.964810
0.960410
0.931760
0.965075
0.964855
0.964170
0.873285
0.956330
0.957145
0.960935
0.960705
0.965500
0.964525
0.938125
0.964575
0.964640
0.964770
0.824890
0.958255
0.632155
0.964715
0.965495
0.954025
0.857505
0.626985
0.965495
0.964160
0.944975
0.965150
0.965500
0.965140
0.874600
0.963895
0.958215
