0.965685
0.631500
0.965675
0.965715
0.963280
0.965710
0.937945
0.963280
0.965700
0.965390
0.965650
0.965510
0.914600
0.953460
0.965710
0.963250
0.838595
0.965720
0.965530
0.965720
0.957385
0.917585
0.959920
0.950650
0.818565
0.960325
0.924510
0.965185
0.965700
0.965705
0.962790
0.963155
0.960710
0.935765
0.954015
0.965660
0.963595
0.965435
0.965590
0.962985
0.912830
0.965705
0.965335
0.965585
0.961290
0.837135
0.957950
0.963970
0.965720
0.962075
0.905190
0.785810
0.962425
0.946925
0.953665
0.965585
0.963455
0.960265
0.948785
0.927595
0.965715
0.964470
0.965720
0.965515
0.965630
0.963385
0.965195
0.962965
0.955345
0.579930
0.910730
0.965720
0.875495
0.965325
0.965475
0.950095
0.925780
0.817850
0.948515
0.955760
0.959775
0.887455
0.661815
0.833980
0.963870
0.639775
0.955760
0.850795
0.965525
0.965170
0.723765
0.965720
0.962520
0.913205
0.961315
0.953925
0.965470
0.865855
0.965690
0.916610
0.965605
0.930240
0.858060
0.952730
0.883320
0.962640
0.919275
0.954810
0.965720
0.948025
0.965720
0.965720
0.965720
0.962015
0.961625
0.955520
0.965695
0.964920
0.962555
0.957385
0.925900
0.920390
0.955285
0.902020
0.961425
0.962235
0.965720
0.965720
0.965720
0.929775
0.961305
0.965715
0.812370
0.904180
0.965715
0.905970
0.965720
0.962575
0.950270
0.965640
0.957755
0.862055
0.965470
0.964470
0.937600
0.965110
0.965720
0.965180
0.956625
0.962815
0.965520
0.965715
0.963785
0.958010
0.912605
0.939585
0.956270
0.941750
0.958030
0.952290
0.757540
0.965545
0.811015
0.785470
0.960940
0.962635
0.965030
0.960615
0.931990
0.965250
0.964875
0.964660
0.872680
0.956225
0.957135
0.961225
0.960725
0.965720
0.964740
0.939045
0.964755
0.964975
0.965095
0.826630
0.957925
0.633275
0.964955
0.965720
0.954310
0.856855
0.627345
0.965720
0.964160
0.944905
0.965475
0.965720
0.965290
0.874700
0.964080
0.958100
