0.965595
0.631745
0.965545
0.965590
0.963170
0.965580
0.937315
0.962875
0.965545
0.965395
0.965515
0.965360
0.915165
0.953425
0.965585
0.963080
0.839310
0.965600
0.965435
0.965600
0.957550
0.917355
0.959905
0.950750
0.818210
0.960260
0.925340
0.964905
0.965585
0.965580
0.962250
0.963000
0.960685
0.936025
0.954270
0.965540
0.963470
0.965360
0.965490
0.962800
0.913360
0.965575
0.965160
0.965445
0.961340
0.836805
0.957730
0.963875
0.965600
0.962000
0.906340
0.788065
0.962490
0.946945
0.953140
0.965405
0.963065
0.960095
0.948435
0.927335
0.965570
0.964420
0.965600
0.965420
0.965465
0.963450
0.965190
0.962810
0.955165
0.580565
0.911065
0.965585
0.875915
0.965140
0.965325
0.950050
0.924265
0.817120
0.948530
0.956055
0.959780
0.888145
0.661160
0.834870
0.963520
0.638530
0.955825
0.848975
0.965415
0.964995
0.725490
0.965600
0.962435
0.913895
0.961475
0.953830
0.965470
0.864790
0.965565
0.917230
0.965495
0.930160
0.857300
0.952720
0.882630
0.962635
0.919055
0.954475
0.965560
0.947175
0.965600
0.965600
0.965600
0.961975
0.961715
0.956120
0.965595
0.964825
0.962265
0.956895
0.925765
0.921300
0.954885
0.901970
0.961500
0.961710
0.965600
0.965600
0.965600
0.929920
0.961650
0.965590
0.810810
0.904955
0.965600
0.904540
0.965590
0.962580
0.950365
0.965515
0.957635
0.862045
0.965235
0.964225
0.936950
0.964795
0.965600
0.965115
0.956530
0.962655
0.965385
0.965595
0.963630
0.958120
0.913555
0.939725
0.956335
0.941905
0.958005
0.952070
0.757765
0.965435
0.812715
0.784685
0.961075
0.962555
0.964845
0.960490
0.932325
0.965160
0.964825
0.964465
0.873365
0.956210
0.957140
0.961025
0.960900
0.965600
0.964665
0.937955
0.964665
0.964805
0.964960
0.827370
0.958140
0.629840
0.964845
0.965600
0.954125
0.855845
0.628640
0.965600
0.964110
0.944530
0.965300
0.965600
0.965325
0.874060
0.964015
0.958215
