0.999405
0.969770
0.999400
0.999405
0.999350
0.999405
0.998805
0.999365
0.999405
0.999385
0.999405
0.999370
0.998090
0.999115
0.999405
0.999370
0.995125
0.999405
0.999405
0.999405
0.999210
0.998185
0.998585
0.997450
0.993660
0.999320
0.998560
0.999400
0.999405
0.999405
0.997605
0.999335
0.999275
0.998775
0.999115
0.999405
0.999365
0.997625
0.999405
0.997850
0.998105
0.999405
0.999390
0.999405
0.999320
0.995005
0.998185
0.999355
0.999405
0.999305
0.998025
0.991950
0.999330
0.999000
0.999115
0.999395
0.999320
0.999280
0.999035
0.998465
0.999405
0.999375
0.999310
0.999405
0.999405
0.999355
0.999400
0.999350
0.999165
0.956120
0.997525
0.999405
0.996825
0.999400
0.999330
0.999075
0.998530
0.993875
0.999080
0.999135
0.999270
0.997040
0.975670
0.994800
0.999355
0.971810
0.999190
0.995575
0.999400
0.999390
0.986170
0.999405
0.999335
0.998060
0.999335
0.999110
0.999335
0.994950
0.999405
0.998175
0.999330
0.998655
0.995890
0.999140
0.996980
0.999335
0.998255
0.999125
0.999405
0.998975
0.999405
0.999405
0.999390
0.999325
0.999325
0.999170
0.999390
0.999380
0.999330
0.999215
0.998495
0.998295
0.999190
0.997635
0.999300
0.999310
0.999405
0.999405
0.999405
0.998635
0.999325
0.999395
0.993495
0.997685
0.999405
0.998020
0.999405
0.999350
0.999105
0.999405
0.999285
0.996475
0.999400
0.999365
0.998780
0.999390
0.999405
0.999395
0.999190
0.999345
0.999400
0.999405
0.999345
0.999220
0.998110
0.998815
0.999215
0.998940
0.999225
0.999120
0.989135
0.999390
0.993320
0.991885
0.999300
0.998550
0.999385
0.999305
0.998480
0.999390
0.997590
0.999395
0.996510
0.999170
0.999265
0.999325
0.999280
0.999405
0.999395
0.998765
0.999140
0.999380
0.999310
0.994480
0.999265
0.969840
0.998515
0.999405
0.999050
0.995680
0.969200
0.999405
0.999350
0.998970
0.999390
0.999405
0.999400
0.996620
0.999385
0.999295
