0.999475
0.969725
0.999475
0.999475
0.999405
0.999475
0.998905
0.999415
0.999475
0.999435
0.999475
0.999425
0.998245
0.999220
0.999475
0.999435
0.994920
0.999475
0.999470
0.999475
0.999330
0.998240
0.998505
0.997460
0.993810
0.999380
0.998605
0.999460
0.999475
0.999475
0.997795
0.999425
0.999345
0.998690
0.999205
0.999475
0.999425
0.997750
0.999475
0.997715
0.998100
0.999475
0.999465
0.999470
0.999365
0.994850
0.998275
0.999440
0.999475
0.999375
0.997950
0.992035
0.999415
0.999090
0.999210
0.999470
0.999410
0.999390
0.999055
0.998540
0.999475
0.999455
0.999330
0.999475
0.999470
0.999420
0.999470
0.999395
0.999265
0.957500
0.997455
0.999475
0.996700
0.999475
0.999395
0.999145
0.998650
0.994020
0.999155
0.999190
0.999375
0.997365
0.975800
0.994840
0.999440
0.970890
0.999230
0.995655
0.999475
0.999455
0.985970
0.999475
0.999425
0.998220
0.999395
0.999295
0.999435
0.995305
0.999470
0.998160
0.999380
0.998765
0.995630
0.999140
0.996985
0.999425
0.998280
0.999205
0.999475
0.999095
0.999475
0.999475
0.999470
0.999395
0.999325
0.999355
0.999455
0.999470
0.999410
0.999210
0.998405
0.998330
0.999300
0.997690
0.999355
0.999405
0.999475
0.999475
0.999475
0.998645
0.999415
0.999465
0.993635
0.997685
0.999475
0.997975
0.999475
0.999375
0.999125
0.999470
0.999325
0.996330
0.999475
0.999445
0.998855
0.999460
0.999475
0.999465
0.999260
0.999405
0.999470
0.999475
0.999450
0.999330
0.998120
0.998930
0.999315
0.999005
0.999345
0.999150
0.989315
0.999470
0.993305
0.991510
0.999410
0.998565
0.999460
0.999385
0.998830
0.999465
0.997720
0.999445
0.996455
0.999295
0.999165
0.999355
0.999365
0.999475
0.999450
0.998825
0.999285
0.999470
0.999320
0.994390
0.999275
0.969985
0.998680
0.999475
0.999220
0.995995
0.969085
0.999475
0.999460
0.998990
0.999465
0.999475
0.999465
0.996540
0.999455
0.999325
