0.999485
0.970130
0.999480
0.999485
0.999430
0.999485
0.998885
0.999415
0.999485
0.999460
0.999480
0.999445
0.998225
0.999275
0.999485
0.999390
0.995170
0.999485
0.999485
0.999485
0.999360
0.998250
0.998405
0.997465
0.993755
0.999395
0.998590
0.999485
0.999485
0.999485
0.997790
0.999355
0.999380
0.998820
0.999195
0.999485
0.999420
0.997765
0.999480
0.997805
0.998115
0.999485
0.999455
0.999475
0.999400
0.994900
0.998235
0.999450
0.999485
0.999405
0.997835
0.991695
0.999410
0.999075
0.999280
0.999485
0.999425
0.999400
0.999115
0.998600
0.999485
0.999480
0.999370
0.999480
0.999485
0.999445
0.999480
0.999420
0.999295
0.955725
0.997645
0.999485
0.996860
0.999475
0.999420
0.999120
0.998550
0.994440
0.999140
0.999190
0.999420
0.997260
0.975620
0.994960
0.999455
0.972490
0.999310
0.995720
0.999480
0.999480
0.985910
0.999485
0.999420
0.998245
0.999410
0.999180
0.999430
0.995005
0.999485
0.998440
0.999405
0.998680
0.996085
0.999220
0.997160
0.999445
0.998360
0.999255
0.999485
0.999085
0.999485
0.999485
0.999480
0.999375
0.999390
0.999250
0.999465
0.999475
0.999405
0.999195
0.998655
0.998325
0.999280
0.997675
0.999420
0.999410
0.999485
0.999485
0.999485
0.998685
0.999355
0.999470
0.993630
0.997885
0.999485
0.998020
0.999485
0.999430
0.999160
0.999485
0.999305
0.996200
0.999480
0.999465
0.998810
0.999475
0.999485
0.999465
0.999255
0.999425
0.999475
0.999485
0.999465
0.999330
0.998170
0.998895
0.999370
0.998935
0.999345
0.999190
0.989120
0.999480
0.993470
0.991395
0.999400
0.998580
0.999475
0.999365
0.998790
0.999465
0.997860
0.999440
0.996860
0.999350
0.999345
0.999365
0.999380
0.999485
0.999475
0.998890
0.999290
0.999475
0.999355
0.994065
0.999385
0.969645
0.998705
0.999485
0.999175
0.996045
0.968410
0.999485
0.999470
0.999010
0.999475
0.999485
0.999475
0.996810
0.999460
0.999365
