0.999390
0.969705
0.999385
0.999390
0.999335
0.999390
0.998680
0.999360
0.999390
0.999375
0.999390
0.999350
0.998185
0.999205
0.999390
0.999340
0.995185
0.999390
0.999390
0.999390
0.999260
0.998345
0.998480
0.997330
0.993850
0.999290
0.998465
0.999380
0.999390
0.999390
0.997515
0.999290
0.999280
0.998830
0.999190
0.999385
0.999335
0.997600
0.999390
0.997805
0.998180
0.999390
0.999380
0.999390
0.999290
0.994655
0.998235
0.999370
0.999390
0.999340
0.997830
0.991685
0.999330
0.999055
0.999115
0.999390
0.999355
0.999315
0.998970
0.998495
0.999385
0.999370
0.999285
0.999385
0.999390
0.999345
0.999390
0.999340
0.999205
0.956520
0.997270
0.999390
0.997030
0.999380
0.999345
0.999090
0.998550
0.993900
0.999015
0.999120
0.999300
0.997325
0.976125
0.994995
0.999335
0.971535
0.999180
0.995580
0.999390
0.999380
0.986135
0.999390
0.999315
0.998140
0.999275
0.999070
0.999340
0.994985
0.999390
0.998170
0.999325
0.998630
0.996005
0.999080
0.997095
0.999330
0.998200
0.999155
0.999390
0.999020
0.999390
0.999390
0.999385
0.999315
0.999310
0.999165
0.999365
0.999375
0.999345
0.999105
0.998365
0.998430
0.999120
0.997565
0.999305
0.999280
0.999390
0.999390
0.999390
0.998615
0.999295
0.999385
0.993080
0.997890
0.999390
0.997855
0.999390
0.999350
0.999095
0.999390
0.999260
0.996225
0.999385
0.999365
0.998700
0.999385
0.999390
0.999360
0.999235
0.999320
0.999385
0.999390
0.999355
0.999250
0.998160
0.998850
0.999180
0.998850
0.999250
0.999095
0.989210
0.999385
0.993625
0.991395
0.999295
0.998605
0.999375
0.999310
0.998595
0.999375
0.997645
0.999345
0.996705
0.999175
0.999210
0.999300
0.999315
0.999390
0.999370
0.998790
0.999140
0.999385
0.999275
0.994365
0.999255
0.970140
0.998590
0.999390
0.999110
0.995755
0.969220
0.999390
0.999365
0.998945
0.999380
0.999390
0.999385
0.996630
0.999355
0.999235
