0.999385
0.970080
0.999385
0.999385
0.999310
0.999385
0.998840
0.999355
0.999380
0.999365
0.999380
0.999355
0.998230
0.999185
0.999385
0.999335
0.995100
0.999385
0.999375
0.999385
0.999215
0.998370
0.998460
0.997430
0.993540
0.999260
0.998325
0.999360
0.999385
0.999385
0.997515
0.999315
0.999275
0.998795
0.999110
0.999380
0.999340
0.997735
0.999385
0.997810
0.998200
0.999385
0.999375
0.999385
0.999265
0.995305
0.998145
0.999335
0.999385
0.999335
0.997835
0.991565
0.999320
0.998915
0.999125
0.999385
0.999285
0.999260
0.998935
0.998535
0.999385
0.999345
0.999255
0.999385
0.999385
0.999335
0.999375
0.999335
0.999150
0.956200
0.997270
0.999385
0.996870
0.999375
0.999340
0.999045
0.998425
0.994000
0.999010
0.999170
0.999255
0.997405
0.975950
0.995040
0.999380
0.971895
0.999180
0.995775
0.999385
0.999375
0.985835
0.999385
0.999300
0.998155
0.999325
0.999090
0.999325
0.994845
0.999385
0.998315
0.999320
0.998615
0.996095
0.999150
0.996990
0.999345
0.998155
0.999225
0.999385
0.999060
0.999385
0.999385
0.999380
0.999340
0.999305
0.999225
0.999355
0.999365
0.999325
0.999145
0.998440
0.998365
0.999175
0.997680
0.999295
0.999305
0.999385
0.999385
0.999385
0.998695
0.999325
0.999380
0.993450
0.997770
0.999385
0.998020
0.999385
0.999320
0.999110
0.999385
0.999210
0.996215
0.999380
0.999375
0.998790
0.999365
0.999385
0.999370
0.999200
0.999345
0.999385
0.999385
0.999360
0.999270
0.998220
0.998890
0.999175
0.998885
0.999260
0.999170
0.988835
0.999375
0.993525
0.991550
0.999310
0.998690
0.999370
0.999295
0.998590
0.999375
0.997740
0.999365
0.996545
0.999140
0.999195
0.999295
0.999300
0.999385
0.999365
0.998785
0.999110
0.999375
0.999240
0.994000
0.999205
0.971100
0.998580
0.999385
0.999130
0.996140
0.969850
0.999385
0.999365
0.998985
0.999365
0.999385
0.999375
0.996685
0.999345
0.999245
