0.999490
0.970115
0.999480
0.999490
0.999415
0.999490
0.998885
0.999450
0.999490
0.999460
0.999490
0.999460
0.998160
0.999245
0.999490
0.999455
0.995090
0.999490
0.999490
0.999490
0.999335
0.998335
0.998560
0.997555
0.993925
0.999400
0.998580
0.999480
0.999490
0.999490
0.997815
0.999395
0.999395
0.998830
0.999270
0.999485
0.999435
0.997715
0.999490
0.997880
0.998165
0.999490
0.999465
0.999490
0.999405
0.994790
0.998340
0.999455
0.999490
0.999440
0.997985
0.991600
0.999425
0.999085
0.999230
0.999485
0.999420
0.999405
0.999050
0.998620
0.999490
0.999490
0.999375
0.999485
0.999490
0.999445
0.999485
0.999425
0.999305
0.957230
0.997635
0.999485
0.996815
0.999485
0.999395
0.999205
0.998655
0.994275
0.999085
0.999115
0.999375
0.997340
0.975780
0.994655
0.999435
0.971745
0.999255
0.995715
0.999480
0.999490
0.985795
0.999490
0.999430
0.998100
0.999425
0.999255
0.999430
0.995200
0.999490
0.998365
0.999375
0.998910
0.996000
0.999195
0.997015
0.999460
0.998390
0.999225
0.999485
0.999080
0.999490
0.999490
0.999480
0.999435
0.999360
0.999315
0.999440
0.999485
0.999440
0.999135
0.998570
0.998430
0.999235
0.997695
0.999390
0.999405
0.999490
0.999490
0.999490
0.998820
0.999415
0.999480
0.993675
0.997915
0.999485
0.997880
0.999490
0.999430
0.999130
0.999490
0.999315
0.996280
0.999485
0.999480
0.998855
0.999470
0.999490
0.999475
0.999335
0.999440
0.999490
0.999490
0.999470
0.999355
0.998160
0.998960
0.999280
0.998930
0.999345
0.999195
0.989185
0.999480
0.993575
0.991940
0.999420
0.998685
0.999475
0.999410
0.998740
0.999485
0.997760
0.999445
0.996830
0.999270
0.999280
0.999420
0.999360
0.999490
0.999460
0.998965
0.999300
0.999475
0.999360
0.994225
0.999345
0.970030
0.998675
0.999490
0.999185
0.995935
0.969535
0.999490
0.999450
0.999145
0.999485
0.999490
0.999475
0.996650
0.999445
0.999350
