0.999340
0.969990
0.999340
0.999340
0.999305
0.999340
0.998650
0.999270
0.999340
0.999310
0.999340
0.999320
0.998195
0.999075
0.999340
0.999305
0.994520
0.999340
0.999340
0.999340
0.999180
0.998130
0.998380
0.997385
0.993545
0.999250
0.998465
0.999335
0.999340
0.999340
0.997600
0.999275
0.999275
0.998765
0.999105
0.999340
0.999325
0.997615
0.999340
0.997730
0.998095
0.999340
0.999315
0.999340
0.999270
0.994685
0.998225
0.999305
0.999340
0.999235
0.997750
0.991745
0.999285
0.998945
0.999080
0.999335
0.999295
0.999250
0.998895
0.998450
0.999340
0.999320
0.999265
0.999335
0.999340
0.999270
0.999320
0.999290
0.999105
0.956370
0.997165
0.999340
0.996955
0.999335
0.999270
0.999050
0.998535
0.994005
0.998925
0.999065
0.999235
0.997185
0.976215
0.994965
0.999320
0.971385
0.999125
0.995505
0.999340
0.999330
0.985930
0.999340
0.999280
0.998105
0.999250
0.999035
0.999265
0.995060
0.999340
0.998245
0.999255
0.998600
0.995685
0.999055
0.996965
0.999305
0.998115
0.999100
0.999340
0.998935
0.999340
0.999340
0.999325
0.999300
0.999215
0.999165
0.999270
0.999330
0.999260
0.999100
0.998455
0.998320
0.999145
0.997565
0.999260
0.999300
0.999340
0.999340
0.999340
0.998515
0.999265
0.999320
0.993470
0.997745
0.999340
0.997720
0.999340
0.999295
0.998980
0.999335
0.999190
0.996145
0.999335
0.999330
0.998735
0.999325
0.999340
0.999315
0.999175
0.999295
0.999340
0.999340
0.999295
0.999185
0.998085
0.998695
0.999125
0.998820
0.999185
0.999075
0.989250
0.999330
0.993320
0.991550
0.999295
0.998585
0.999330
0.999215
0.998595
0.999345
0.997565
0.999290
0.996725
0.999115
0.999155
0.999240
0.999245
0.999340
0.999330
0.998780
0.999050
0.999330
0.999250
0.994340
0.999185
0.969435
0.998410
0.999340
0.999045
0.995785
0.968775
0.999340
0.999325
0.998905
0.999310
0.999340
0.999325
0.996520
0.999315
0.999225
