0.999425
0.970695
0.999425
0.999425
0.999360
0.999425
0.998720
0.999370
0.999430
0.999405
0.999425
0.999395
0.998215
0.999175
0.999425
0.999395
0.994995
0.999425
0.999415
0.999425
0.999290
0.998245
0.998470
0.997560
0.993775
0.999300
0.998590
0.999420
0.999425
0.999425
0.997725
0.999365
0.999350
0.998760
0.999190
0.999425
0.999380
0.997730
0.999425
0.997685
0.998310
0.999425
0.999405
0.999425
0.999360
0.995065
0.998270
0.999380
0.999425
0.999360
0.998065
0.992190
0.999375
0.999110
0.999185
0.999420
0.999360
0.999265
0.999070
0.998535
0.999425
0.999415
0.999295
0.999425
0.999425
0.999380
0.999415
0.999375
0.999250
0.956455
0.997630
0.999420
0.996825
0.999415
0.999350
0.999110
0.998475
0.994275
0.999075
0.999145
0.999335
0.997290
0.975730
0.994610
0.999385
0.972115
0.999230
0.995665
0.999425
0.999420
0.986195
0.999425
0.999360
0.998190
0.999345
0.999155
0.999365
0.995170
0.999425
0.998220
0.999360
0.998675
0.995915
0.999150
0.997035
0.999385
0.998240
0.999215
0.999425
0.999040
0.999425
0.999425
0.999415
0.999350
0.999285
0.999200
0.999350
0.999400
0.999365
0.999145
0.998375
0.998475
0.999245
0.997750
0.999395
0.999355
0.999425
0.999425
0.999425
0.998730
0.999360
0.999400
0.993905
0.997880
0.999425
0.997900
0.999425
0.999340
0.999150
0.999425
0.999270
0.996325
0.999415
0.999410
0.998805
0.999405
0.999425
0.999425
0.999215
0.999360
0.999425
0.999425
0.999370
0.999255
0.998310
0.998955
0.999255
0.998925
0.999275
0.999155
0.989270
0.999415
0.993705
0.991960
0.999355
0.998625
0.999420
0.999285
0.998675
0.999415
0.997710
0.999385
0.996790
0.999230
0.999300
0.999340
0.999295
0.999425
0.999395
0.998810
0.999165
0.999410
0.999290
0.994305
0.999280
0.970210
0.998590
0.999425
0.999135
0.995830
0.969070
0.999425
0.999390
0.999055
0.999420
0.999425
0.999425
0.996480
0.999400
0.999335
