0.999430
0.970295
0.999430
0.999430
0.999370
0.999430
0.998795
0.999405
0.999430
0.999410
0.999430
0.999410
0.998120
0.999190
0.999430
0.999395
0.994940
0.999430
0.999430
0.999430
0.999265
0.998330
0.998455
0.997475
0.993375
0.999315
0.998580
0.999425
0.999430
0.999430
0.997685
0.999325
0.999335
0.998745
0.999215
0.999420
0.999370
0.997655
0.999425
0.997820
0.998100
0.999430
0.999415
0.999430
0.999365
0.994850
0.998335
0.999385
0.999430
0.999355
0.997920
0.991890
0.999365
0.998980
0.999210
0.999430
0.999360
0.999290
0.999015
0.998595
0.999425
0.999400
0.999290
0.999420
0.999430
0.999390
0.999425
0.999360
0.999205
0.957230
0.997275
0.999430
0.996955
0.999425
0.999370
0.999185
0.998570
0.993690
0.999075
0.999135
0.999285
0.997560
0.976050
0.994675
0.999395
0.971350
0.999200
0.995740
0.999425
0.999430
0.985870
0.999430
0.999370
0.998085
0.999370
0.999180
0.999355
0.995010
0.999430
0.998150
0.999350
0.998620
0.996045
0.999155
0.996970
0.999380
0.998300
0.999170
0.999430
0.998995
0.999430
0.999430
0.999425
0.999340
0.999250
0.999240
0.999375
0.999420
0.999380
0.999195
0.998430
0.998385
0.999205
0.997765
0.999330
0.999390
0.999430
0.999430
0.999430
0.998655
0.999330
0.999415
0.993525
0.997755
0.999430
0.997945
0.999430
0.999365
0.999045
0.999430
0.999245
0.996180
0.999420
0.999425
0.998810
0.999420
0.999430
0.999410
0.999255
0.999380
0.999430
0.999430
0.999405
0.999260
0.998085
0.998885
0.999295
0.998930
0.999265
0.999145
0.989145
0.999420
0.993335
0.991315
0.999345
0.998640
0.999420
0.999360
0.998630
0.999415
0.997660
0.999375
0.996615
0.999310
0.999240
0.999365
0.999325
0.999430
0.999415
0.998815
0.999200
0.999410
0.999270
0.994025
0.999270
0.970640
0.998555
0.999430
0.999115
0.995640
0.968445
0.999430
0.999400
0.998945
0.999425
0.999430
0.999430
0.996445
0.999365
0.999270
