0.999475
0.970895
0.999475
0.999475
0.999435
0.999470
0.998805
0.999430
0.999465
0.999460
0.999470
0.999430
0.998310
0.999285
0.999475
0.999435
0.994915
0.999475
0.999475
0.999475
0.999320
0.998235
0.998570
0.997670
0.993710
0.999370
0.998605
0.999465
0.999475
0.999475
0.997665
0.999400
0.999385
0.998820
0.999225
0.999475
0.999440
0.997845
0.999475
0.997920
0.998220
0.999475
0.999455
0.999475
0.999410
0.994905
0.998185
0.999445
0.999475
0.999395
0.998050
0.992045
0.999430
0.999180
0.999165
0.999465
0.999370
0.999335
0.999205
0.998570
0.999475
0.999455
0.999375
0.999470
0.999475
0.999435
0.999465
0.999430
0.999255
0.956320
0.997515
0.999475
0.997025
0.999465
0.999450
0.999165
0.998510
0.994135
0.999150
0.999235
0.999365
0.997350
0.975815
0.994825
0.999445
0.972245
0.999290
0.995435
0.999465
0.999465
0.986155
0.999475
0.999420
0.998280
0.999395
0.999200
0.999415
0.994820
0.999475
0.998240
0.999425
0.998755
0.995925
0.999220
0.997075
0.999390
0.998340
0.999245
0.999475
0.999085
0.999475
0.999475
0.999450
0.999385
0.999410
0.999275
0.999445
0.999470
0.999395
0.999295
0.998570
0.998515
0.999275
0.997605
0.999405
0.999440
0.999475
0.999475
0.999475
0.998720
0.999370
0.999465
0.993535
0.997940
0.999475
0.997870
0.999475
0.999425
0.999115
0.999475
0.999335
0.996245
0.999475
0.999435
0.999030
0.999460
0.999475
0.999470
0.999260
0.999435
0.999475
0.999475
0.999420
0.999305
0.998285
0.998870
0.999295
0.999060
0.999310
0.999185
0.989525
0.999455
0.993405
0.992025
0.999400
0.998675
0.999450
0.999395
0.998690
0.999465
0.997805
0.999435
0.996915
0.999330
0.999285
0.999375
0.999365
0.999475
0.999455
0.998955
0.999235
0.999460
0.999360
0.994510
0.999350
0.970120
0.998720
0.999475
0.999185
0.996020
0.969405
0.999475
0.999440
0.999000
0.999475
0.999475
0.999460
0.996745
0.999440
0.999320
