0.999380
0.969260
0.999380
0.999380
0.999300
0.999380
0.998790
0.999330
0.999380
0.999345
0.999380
0.999345
0.998095
0.999075
0.999380
0.999310
0.994900
0.999380
0.999380
0.999380
0.999175
0.998305
0.998505
0.997545
0.993930
0.999215
0.998495
0.999370
0.999380
0.999380
0.997600
0.999300
0.999285
0.998785
0.999145
0.999380
0.999330
0.997705
0.999375
0.997635
0.997935
0.999380
0.999370
0.999380
0.999270
0.994705
0.998280
0.999320
0.999380
0.999315
0.997810
0.991740
0.999330
0.999030
0.999075
0.999380
0.999315
0.999300
0.998985
0.998435
0.999380
0.999355
0.999210
0.999370
0.999380
0.999340
0.999380
0.999305
0.999210
0.956565
0.997400
0.999380
0.996550
0.999380
0.999340
0.999135
0.998495
0.993920
0.999045
0.999080
0.999275
0.997220
0.976370
0.994635
0.999335
0.971155
0.999155
0.995415
0.999380
0.999375
0.985810
0.999380
0.999320
0.998070
0.999310
0.999145
0.999350
0.994870
0.999380
0.998175
0.999300
0.998730
0.995910
0.999045
0.996895
0.999350
0.998140
0.999160
0.999380
0.999020
0.999380
0.999380
0.999370
0.999280
0.999265
0.999120
0.999355
0.999365
0.999275
0.999100
0.998435
0.998165
0.999195
0.997495
0.999310
0.999325
0.999380
0.999380
0.999380
0.998545
0.999300
0.999375
0.993785
0.997860
0.999380
0.997925
0.999380
0.999325
0.999075
0.999380
0.999180
0.996260
0.999375
0.999365
0.998845
0.999375
0.999380
0.999375
0.999225
0.999320
0.999380
0.999380
0.999345
0.999200
0.998035
0.998820
0.999280
0.998880
0.999200
0.999150
0.989175
0.999370
0.993420
0.991465
0.999290
0.998510
0.999360
0.999280
0.998650
0.999370
0.997675
0.999340
0.996575
0.999205
0.999230
0.999310
0.999290
0.999380
0.999360
0.998740
0.999170
0.999370
0.999195
0.994590
0.999200
0.970010
0.998550
0.999380
0.999120
0.995820
0.968850
0.999380
0.999365
0.998840
0.999370
0.999380
0.999370
0.996670
0.999365
0.999240
