0.999380
0.970660
0.999380
0.999380
0.999345
0.999380
0.998770
0.999325
0.999380
0.999370
0.999380
0.999360
0.998190
0.999140
0.999380
0.999340
0.995215
0.999380
0.999365
0.999380
0.999270
0.998140
0.998515
0.997385
0.993720
0.999230
0.998460
0.999375
0.999380
0.999380
0.997710
0.999290
0.999315
0.998765
0.999170
0.999375
0.999325
0.997630
0.999375
0.997810
0.998155
0.999380
0.999345
0.999380
0.999310
0.994965
0.998125
0.999345
0.999380
0.999310
0.997830
0.991650
0.999315
0.998865
0.999135
0.999380
0.999310
0.999265
0.998925
0.998550
0.999380
0.999355
0.999285
0.999375
0.999380
0.999295
0.999380
0.999340
0.999145
0.956880
0.997550
0.999380
0.996825
0.999380
0.999325
0.999095
0.998545
0.993920
0.999070
0.999095
0.999255
0.997235
0.976225
0.994800
0.999340
0.971955
0.999205
0.995280
0.999380
0.999360
0.985720
0.999380
0.999325
0.998125
0.999290
0.999175
0.999305
0.995020
0.999380
0.998385
0.999330
0.998700
0.995885
0.999130
0.997005
0.999335
0.998180
0.999155
0.999380
0.998980
0.999380
0.999380
0.999375
0.999270
0.999270
0.999155
0.999345
0.999370
0.999325
0.999115
0.998530
0.998370
0.999155
0.997705
0.999265
0.999310
0.999380
0.999380
0.999380
0.998640
0.999290
0.999365
0.993610
0.997740
0.999380
0.997820
0.999380
0.999305
0.999075
0.999380
0.999260
0.996430
0.999380
0.999360
0.998850
0.999370
0.999380
0.999375
0.999250
0.999355
0.999380
0.999380
0.999330
0.999245
0.998215
0.998815
0.999155
0.998910
0.999255
0.999145
0.989910
0.999375
0.993445
0.991505
0.999310
0.998520
0.999360
0.999295
0.998635
0.999370
0.997555
0.999355
0.996570
0.999185
0.999225
0.999315
0.999305
0.999375
0.999370
0.998750
0.999120
0.999370
0.999270
0.994355
0.999200
0.970550
0.998495
0.999380
0.999105
0.995805
0.969255
0.999380
0.999345
0.998925
0.999380
0.999380
0.999375
0.996485
0.999340
0.999250
