0.999450
0.969705
0.999450
0.999450
0.999405
0.999450
0.998835
0.999400
0.999450
0.999420
0.999450
0.999400
0.998250
0.999225
0.999450
0.999395
0.995105
0.999450
0.999445
0.999450
0.999280
0.998220
0.998610
0.997580
0.993435
0.999340
0.998500
0.999445
0.999450
0.999450
0.997800
0.999375
0.999355
0.998730
0.999215
0.999450
0.999415
0.997630
0.999450
0.997960
0.998115
0.999450
0.999430
0.999450
0.999395
0.994995
0.998240
0.999400
0.999450
0.999385
0.997895
0.991770
0.999400
0.999140
0.999120
0.999450
0.999380
0.999360
0.999075
0.998515
0.999450
0.999430
0.999325
0.999450
0.999450
0.999390
0.999445
0.999390
0.999265
0.956975
0.997335
0.999450
0.996960
0.999440
0.999365
0.999125
0.998605
0.993720
0.999135
0.999135
0.999365
0.997340
0.975570
0.994855
0.999395
0.971175
0.999150
0.995475
0.999450
0.999435
0.985995
0.999450
0.999405
0.998235
0.999360
0.999175
0.999395
0.995045
0.999450
0.998355
0.999415
0.998640
0.996015
0.999170
0.996940
0.999395
0.998140
0.999205
0.999450
0.999050
0.999450
0.999450
0.999440
0.999335
0.999310
0.999240
0.999415
0.999450
0.999370
0.999175
0.998555
0.998315
0.999220
0.997645
0.999350
0.999380
0.999450
0.999450
0.999450
0.998600
0.999365
0.999440
0.993540
0.998010
0.999450
0.997880
0.999450
0.999395
0.999210
0.999450
0.999265
0.996175
0.999435
0.999425
0.998800
0.999430
0.999450
0.999440
0.999275
0.999405
0.999450
0.999450
0.999405
0.999280
0.998050
0.998760
0.999260
0.999050
0.999280
0.999210
0.989195
0.999445
0.993470
0.991935
0.999345
0.998585
0.999435
0.999355
0.998580
0.999450
0.997675
0.999420
0.996670
0.999195
0.999295
0.999360
0.999365
0.999450
0.999440
0.998860
0.999140
0.999440
0.999300
0.994075
0.999305
0.970035
0.998665
0.999450
0.999150
0.995865
0.968820
0.999450
0.999415
0.998960
0.999440
0.999450
0.999445
0.996485
0.999435
0.999295
