0.999465
0.970030
0.999465
0.999465
0.999455
0.999465
0.998750
0.999435
0.999465
0.999440
0.999465
0.999415
0.998150
0.999190
0.999465
0.999405
0.994935
0.999465
0.999465
0.999465
0.999330
0.998330
0.998610
0.997445
0.993565
0.999365
0.998495
0.999465
0.999465
0.999465
0.997665
0.999405
0.999385
0.998710
0.999245
0.999465
0.999420
0.997715
0.999465
0.997810
0.998040
0.999465
0.999440
0.999465
0.999405
0.994930
0.998305
0.999420
0.999465
0.999390
0.998010
0.991795
0.999405
0.999085
0.999190
0.999465
0.999410
0.999365
0.999160
0.998505
0.999465
0.999445
0.999340
0.999460
0.999465
0.999400
0.999445
0.999410
0.999190
0.956230
0.997615
0.999465
0.996815
0.999455
0.999375
0.999140
0.998585
0.993980
0.999060
0.999160
0.999400
0.997370
0.975480
0.994820
0.999420
0.971890
0.999230
0.995750
0.999465
0.999450
0.985400
0.999465
0.999420
0.998070
0.999395
0.999230
0.999400
0.995055
0.999465
0.998235
0.999385
0.998625
0.995950
0.999150
0.997360
0.999400
0.998440
0.999250
0.999465
0.999120
0.999465
0.999465
0.999455
0.999390
0.999350
0.999240
0.999415
0.999455
0.999395
0.999175
0.998550
0.998315
0.999260
0.997645
0.999340
0.999435
0.999465
0.999465
0.999465
0.998630
0.999380
0.999445
0.993530
0.997900
0.999465
0.997865
0.999465
0.999395
0.999110
0.999465
0.999310
0.996270
0.999460
0.999455
0.998840
0.999455
0.999465
0.999460
0.999275
0.999400
0.999465
0.999465
0.999435
0.999325
0.998060
0.998845
0.999240
0.998875
0.999315
0.999215
0.989560
0.999460
0.993570
0.991925
0.999365
0.998585
0.999445
0.999395
0.998620
0.999455
0.997725
0.999450
0.996900
0.999225
0.999305
0.999360
0.999375
0.999465
0.999440
0.998855
0.999220
0.999450
0.999320
0.993990
0.999320
0.969970
0.998610
0.999465
0.999185
0.996025
0.968920
0.999465
0.999430
0.999015
0.999435
0.999465
0.999445
0.996800
0.999430
0.999335
