0.999455
0.970240
0.999455
0.999455
0.999390
0.999455
0.998810
0.999385
0.999455
0.999445
0.999455
0.999415
0.998280
0.999210
0.999455
0.999440
0.995095
0.999455
0.999450
0.999455
0.999345
0.998455
0.998495
0.997420
0.993740
0.999365
0.998430
0.999435
0.999455
0.999455
0.997745
0.999375
0.999380
0.998775
0.999160
0.999455
0.999405
0.997620
0.999455
0.997815
0.998110
0.999455
0.999440
0.999450
0.999375
0.994620
0.998330
0.999410
0.999455
0.999405
0.997935
0.991665
0.999390
0.999080
0.999190
0.999445
0.999395
0.999360
0.999110
0.998655
0.999455
0.999435
0.999325
0.999455
0.999455
0.999420
0.999435
0.999400
0.999235
0.956335
0.997600
0.999455
0.996800
0.999445
0.999395
0.999110
0.998625
0.993845
0.999070
0.999135
0.999325
0.997315
0.975630
0.994900
0.999420
0.971605
0.999275
0.995455
0.999450
0.999440
0.985730
0.999455
0.999390
0.998290
0.999370
0.999250
0.999390
0.995090
0.999455
0.998280
0.999385
0.998705
0.995890
0.999175
0.996960
0.999365
0.998265
0.999190
0.999455
0.999045
0.999455
0.999455
0.999450
0.999375
0.999325
0.999265
0.999420
0.999430
0.999385
0.999215
0.998550
0.998345
0.999175
0.997650
0.999385
0.999400
0.999455
0.999455
0.999455
0.998690
0.999375
0.999445
0.993555
0.997605
0.999455
0.997910
0.999455
0.999415
0.999145
0.999455
0.999305
0.996490
0.999450
0.999430
0.998950
0.999450
0.999455
0.999440
0.999250
0.999425
0.999450
0.999455
0.999400
0.999285
0.998070
0.998890
0.999280
0.998965
0.999295
0.999205
0.989420
0.999455
0.993640
0.991875
0.999370
0.998660
0.999430
0.999370
0.998715
0.999440
0.997655
0.999425
0.996555
0.999250
0.999300
0.999350
0.999380
0.999455
0.999430
0.998830
0.999200
0.999430
0.999315
0.994350
0.999305
0.969630
0.998665
0.999455
0.999165
0.995735
0.968770
0.999455
0.999435
0.998960
0.999455
0.999455
0.999450
0.996695
0.999425
0.999290
