0.999385
0.969940
0.999385
0.999385
0.999325
0.999385
0.998715
0.999340
0.999385
0.999360
0.999385
0.999350
0.998060
0.999120
0.999385
0.999325
0.995060
0.999385
0.999375
0.999385
0.999225
0.998255
0.998430
0.997390
0.993730
0.999270
0.998355
0.999370
0.999385
0.999380
0.997565
0.999270
0.999285
0.998795
0.999120
0.999385
0.999330
0.997640
0.999380
0.997775
0.998155
0.999380
0.999355
0.999385
0.999280
0.994940
0.998255
0.999370
0.999385
0.999315
0.997915
0.992155
0.999305
0.998955
0.999165
0.999380
0.999300
0.999250
0.998870
0.998625
0.999385
0.999350
0.999230
0.999380
0.999385
0.999355
0.999380
0.999315
0.999205
0.956785
0.997430
0.999385
0.996785
0.999370
0.999320
0.998995
0.998550
0.993815
0.999040
0.999095
0.999260
0.997300
0.975860
0.994975
0.999330
0.971685
0.999210
0.995675
0.999385
0.999370
0.985815
0.999385
0.999320
0.998010
0.999280
0.999060
0.999355
0.995190
0.999385
0.998285
0.999320
0.998635
0.995960
0.999135
0.996960
0.999335
0.998155
0.999125
0.999385
0.998980
0.999385
0.999385
0.999375
0.999330
0.999270
0.999205
0.999355
0.999370
0.999340
0.999175
0.998405
0.998360
0.999155
0.997790
0.999310
0.999295
0.999385
0.999385
0.999385
0.998725
0.999305
0.999355
0.993445
0.997580
0.999385
0.997765
0.999385
0.999330
0.999040
0.999385
0.999225
0.996180
0.999380
0.999355
0.998800
0.999365
0.999385
0.999375
0.999120
0.999330
0.999385
0.999385
0.999335
0.999245
0.998170
0.998770
0.999240
0.998885
0.999250
0.999120
0.989055
0.999375
0.993445
0.991850
0.999300
0.998585
0.999355
0.999300
0.998535
0.999380
0.997655
0.999355
0.996615
0.999210
0.999150
0.999300
0.999270
0.999375
0.999355
0.998740
0.999080
0.999370
0.999215
0.994345
0.999225
0.970750
0.998465
0.999385
0.999115
0.995820
0.968610
0.999385
0.999370
0.998910
0.999380
0.999385
0.999375
0.996435
0.999370
0.999180
