0.999405
0.970050
0.999405
0.999405
0.999355
0.999405
0.998775
0.999345
0.999395
0.999380
0.999405
0.999385
0.998000
0.999150
0.999405
0.999335
0.994805
0.999405
0.999395
0.999405
0.999185
0.998295
0.998390
0.997370
0.993695
0.999295
0.998400
0.999385
0.999405
0.999400
0.997515
0.999310
0.999265
0.998775
0.999135
0.999405
0.999390
0.997755
0.999405
0.997635
0.998015
0.999405
0.999375
0.999400
0.999330
0.994740
0.998195
0.999355
0.999405
0.999355
0.997845
0.991870
0.999340
0.998990
0.999185
0.999400
0.999320
0.999315
0.999085
0.998475
0.999405
0.999370
0.999305
0.999405
0.999405
0.999370
0.999390
0.999350
0.999190
0.955805
0.997285
0.999405
0.996845
0.999405
0.999320
0.999065
0.998525
0.993525
0.999090
0.999125
0.999265
0.997245
0.974865
0.995020
0.999350
0.970975
0.999225
0.995505
0.999405
0.999385
0.985845
0.999405
0.999345
0.997940
0.999290
0.999125
0.999330
0.994705
0.999405
0.998225
0.999320
0.998685
0.995800
0.999120
0.997205
0.999340
0.998285
0.999175
0.999405
0.999010
0.999405
0.999405
0.999385
0.999355
0.999285
0.999200
0.999380
0.999380
0.999325
0.999130
0.998240
0.998280
0.999150
0.997590
0.999330
0.999290
0.999405
0.999405
0.999405
0.998590
0.999320
0.999385
0.993375
0.997860
0.999405
0.997830
0.999405
0.999365
0.999065
0.999400
0.999240
0.996325
0.999390
0.999385
0.998820
0.999390
0.999405
0.999385
0.999195
0.999370
0.999400
0.999405
0.999395
0.999265
0.997975
0.998815
0.999185
0.998950
0.999230
0.999125
0.989115
0.999395
0.993530
0.991410
0.999325
0.998690
0.999400
0.999310
0.998610
0.999405
0.997705
0.999360
0.996645
0.999225
0.999230
0.999335
0.999300
0.999405
0.999385
0.998765
0.999110
0.999390
0.999290
0.994110
0.999275
0.969670
0.998595
0.999405
0.999120
0.995805
0.968660
0.999405
0.999370
0.998865
0.999405
0.999405
0.999395
0.996720
0.999375
0.999270
