0.999460
0.970005
0.999460
0.999460
0.999395
0.999460
0.998875
0.999400
0.999455
0.999415
0.999455
0.999415
0.998420
0.999215
0.999460
0.999405
0.994935
0.999460
0.999460
0.999460
0.999295
0.998250
0.998525
0.997420
0.993605
0.999350
0.998530
0.999455
0.999460
0.999460
0.997650
0.999365
0.999310
0.998770
0.999215
0.999460
0.999435
0.997695
0.999460
0.997795
0.998125
0.999460
0.999445
0.999460
0.999365
0.994800
0.998280
0.999420
0.999460
0.999360
0.997750
0.991900
0.999395
0.999155
0.999185
0.999455
0.999415
0.999330
0.999020
0.998605
0.999460
0.999435
0.999315
0.999460
0.999455
0.999405
0.999455
0.999390
0.999210
0.956765
0.997440
0.999460
0.996815
0.999450
0.999400
0.999100
0.998565
0.994105
0.999105
0.999170
0.999360
0.997375
0.975705
0.994800
0.999415
0.971060
0.999280
0.995645
0.999460
0.999455
0.986095
0.999460
0.999400
0.998365
0.999410
0.999220
0.999405
0.995215
0.999460
0.998300
0.999385
0.998660
0.995920
0.999120
0.996990
0.999415
0.998220
0.999265
0.999460
0.999075
0.999460
0.999460
0.999430
0.999395
0.999365
0.999250
0.999430
0.999450
0.999405
0.999190
0.998565
0.998400
0.999260
0.997790
0.999405
0.999390
0.999460
0.999460
0.999460
0.998670
0.999370
0.999445
0.993330
0.997740
0.999460
0.997860
0.999460
0.999400
0.999075
0.999460
0.999315
0.996155
0.999460
0.999430
0.998795
0.999445
0.999460
0.999435
0.999290
0.999410
0.999460
0.999460
0.999420
0.999295
0.998190
0.998855
0.999255
0.998945
0.999315
0.999215
0.989100
0.999445
0.993625
0.991820
0.999400
0.998775
0.999450
0.999345
0.998670
0.999455
0.997720
0.999415
0.996760
0.999325
0.999260
0.999385
0.999360
0.999460
0.999450
0.998785
0.999255
0.999450
0.999315
0.993925
0.999320
0.969490
0.998650
0.999460
0.999195
0.996100
0.968960
0.999460
0.999440
0.999060
0.999440
0.999460
0.999455
0.996720
0.999440
0.999330
