0.999455
0.970800
0.999455
0.999455
0.999370
0.999455
0.998840
0.999405
0.999455
0.999440
0.999455
0.999425
0.998125
0.999210
0.999455
0.999405
0.995045
0.999455
0.999455
0.999455
0.999290
0.998225
0.998495
0.997485
0.993800
0.999350
0.998570
0.999450
0.999455
0.999455
0.997600
0.999340
0.999370
0.998760
0.999265
0.999455
0.999410
0.997625
0.999455
0.997815
0.998120
0.999455
0.999435
0.999455
0.999305
0.994870
0.998355
0.999425
0.999455
0.999375
0.997935
0.991820
0.999355
0.999080
0.999205
0.999450
0.999385
0.999400
0.998995
0.998615
0.999455
0.999415
0.999360
0.999450
0.999455
0.999395
0.999455
0.999395
0.999215
0.955535
0.997305
0.999455
0.996665
0.999455
0.999420
0.999125
0.998610
0.993915
0.999145
0.999185
0.999355
0.997240
0.976230
0.994785
0.999440
0.971875
0.999230
0.995555
0.999455
0.999445
0.985895
0.999455
0.999395
0.998085
0.999340
0.999225
0.999370
0.994905
0.999455
0.998340
0.999395
0.998690
0.996045
0.999110
0.997190
0.999420
0.998295
0.999240
0.999455
0.999150
0.999455
0.999455
0.999445
0.999390
0.999350
0.999250
0.999450
0.999430
0.999370
0.999170
0.998570
0.998460
0.999245
0.997555
0.999360
0.999400
0.999455
0.999455
0.999455
0.998585
0.999380
0.999435
0.993360
0.997890
0.999455
0.997910
0.999455
0.999410
0.999175
0.999455
0.999305
0.996290
0.999445
0.999435
0.998950
0.999455
0.999455
0.999445
0.999275
0.999405
0.999455
0.999455
0.999400
0.999340
0.998170
0.998910
0.999250
0.999000
0.999345
0.999115
0.989295
0.999440
0.993675
0.991325
0.999375
0.998605
0.999435
0.999340
0.998720
0.999450
0.997775
0.999425
0.996575
0.999280
0.999270
0.999350
0.999330
0.999455
0.999435
0.998890
0.999280
0.999455
0.999360
0.994310
0.999300
0.970275
0.998580
0.999455
0.999165
0.996110
0.968825
0.999455
0.999425
0.999070
0.999455
0.999455
0.999450
0.997070
0.999400
0.999295
