0.999365
0.969805
0.999360
0.999365
0.999325
0.999365
0.998640
0.999305
0.999355
0.999335
0.999360
0.999335
0.998085
0.999130
0.999365
0.999325
0.994965
0.999365
0.999365
0.999365
0.999210
0.998130
0.998535
0.997325
0.993620
0.999280
0.998360
0.999355
0.999365
0.999365
0.997535
0.999295
0.999250
0.998700
0.999140
0.999365
0.999320
0.997650
0.999365
0.997635
0.997990
0.999365
0.999355
0.999360
0.999270
0.994550
0.998145
0.999345
0.999365
0.999310
0.997870
0.991530
0.999285
0.999040
0.999055
0.999365
0.999310
0.999295
0.998945
0.998450
0.999365
0.999320
0.999275
0.999360
0.999365
0.999340
0.999340
0.999285
0.999165
0.956890
0.997080
0.999365
0.996755
0.999360
0.999310
0.999030
0.998385
0.993785
0.999010
0.999040
0.999265
0.997260
0.976240
0.994790
0.999320
0.971645
0.999160
0.995610
0.999360
0.999355
0.985940
0.999365
0.999315
0.998045
0.999275
0.999090
0.999305
0.994975
0.999365
0.998290
0.999295
0.998585
0.995915
0.999030
0.996930
0.999305
0.998190
0.999145
0.999365
0.999010
0.999365
0.999365
0.999350
0.999330
0.999220
0.999185
0.999310
0.999355
0.999320
0.999135
0.998505
0.998305
0.999180
0.997565
0.999275
0.999285
0.999365
0.999365
0.999365
0.998395
0.999275
0.999355
0.993585
0.997925
0.999365
0.997745
0.999365
0.999315
0.999040
0.999365
0.999140
0.996115
0.999365
0.999335
0.998640
0.999355
0.999365
0.999350
0.999180
0.999315
0.999360
0.999365
0.999310
0.999200
0.998005
0.998805
0.999185
0.998800
0.999205
0.999015
0.989350
0.999360
0.993160
0.991310
0.999285
0.998560
0.999350
0.999290
0.998625
0.999365
0.997680
0.999345
0.996655
0.999210
0.999170
0.999265
0.999260
0.999365
0.999350
0.998730
0.999110
0.999360
0.999270
0.993960
0.999205
0.969960
0.998565
0.999365
0.998980
0.995855
0.969005
0.999365
0.999345
0.998790
0.999355
0.999365
0.999360
0.996650
0.999330
0.999165
