0.999355
0.970085
0.999355
0.999355
0.999320
0.999355
0.998660
0.999330
0.999350
0.999345
0.999355
0.999340
0.997915
0.999090
0.999355
0.999295
0.994735
0.999355
0.999355
0.999355
0.999180
0.998095
0.998460
0.997300
0.993640
0.999195
0.998310
0.999335
0.999355
0.999355
0.997560
0.999300
0.999285
0.998575
0.999140
0.999355
0.999325
0.997555
0.999355
0.997695
0.998095
0.999355
0.999330
0.999355
0.999270
0.994755
0.998115
0.999330
0.999355
0.999295
0.997740
0.991565
0.999270
0.998885
0.999080
0.999350
0.999295
0.999295
0.998900
0.998535
0.999355
0.999335
0.999215
0.999350
0.999350
0.999300
0.999335
0.999305
0.999100
0.955905
0.997205
0.999355
0.996450
0.999355
0.999320
0.999060
0.998500
0.993915
0.998950
0.998955
0.999250
0.997230
0.975905
0.994890
0.999315
0.971335
0.999155
0.995330
0.999355
0.999340
0.985450
0.999355
0.999290
0.997900
0.999275
0.999035
0.999310
0.995145
0.999355
0.998145
0.999280
0.998700
0.995805
0.999025
0.996815
0.999295
0.998080
0.999100
0.999355
0.998910
0.999355
0.999355
0.999350
0.999250
0.999235
0.999075
0.999285
0.999335
0.999305
0.999140
0.998480
0.998340
0.999105
0.997640
0.999290
0.999285
0.999355
0.999355
0.999355
0.998590
0.999265
0.999340
0.993565
0.997620
0.999355
0.997815
0.999355
0.999305
0.999005
0.999355
0.999185
0.996150
0.999350
0.999335
0.998675
0.999335
0.999355
0.999345
0.999125
0.999290
0.999355
0.999355
0.999320
0.999160
0.998125
0.998820
0.999250
0.998795
0.999155
0.999135
0.988840
0.999350
0.993645
0.991465
0.999255
0.998565
0.999340
0.999275
0.998550
0.999345
0.997580
0.999320
0.996510
0.999120
0.999160
0.999275
0.999225
0.999355
0.999335
0.998815
0.999055
0.999355
0.999200
0.993900
0.999235
0.970265
0.998500
0.999355
0.999105
0.995785
0.968880
0.999355
0.999305
0.998985
0.999355
0.999355
0.999350
0.996565
0.999310
0.999225
