0.999500
0.969980
0.999500
0.999500
0.999435
0.999500
0.998825
0.999445
0.999500
0.999480
0.999500
0.999455
0.998360
0.999270
0.999500
0.999425
0.994950
0.999500
0.999500
0.999500
0.999355
0.998340
0.998670
0.997590
0.994070
0.999395
0.998565
0.999485
0.999500
0.999500
0.997665
0.999390
0.999380
0.998965
0.999240
0.999500
0.999455
0.997720
0.999495
0.997960
0.998245
0.999500
0.999490
0.999500
0.999410
0.995105
0.998370
0.999420
0.999500
0.999405
0.997980
0.992055
0.999425
0.999110
0.999270
0.999500
0.999425
0.999410
0.999130
0.998605
0.999500
0.999475
0.999380
0.999495
0.999495
0.999465
0.999495
0.999460
0.999275
0.956930
0.997605
0.999500
0.996825
0.999495
0.999435
0.999165
0.998675
0.993935
0.999135
0.999245
0.999395
0.997585
0.976150
0.994880
0.999470
0.972015
0.999270
0.995665
0.999495
0.999495
0.986010
0.999500
0.999435
0.998335
0.999405
0.999255
0.999425
0.995135
0.999500
0.998295
0.999440
0.998675
0.996055
0.999265
0.997160
0.999445
0.998410
0.999260
0.999495
0.999080
0.999500
0.999500
0.999500
0.999410
0.999405
0.999330
0.999485
0.999490
0.999410
0.999230
0.998520
0.998450
0.999330
0.997890
0.999405
0.999425
0.999500
0.999500
0.999500
0.998770
0.999370
0.999495
0.993600
0.997845
0.999500
0.997870
0.999500
0.999445
0.999180
0.999495
0.999340
0.996380
0.999500
0.999490
0.998900
0.999445
0.999500
0.999495
0.999310
0.999450
0.999500
0.999500
0.999470
0.999310
0.998260
0.999000
0.999345
0.998990
0.999325
0.999220
0.989380
0.999490
0.993850
0.991985
0.999385
0.998670
0.999495
0.999375
0.998770
0.999500
0.997895
0.999465
0.996770
0.999285
0.999285
0.999420
0.999390
0.999500
0.999480
0.998925
0.999275
0.999490
0.999360
0.994355
0.999345
0.969285
0.998600
0.999500
0.999175
0.996045
0.968910
0.999500
0.999470
0.999015
0.999500
0.999500
0.999500
0.996670
0.999480
0.999385
