0.999465
0.970250
0.999460
0.999465
0.999430
0.999465
0.998800
0.999430
0.999455
0.999440
0.999465
0.999420
0.998215
0.999190
0.999465
0.999435
0.995350
0.999465
0.999460
0.999465
0.999320
0.998415
0.998640
0.997570
0.993945
0.999330
0.998640
0.999460
0.999465
0.999465
0.997605
0.999350
0.999365
0.998785
0.999275
0.999465
0.999430
0.997785
0.999465
0.997920
0.998130
0.999465
0.999455
0.999465
0.999415
0.995125
0.998245
0.999430
0.999465
0.999345
0.997880
0.991875
0.999415
0.999070
0.999160
0.999455
0.999415
0.999355
0.999065
0.998435
0.999465
0.999430
0.999350
0.999465
0.999465
0.999400
0.999455
0.999405
0.999235
0.956200
0.997560
0.999465
0.996900
0.999445
0.999425
0.999115
0.998475
0.994200
0.999105
0.999240
0.999340
0.997335
0.976200
0.994815
0.999410
0.971145
0.999275
0.995745
0.999460
0.999440
0.986030
0.999465
0.999415
0.998170
0.999395
0.999185
0.999390
0.995165
0.999465
0.998350
0.999395
0.998700
0.996165
0.999175
0.997065
0.999430
0.998300
0.999245
0.999465
0.999090
0.999465
0.999460
0.999455
0.999415
0.999340
0.999265
0.999410
0.999455
0.999395
0.999285
0.998540
0.998350
0.999185
0.997750
0.999385
0.999365
0.999465
0.999465
0.999465
0.998725
0.999410
0.999460
0.993185
0.997770
0.999465
0.998055
0.999465
0.999415
0.999140
0.999465
0.999335
0.996315
0.999460
0.999440
0.998780
0.999455
0.999465
0.999450
0.999340
0.999430
0.999465
0.999465
0.999420
0.999340
0.998090
0.998875
0.999295
0.998965
0.999325
0.999185
0.989310
0.999460
0.993475
0.992135
0.999385
0.998590
0.999445
0.999405
0.998555
0.999450
0.997665
0.999435
0.996495
0.999265
0.999280
0.999390
0.999380
0.999465
0.999435
0.998830
0.999235
0.999440
0.999345
0.994285
0.999325
0.969955
0.998575
0.999465
0.999155
0.995815
0.969370
0.999465
0.999420
0.998970
0.999455
0.999465
0.999455
0.996705
0.999440
0.999280
