0.999400
0.970140
0.999400
0.999400
0.999350
0.999400
0.998820
0.999365
0.999400
0.999365
0.999400
0.999365
0.998010
0.999170
0.999400
0.999355
0.994955
0.999400
0.999400
0.999400
0.999275
0.998240
0.998500
0.997385
0.994065
0.999265
0.998465
0.999385
0.999400
0.999400
0.997725
0.999275
0.999310
0.998715
0.999135
0.999400
0.999345
0.997715
0.999400
0.997725
0.998225
0.999400
0.999350
0.999395
0.999320
0.994895
0.998250
0.999360
0.999400
0.999315
0.997870
0.991770
0.999330
0.999020
0.999115
0.999400
0.999330
0.999300
0.998975
0.998575
0.999400
0.999365
0.999300
0.999400
0.999400
0.999350
0.999390
0.999345
0.999210
0.956050
0.997480
0.999400
0.996950
0.999395
0.999315
0.999105
0.998565
0.993780
0.999050
0.999170
0.999230
0.997305
0.976480
0.994890
0.999370
0.972070
0.999245
0.995810
0.999400
0.999385
0.985960
0.999400
0.999335
0.998000
0.999345
0.999115
0.999345
0.995260
0.999400
0.998275
0.999365
0.998580
0.995895
0.999125
0.997105
0.999355
0.998235
0.999200
0.999400
0.999000
0.999400
0.999400
0.999395
0.999335
0.999305
0.999165
0.999390
0.999375
0.999340
0.999140
0.998435
0.998460
0.999125
0.997775
0.999335
0.999325
0.999400
0.999400
0.999400
0.998665
0.999295
0.999365
0.993795
0.997830
0.999400
0.997895
0.999400
0.999340
0.999100
0.999400
0.999250
0.996315
0.999395
0.999370
0.998780
0.999390
0.999400
0.999385
0.999235
0.999355
0.999395
0.999400
0.999380
0.999255
0.998280
0.998895
0.999195
0.998930
0.999260
0.999180
0.989445
0.999395
0.993735
0.992055
0.999315
0.998595
0.999395
0.999320
0.998640
0.999400
0.997740
0.999365
0.996715
0.999185
0.999240
0.999300
0.999305
0.999400
0.999375
0.998955
0.999200
0.999370
0.999295
0.994505
0.999200
0.969810
0.998615
0.999400
0.999130
0.995885
0.969510
0.999400
0.999340
0.999025
0.999390
0.999395
0.999395
0.996515
0.999375
0.999240
