0.999380
0.968955
0.999380
0.999380
0.999340
0.999380
0.998765
0.999330
0.999380
0.999365
0.999380
0.999365
0.998015
0.999170
0.999380
0.999340
0.994970
0.999380
0.999370
0.999380
0.999220
0.998115
0.998530
0.997370
0.993685
0.999270
0.998395
0.999375
0.999380
0.999380
0.997530
0.999275
0.999295
0.998765
0.999155
0.999380
0.999320
0.997590
0.999380
0.997755
0.998100
0.999380
0.999365
0.999375
0.999310
0.994980
0.998135
0.999325
0.999380
0.999300
0.997805
0.991780
0.999300
0.998950
0.999065
0.999375
0.999340
0.999290
0.998975
0.998435
0.999380
0.999365
0.999270
0.999380
0.999380
0.999365
0.999380
0.999345
0.999230
0.956205
0.997130
0.999375
0.996900
0.999375
0.999315
0.999020
0.998545
0.993660
0.999015
0.999080
0.999260
0.997310
0.975390
0.995035
0.999335
0.971325
0.999160
0.995660
0.999380
0.999355
0.985410
0.999380
0.999320
0.997980
0.999315
0.999160
0.999320
0.995225
0.999380
0.998215
0.999285
0.998640
0.995925
0.999090
0.996970
0.999300
0.998090
0.999155
0.999380
0.999010
0.999380
0.999380
0.999360
0.999315
0.999275
0.999185
0.999340
0.999360
0.999275
0.999140
0.998400
0.998295
0.999110
0.997745
0.999295
0.999300
0.999380
0.999380
0.999380
0.998585
0.999310
0.999370
0.993845
0.997635
0.999380
0.997830
0.999380
0.999295
0.999010
0.999380
0.999240
0.996190
0.999370
0.999370
0.998740
0.999360
0.999380
0.999370
0.999170
0.999325
0.999375
0.999380
0.999355
0.999215
0.998030
0.998885
0.999170
0.998890
0.999210
0.999100
0.989265
0.999380
0.993570
0.991515
0.999295
0.998575
0.999375
0.999230
0.998640
0.999365
0.997650
0.999350
0.996460
0.999230
0.999165
0.999275
0.999275
0.999380
0.999355
0.998740
0.999140
0.999355
0.999265
0.994060
0.999225
0.969665
0.998510
0.999380
0.999150
0.995870
0.968745
0.999380
0.999350
0.998880
0.999370
0.999380
0.999375
0.996710
0.999360
0.999195
