0.999400
0.969285
0.999400
0.999400
0.999370
0.999400
0.998675
0.999290
0.999400
0.999380
0.999400
0.999370
0.997990
0.999130
0.999400
0.999345
0.994975
0.999400
0.999400
0.999400
0.999165
0.998035
0.998525
0.997430
0.993660
0.999280
0.998585
0.999385
0.999400
0.999400
0.997460
0.999320
0.999280
0.998730
0.999110
0.999395
0.999365
0.997475
0.999400
0.997750
0.998085
0.999400
0.999365
0.999400
0.999275
0.994650
0.998115
0.999375
0.999400
0.999320
0.998100
0.991720
0.999350
0.998975
0.999195
0.999395
0.999330
0.999320
0.998915
0.998600
0.999400
0.999390
0.999270
0.999400
0.999390
0.999355
0.999395
0.999360
0.999155
0.956925
0.997305
0.999395
0.996575
0.999390
0.999365
0.998995
0.998570
0.993970
0.998975
0.999065
0.999245
0.997300
0.975470
0.994615
0.999385
0.970605
0.999155
0.995455
0.999395
0.999395
0.985630
0.999400
0.999345
0.997950
0.999295
0.999095
0.999340
0.994825
0.999400
0.998305
0.999335
0.998675
0.996015
0.999125
0.996945
0.999325
0.998375
0.999110
0.999400
0.998885
0.999400
0.999400
0.999390
0.999335
0.999255
0.999235
0.999325
0.999380
0.999320
0.999130
0.998430
0.998300
0.999170
0.997660
0.999280
0.999350
0.999400
0.999400
0.999400
0.998570
0.999315
0.999375
0.993560
0.997735
0.999400
0.997655
0.999400
0.999355
0.999155
0.999400
0.999195
0.996305
0.999400
0.999370
0.998800
0.999375
0.999400
0.999395
0.999185
0.999335
0.999395
0.999400
0.999355
0.999260
0.998110
0.998805
0.999215
0.998900
0.999260
0.999200
0.989525
0.999390
0.993375
0.991285
0.999285
0.998540
0.999380
0.999315
0.998605
0.999400
0.997620
0.999345
0.996820
0.999235
0.999290
0.999315
0.999295
0.999395
0.999385
0.998905
0.999150
0.999375
0.999255
0.994175
0.999235
0.970250
0.998610
0.999400
0.999115
0.996075
0.969260
0.999400
0.999370
0.998960
0.999395
0.999400
0.999390
0.996675
0.999380
0.999220
