0.999490
0.969810
0.999495
0.999495
0.999455
0.999495
0.998895
0.999445
0.999495
0.999475
0.999495
0.999470
0.998315
0.999220
0.999495
0.999465
0.995180
0.999495
0.999495
0.999495
0.999315
0.998355
0.998615
0.997550
0.993770
0.999340
0.998555
0.999495
0.999495
0.999490
0.997670
0.999395
0.999415
0.998820
0.999280
0.999495
0.999460
0.997765
0.999485
0.998055
0.998290
0.999495
0.999475
0.999495
0.999415
0.994890
0.998315
0.999460
0.999495
0.999430
0.997940
0.991665
0.999405
0.999065
0.999205
0.999490
0.999435
0.999390
0.999125
0.998595
0.999495
0.999470
0.999390
0.999485
0.999495
0.999435
0.999475
0.999455
0.999285
0.956910
0.997675
0.999495
0.996835
0.999490
0.999455
0.999270
0.998590
0.994060
0.999120
0.999240
0.999335
0.997455
0.976195
0.994950
0.999460
0.971235
0.999340
0.995700
0.999495
0.999495
0.985655
0.999495
0.999420
0.998290
0.999410
0.999240
0.999440
0.995130
0.999495
0.998430
0.999430
0.998680
0.996025
0.999205
0.997085
0.999425
0.998290
0.999270
0.999495
0.999140
0.999495
0.999495
0.999485
0.999430
0.999370
0.999360
0.999460
0.999485
0.999430
0.999250
0.998505
0.998560
0.999290
0.997650
0.999435
0.999340
0.999495
0.999495
0.999495
0.998795
0.999415
0.999480
0.993535
0.997990
0.999495
0.997990
0.999495
0.999435
0.999150
0.999495
0.999365
0.996220
0.999495
0.999460
0.998815
0.999450
0.999495
0.999490
0.999335
0.999420
0.999495
0.999495
0.999465
0.999305
0.998305
0.998960
0.999315
0.998950
0.999320
0.999220
0.989270
0.999490
0.993705
0.991750
0.999420
0.998590
0.999475
0.999415
0.998690
0.999485
0.997860
0.999430
0.996665
0.999340
0.999345
0.999395
0.999420
0.999495
0.999475
0.998885
0.999280
0.999490
0.999380
0.994290
0.999290
0.970690
0.998635
0.999495
0.999230
0.995890
0.969755
0.999495
0.999450
0.999125
0.999490
0.999495
0.999490
0.996810
0.999450
0.999355
