0.999460
0.970130
0.999460
0.999460
0.999400
0.999460
0.998890
0.999410
0.999450
0.999440
0.999460
0.999445
0.998175
0.999240
0.999460
0.999435
0.995225
0.999460
0.999460
0.999460
0.999275
0.998205
0.998590
0.997630
0.993490
0.999360
0.998565
0.999450
0.999460
0.999460
0.997860
0.999360
0.999375
0.998780
0.999250
0.999460
0.999420
0.997635
0.999460
0.997860
0.998215
0.999460
0.999415
0.999460
0.999400
0.994900
0.998180
0.999425
0.999460
0.999380
0.997930
0.991715
0.999395
0.999075
0.999210
0.999450
0.999410
0.999350
0.999025
0.998630
0.999460
0.999440
0.999345
0.999460
0.999460
0.999395
0.999455
0.999385
0.999260
0.956565
0.997405
0.999460
0.996875
0.999445
0.999425
0.999120
0.998615
0.993875
0.999050
0.999260
0.999380
0.997325
0.976230
0.994770
0.999425
0.971855
0.999230
0.995680
0.999455
0.999445
0.986110
0.999460
0.999405
0.998145
0.999395
0.999220
0.999415
0.995095
0.999450
0.998280
0.999395
0.998790
0.996290
0.999235
0.997210
0.999400
0.998210
0.999265
0.999460
0.999070
0.999460
0.999460
0.999455
0.999415
0.999345
0.999205
0.999425
0.999450
0.999410
0.999200
0.998435
0.998475
0.999230
0.997585
0.999385
0.999370
0.999460
0.999460
0.999460
0.998660
0.999350
0.999430
0.993515
0.997825
0.999460
0.998035
0.999460
0.999430
0.999145
0.999460
0.999300
0.996160
0.999460
0.999450
0.998935
0.999450
0.999460
0.999450
0.999250
0.999390
0.999460
0.999460
0.999440
0.999295
0.998195
0.998825
0.999265
0.998865
0.999285
0.999190
0.989710
0.999440
0.993430
0.991500
0.999370
0.998685
0.999445
0.999375
0.998590
0.999460
0.997715
0.999445
0.996745
0.999285
0.999280
0.999370
0.999345
0.999460
0.999445
0.998780
0.999255
0.999445
0.999330
0.994335
0.999300
0.969900
0.998615
0.999460
0.999200
0.996160
0.969350
0.999460
0.999415
0.998995
0.999445
0.999460
0.999450
0.996775
0.999400
0.999295
