0.999400
0.969250
0.999395
0.999400
0.999365
0.999400
0.998815
0.999340
0.999400
0.999380
0.999395
0.999365
0.998080
0.999150
0.999400
0.999375
0.995040
0.999400
0.999395
0.999400
0.999245
0.998360
0.998535
0.997395
0.993885
0.999290
0.998540
0.999395
0.999400
0.999400
0.997670
0.999325
0.999310
0.998810
0.999145
0.999395
0.999360
0.997635
0.999400
0.997800
0.998100
0.999400
0.999375
0.999395
0.999335
0.994910
0.998300
0.999375
0.999400
0.999315
0.997650
0.991855
0.999350
0.998995
0.999055
0.999395
0.999310
0.999305
0.999000
0.998475
0.999400
0.999385
0.999370
0.999390
0.999395
0.999340
0.999385
0.999315
0.999160
0.956835
0.997325
0.999395
0.996850
0.999390
0.999305
0.999135
0.998605
0.993900
0.999095
0.999140
0.999270
0.997445
0.977055
0.994880
0.999365
0.971405
0.999195
0.995795
0.999400
0.999385
0.985820
0.999400
0.999350
0.998035
0.999340
0.999210
0.999350
0.994995
0.999400
0.998245
0.999325
0.998740
0.996000
0.999070
0.996990
0.999325
0.998190
0.999125
0.999395
0.999085
0.999400
0.999400
0.999395
0.999340
0.999280
0.999260
0.999330
0.999385
0.999335
0.999190
0.998530
0.998290
0.999195
0.997610
0.999320
0.999310
0.999400
0.999400
0.999400
0.998585
0.999325
0.999390
0.993440
0.997930
0.999400
0.997895
0.999400
0.999340
0.999085
0.999400
0.999275
0.996305
0.999400
0.999385
0.998770
0.999390
0.999400
0.999390
0.999255
0.999350
0.999395
0.999400
0.999350
0.999260
0.998235
0.998910
0.999195
0.998945
0.999240
0.999165
0.989155
0.999395
0.993765
0.991245
0.999320
0.998395
0.999390
0.999345
0.998660
0.999390
0.997775
0.999365
0.996660
0.999230
0.999230
0.999320
0.999325
0.999400
0.999355
0.998775
0.999135
0.999385
0.999360
0.993945
0.999285
0.970940
0.998535
0.999400
0.999145
0.995710
0.969430
0.999400
0.999385
0.998925
0.999380
0.999400
0.999385
0.996755
0.999360
0.999260
