0.999405
0.969740
0.999405
0.999405
0.999370
0.999405
0.998870
0.999365
0.999405
0.999395
0.999405
0.999355
0.998125
0.999160
0.999405
0.999340
0.994965
0.999405
0.999405
0.999405
0.999270
0.998210
0.998620
0.997490
0.993585
0.999310
0.998490
0.999400
0.999405
0.999405
0.997610
0.999300
0.999280
0.998825
0.999170
0.999405
0.999350
0.997605
0.999405
0.997755
0.997925
0.999405
0.999360
0.999400
0.999325
0.994915
0.998205
0.999355
0.999405
0.999335
0.997810
0.991750
0.999320
0.999010
0.999125
0.999395
0.999320
0.999280
0.999025
0.998425
0.999405
0.999360
0.999350
0.999405
0.999400
0.999350
0.999395
0.999350
0.999155
0.957685
0.997400
0.999405
0.996700
0.999400
0.999335
0.999050
0.998585
0.993770
0.999070
0.999120
0.999300
0.997410
0.975615
0.994670
0.999365
0.971535
0.999220
0.995480
0.999395
0.999405
0.985915
0.999405
0.999330
0.998080
0.999335
0.999115
0.999335
0.994975
0.999400
0.998225
0.999340
0.998660
0.995905
0.999150
0.997095
0.999345
0.998235
0.999165
0.999405
0.999005
0.999405
0.999405
0.999395
0.999305
0.999310
0.999190
0.999350
0.999395
0.999365
0.999130
0.998495
0.998265
0.999160
0.997680
0.999285
0.999335
0.999405
0.999405
0.999405
0.998650
0.999365
0.999380
0.993250
0.997635
0.999405
0.997865
0.999405
0.999340
0.999075
0.999405
0.999250
0.996200
0.999405
0.999375
0.998765
0.999395
0.999405
0.999390
0.999255
0.999340
0.999400
0.999405
0.999390
0.999260
0.997945
0.998800
0.999260
0.998935
0.999250
0.999140
0.989570
0.999405
0.993525
0.991800
0.999335
0.998585
0.999375
0.999290
0.998470
0.999390
0.997720
0.999380
0.996485
0.999205
0.999200
0.999290
0.999290
0.999405
0.999390
0.998800
0.999195
0.999390
0.999340
0.994205
0.999210
0.969295
0.998580
0.999405
0.999155
0.996105
0.969380
0.999405
0.999365
0.998935
0.999390
0.999405
0.999395
0.996660
0.999390
0.999235
