0.999455
0.970550
0.999450
0.999455
0.999375
0.999455
0.998890
0.999390
0.999455
0.999415
0.999450
0.999420
0.998245
0.999230
0.999455
0.999400
0.995005
0.999455
0.999455
0.999455
0.999295
0.998315
0.998575
0.997235
0.993470
0.999305
0.998435
0.999440
0.999455
0.999455
0.997620
0.999365
0.999315
0.998720
0.999200
0.999450
0.999420
0.997650
0.999455
0.997775
0.998095
0.999455
0.999445
0.999450
0.999400
0.994850
0.998215
0.999410
0.999455
0.999390
0.997800
0.991870
0.999365
0.999085
0.999140
0.999450
0.999380
0.999330
0.999020
0.998500
0.999455
0.999445
0.999350
0.999440
0.999455
0.999415
0.999450
0.999385
0.999225
0.955440
0.997480
0.999455
0.996655
0.999445
0.999390
0.999155
0.998570
0.994260
0.999075
0.999165
0.999340
0.997460
0.975240
0.994970
0.999405
0.972405
0.999220
0.995640
0.999455
0.999455
0.985810
0.999455
0.999395
0.998175
0.999370
0.999190
0.999400
0.995020
0.999455
0.998190
0.999420
0.998725
0.995685
0.999165
0.997185
0.999425
0.998105
0.999245
0.999450
0.999125
0.999455
0.999455
0.999435
0.999365
0.999365
0.999345
0.999420
0.999450
0.999370
0.999180
0.998480
0.998365
0.999230
0.997635
0.999365
0.999355
0.999455
0.999455
0.999455
0.998760
0.999365
0.999455
0.993490
0.997870
0.999455
0.997845
0.999455
0.999390
0.999205
0.999455
0.999310
0.996295
0.999450
0.999415
0.998730
0.999445
0.999455
0.999440
0.999210
0.999415
0.999445
0.999455
0.999405
0.999280
0.998070
0.998845
0.999180
0.998885
0.999280
0.999165
0.989175
0.999450
0.993600
0.991700
0.999395
0.998680
0.999440
0.999350
0.998740
0.999440
0.997705
0.999400
0.996495
0.999280
0.999280
0.999410
0.999390
0.999455
0.999450
0.998805
0.999220
0.999430
0.999330
0.994010
0.999300
0.970080
0.998650
0.999455
0.999095
0.995840
0.969045
0.999455
0.999435
0.998980
0.999445
0.999455
0.999450
0.996695
0.999410
0.999310
