0.999440
0.970420
0.999440
0.999440
0.999390
0.999440
0.998880
0.999385
0.999440
0.999415
0.999435
0.999405
0.998185
0.999225
0.999440
0.999390
0.994940
0.999440
0.999440
0.999440
0.999225
0.998230
0.998540
0.997375
0.993800
0.999325
0.998505
0.999410
0.999440
0.999440
0.997730
0.999370
0.999365
0.998820
0.999180
0.999440
0.999405
0.997590
0.999440
0.997635
0.998170
0.999440
0.999425
0.999440
0.999360
0.994860
0.998175
0.999415
0.999440
0.999380
0.997870
0.991665
0.999365
0.999000
0.999230
0.999430
0.999365
0.999310
0.999095
0.998455
0.999440
0.999400
0.999315
0.999440
0.999430
0.999390
0.999430
0.999385
0.999230
0.956010
0.997410
0.999435
0.996615
0.999430
0.999410
0.999115
0.998540
0.993775
0.999130
0.999115
0.999305
0.997175
0.976035
0.994980
0.999410
0.970635
0.999230
0.995715
0.999435
0.999430
0.985635
0.999440
0.999365
0.998135
0.999340
0.999170
0.999385
0.994990
0.999435
0.998150
0.999345
0.998630
0.995990
0.999150
0.996625
0.999370
0.998280
0.999270
0.999440
0.999140
0.999440
0.999440
0.999435
0.999380
0.999300
0.999235
0.999380
0.999430
0.999375
0.999200
0.998530
0.998285
0.999215
0.997580
0.999355
0.999405
0.999440
0.999440
0.999440
0.998660
0.999385
0.999440
0.993500
0.997795
0.999440
0.997765
0.999440
0.999390
0.999120
0.999440
0.999255
0.996230
0.999440
0.999435
0.998990
0.999405
0.999440
0.999425
0.999280
0.999385
0.999440
0.999440
0.999380
0.999260
0.998130
0.998820
0.999280
0.998965
0.999245
0.999155
0.989265
0.999425
0.993295
0.991545
0.999325
0.998655
0.999435
0.999325
0.998685
0.999425
0.997730
0.999400
0.996560
0.999205
0.999245
0.999370
0.999325
0.999440
0.999420
0.998835
0.999180
0.999420
0.999290
0.994145
0.999295
0.970185
0.998540
0.999440
0.999170
0.995835
0.969550
0.999440
0.999415
0.999020
0.999425
0.999440
0.999430
0.996485
0.999405
0.999315
