0.999450
0.969095
0.999450
0.999450
0.999415
0.999450
0.998875
0.999385
0.999450
0.999435
0.999445
0.999420
0.998210
0.999270
0.999450
0.999420
0.994985
0.999450
0.999435
0.999450
0.999305
0.998285
0.998495
0.997415
0.994000
0.999330
0.998545
0.999435
0.999450
0.999450
0.997700
0.999365
0.999330
0.998695
0.999210
0.999450
0.999390
0.997755
0.999450
0.997800
0.998045
0.999450
0.999440
0.999450
0.999335
0.994750
0.998230
0.999425
0.999450
0.999400
0.997835
0.992280
0.999370
0.998965
0.999120
0.999450
0.999385
0.999345
0.999020
0.998485
0.999450
0.999410
0.999340
0.999445
0.999440
0.999415
0.999440
0.999370
0.999255
0.956670
0.997430
0.999450
0.996830
0.999435
0.999400
0.999080
0.998690
0.994050
0.999205
0.999190
0.999320
0.997355
0.976310
0.994900
0.999410
0.971340
0.999270
0.995445
0.999450
0.999440
0.986445
0.999450
0.999375
0.998190
0.999355
0.999200
0.999390
0.994985
0.999450
0.998265
0.999390
0.998655
0.995940
0.999150
0.997090
0.999415
0.998370
0.999175
0.999450
0.999010
0.999450
0.999450
0.999440
0.999390
0.999330
0.999260
0.999410
0.999435
0.999375
0.999235
0.998435
0.998315
0.999240
0.997675
0.999365
0.999400
0.999450
0.999450
0.999450
0.998780
0.999375
0.999440
0.993645
0.998000
0.999450
0.997730
0.999450
0.999405
0.999060
0.999450
0.999295
0.996370
0.999440
0.999420
0.998780
0.999420
0.999450
0.999430
0.999270
0.999390
0.999450
0.999450
0.999405
0.999270
0.998070
0.998915
0.999275
0.999010
0.999270
0.999180
0.989255
0.999445
0.993435
0.991410
0.999370
0.998640
0.999440
0.999305
0.998720
0.999445
0.997795
0.999415
0.996755
0.999300
0.999285
0.999335
0.999345
0.999450
0.999435
0.998825
0.999190
0.999445
0.999330
0.994575
0.999310
0.969915
0.998610
0.999450
0.999225
0.995815
0.968700
0.999450
0.999435
0.998965
0.999445
0.999450
0.999445
0.996660
0.999410
0.999285
