0.999415
0.969615
0.999415
0.999415
0.999350
0.999415
0.998780
0.999375
0.999415
0.999390
0.999415
0.999375
0.998055
0.999065
0.999410
0.999345
0.994905
0.999415
0.999415
0.999415
0.999185
0.998265
0.998495
0.997510
0.993520
0.999300
0.998570
0.999415
0.999415
0.999415
0.997640
0.999345
0.999345
0.998835
0.999160
0.999410
0.999390
0.997715
0.999410
0.997720
0.998130
0.999415
0.999390
0.999415
0.999335
0.994915
0.998120
0.999370
0.999415
0.999335
0.997945
0.992250
0.999340
0.999030
0.999185
0.999410
0.999345
0.999265
0.998970
0.998590
0.999415
0.999405
0.999280
0.999415
0.999415
0.999340
0.999390
0.999360
0.999230
0.956660
0.997490
0.999410
0.996705
0.999410
0.999335
0.999110
0.998610
0.994115
0.999015
0.999095
0.999275
0.997185
0.976290
0.994705
0.999380
0.972475
0.999195
0.995655
0.999405
0.999400
0.986100
0.999415
0.999370
0.998065
0.999340
0.999165
0.999365
0.995020
0.999415
0.998130
0.999330
0.998685
0.995875
0.999150
0.997150
0.999355
0.998215
0.999195
0.999415
0.998980
0.999415
0.999415
0.999415
0.999365
0.999285
0.999215
0.999375
0.999400
0.999355
0.999140
0.998510
0.998385
0.999115
0.997545
0.999310
0.999350
0.999415
0.999415
0.999415
0.998670
0.999325
0.999390
0.993390
0.997770
0.999415
0.997900
0.999415
0.999350
0.999060
0.999410
0.999275
0.996235
0.999410
0.999385
0.998820
0.999405
0.999415
0.999385
0.999295
0.999340
0.999415
0.999415
0.999390
0.999275
0.998010
0.998995
0.999260
0.998890
0.999275
0.999140
0.989675
0.999400
0.993730
0.991840
0.999340
0.998645
0.999395
0.999305
0.998660
0.999405
0.997675
0.999380
0.996420
0.999170
0.999230
0.999350
0.999335
0.999415
0.999395
0.998895
0.999155
0.999385
0.999280
0.994390
0.999225
0.970815
0.998550
0.999415
0.999160
0.995925
0.969455
0.999415
0.999405
0.999030
0.999400
0.999415
0.999395
0.996555
0.999405
0.999255
