0.999455
0.969770
0.999450
0.999455
0.999400
0.999455
0.998840
0.999395
0.999455
0.999435
0.999455
0.999415
0.998275
0.999145
0.999455
0.999405
0.994850
0.999455
0.999445
0.999455
0.999290
0.998300
0.998590
0.997475
0.993610
0.999345
0.998395
0.999445
0.999455
0.999455
0.997700
0.999405
0.999325
0.998730
0.999240
0.999455
0.999430
0.997610
0.999455
0.997855
0.998220
0.999455
0.999430
0.999450
0.999370
0.994900
0.998205
0.999420
0.999455
0.999385
0.997835
0.991505
0.999405
0.999170
0.999170
0.999450
0.999370
0.999320
0.998975
0.998525
0.999455
0.999440
0.999330
0.999455
0.999455
0.999415
0.999450
0.999375
0.999265
0.957595
0.997425
0.999455
0.996775
0.999445
0.999380
0.999125
0.998615
0.993940
0.999035
0.999155
0.999375
0.997365
0.976120
0.994575
0.999410
0.970985
0.999275
0.995335
0.999455
0.999450
0.985705
0.999455
0.999405
0.998255
0.999375
0.999235
0.999375
0.995040
0.999455
0.998345
0.999400
0.998660
0.995765
0.999095
0.997000
0.999390
0.998250
0.999275
0.999455
0.999110
0.999455
0.999455
0.999445
0.999385
0.999320
0.999255
0.999420
0.999440
0.999385
0.999215
0.998565
0.998330
0.999225
0.997715
0.999405
0.999350
0.999455
0.999455
0.999455
0.998675
0.999350
0.999435
0.993090
0.997820
0.999455
0.997635
0.999455
0.999410
0.999130
0.999455
0.999280
0.996300
0.999455
0.999430
0.998755
0.999455
0.999455
0.999435
0.999270
0.999395
0.999450
0.999455
0.999425
0.999275
0.998255
0.998885
0.999295
0.998930
0.999265
0.999215
0.989225
0.999440
0.993520
0.991915
0.999335
0.998570
0.999435
0.999310
0.998670
0.999440
0.997735
0.999395
0.996670
0.999270
0.999265
0.999355
0.999325
0.999455
0.999430
0.998875
0.999200
0.999445
0.999305
0.994075
0.999300
0.970415
0.998670
0.999455
0.999100
0.995765
0.969105
0.999455
0.999435
0.998985
0.999435
0.999455
0.999450
0.996745
0.999410
0.999275
