0.999475
0.970175
0.999475
0.999475
0.999430
0.999475
0.998820
0.999430
0.999475
0.999455
0.999475
0.999430
0.998200
0.999295
0.999475
0.999385
0.994775
0.999475
0.999475
0.999475
0.999340
0.998275
0.998605
0.997580
0.993750
0.999345
0.998575
0.999465
0.999475
0.999475
0.997545
0.999385
0.999365
0.998780
0.999290
0.999475
0.999440
0.997660
0.999475
0.997845
0.998215
0.999475
0.999445
0.999470
0.999405
0.994980
0.998315
0.999445
0.999475
0.999395
0.997985
0.992015
0.999400
0.999070
0.999175
0.999460
0.999430
0.999420
0.999100
0.998535
0.999475
0.999470
0.999360
0.999470
0.999470
0.999435
0.999475
0.999440
0.999245
0.956265
0.997330
0.999470
0.996830
0.999460
0.999445
0.999170
0.998560
0.994000
0.999090
0.999215
0.999400
0.997190
0.975940
0.994835
0.999415
0.971880
0.999310
0.995610
0.999475
0.999460
0.986175
0.999475
0.999400
0.998180
0.999395
0.999200
0.999400
0.995115
0.999470
0.998325
0.999410
0.998805
0.995925
0.999190
0.997120
0.999425
0.998250
0.999270
0.999470
0.999130
0.999475
0.999475
0.999465
0.999400
0.999380
0.999270
0.999455
0.999460
0.999410
0.999210
0.998510
0.998410
0.999290
0.997905
0.999375
0.999390
0.999475
0.999475
0.999475
0.998695
0.999425
0.999450
0.993300
0.997930
0.999475
0.998015
0.999475
0.999405
0.999180
0.999475
0.999295
0.996140
0.999475
0.999455
0.998850
0.999465
0.999475
0.999460
0.999285
0.999440
0.999465
0.999475
0.999420
0.999345
0.998230
0.998940
0.999315
0.998935
0.999335
0.999215
0.989295
0.999465
0.993380
0.991780
0.999390
0.998730
0.999460
0.999360
0.998670
0.999475
0.997705
0.999430
0.996745
0.999305
0.999335
0.999410
0.999360
0.999475
0.999450
0.998765
0.999245
0.999475
0.999350
0.994145
0.999340
0.970645
0.998700
0.999475
0.999195
0.996070
0.969305
0.999475
0.999445
0.998985
0.999470
0.999475
0.999475
0.996795
0.999460
0.999305
