0.999435
0.970360
0.999435
0.999435
0.999380
0.999435
0.998870
0.999385
0.999435
0.999420
0.999435
0.999405
0.998325
0.999200
0.999435
0.999365
0.995105
0.999435
0.999430
0.999435
0.999230
0.998235
0.998530
0.997430
0.993765
0.999310
0.998545
0.999430
0.999435
0.999435
0.997625
0.999360
0.999360
0.998815
0.999230
0.999435
0.999395
0.997600
0.999425
0.997835
0.998255
0.999435
0.999420
0.999430
0.999390
0.995165
0.998180
0.999405
0.999435
0.999350
0.997925
0.991750
0.999365
0.999030
0.999220
0.999435
0.999385
0.999310
0.998955
0.998545
0.999435
0.999420
0.999310
0.999435
0.999425
0.999390
0.999420
0.999395
0.999195
0.955585
0.997595
0.999435
0.996765
0.999425
0.999375
0.999070
0.998585
0.993815
0.999140
0.999220
0.999340
0.997475
0.976135
0.994600
0.999395
0.972285
0.999190
0.995635
0.999425
0.999425
0.985565
0.999435
0.999365
0.998260
0.999360
0.999245
0.999385
0.994745
0.999435
0.998350
0.999375
0.998720
0.995980
0.999190
0.997180
0.999375
0.998250
0.999145
0.999435
0.999025
0.999435
0.999435
0.999425
0.999380
0.999295
0.999215
0.999390
0.999430
0.999385
0.999140
0.998620
0.998515
0.999240
0.997550
0.999325
0.999380
0.999435
0.999435
0.999435
0.998625
0.999340
0.999430
0.993295
0.997820
0.999435
0.997855
0.999435
0.999405
0.999130
0.999435
0.999295
0.996555
0.999430
0.999420
0.998750
0.999420
0.999435
0.999425
0.999230
0.999395
0.999425
0.999435
0.999400
0.999255
0.998240
0.998880
0.999260
0.999015
0.999245
0.999135
0.989285
0.999430
0.993785
0.991750
0.999360
0.998645
0.999425
0.999335
0.998675
0.999425
0.997705
0.999405
0.996590
0.999270
0.999270
0.999335
0.999305
0.999435
0.999410
0.998785
0.999210
0.999435
0.999275
0.994175
0.999265
0.969775
0.998700
0.999435
0.999185
0.996125
0.968905
0.999435
0.999400
0.998940
0.999430
0.999435
0.999420
0.996605
0.999395
0.999330
