0.999380
0.969220
0.999380
0.999380
0.999310
0.999380
0.998820
0.999330
0.999380
0.999360
0.999380
0.999345
0.998105
0.999095
0.999380
0.999340
0.994980
0.999380
0.999375
0.999380
0.999210
0.998190
0.998555
0.997420
0.993625
0.999255
0.998450
0.999375
0.999380
0.999380
0.997505
0.999320
0.999285
0.998690
0.999170
0.999380
0.999340
0.997650
0.999375
0.997740
0.998050
0.999380
0.999375
0.999375
0.999305
0.994855
0.998195
0.999315
0.999380
0.999300
0.997970
0.991800
0.999295
0.999015
0.999080
0.999370
0.999325
0.999285
0.998990
0.998435
0.999380
0.999355
0.999265
0.999380
0.999375
0.999325
0.999375
0.999285
0.999235
0.955200
0.997395
0.999380
0.996640
0.999370
0.999335
0.999060
0.998430
0.993870
0.998975
0.999125
0.999260
0.997280
0.976670
0.994525
0.999320
0.971130
0.999190
0.995660
0.999380
0.999370
0.986270
0.999380
0.999325
0.998115
0.999295
0.999160
0.999310
0.995115
0.999380
0.998290
0.999320
0.998560
0.995870
0.999125
0.996735
0.999300
0.998300
0.999125
0.999380
0.999005
0.999380
0.999380
0.999380
0.999320
0.999265
0.999235
0.999325
0.999370
0.999270
0.999115
0.998480
0.998290
0.999150
0.997580
0.999320
0.999275
0.999380
0.999380
0.999380
0.998665
0.999295
0.999375
0.993400
0.997635
0.999380
0.997910
0.999380
0.999365
0.999095
0.999380
0.999260
0.996100
0.999370
0.999355
0.998695
0.999365
0.999380
0.999375
0.999240
0.999325
0.999375
0.999380
0.999340
0.999240
0.998045
0.998780
0.999210
0.998860
0.999225
0.999100
0.989085
0.999375
0.993230
0.991745
0.999310
0.998485
0.999370
0.999275
0.998520
0.999365
0.997705
0.999350
0.996500
0.999190
0.999195
0.999310
0.999235
0.999380
0.999360
0.998775
0.999115
0.999360
0.999235
0.994080
0.999270
0.970540
0.998520
0.999380
0.999110
0.995605
0.968935
0.999380
0.999340
0.998950
0.999360
0.999380
0.999365
0.996635
0.999355
0.999235
