0.999480
0.970200
0.999475
0.999480
0.999450
0.999480
0.998920
0.999440
0.999480
0.999445
0.999480
0.999435
0.998205
0.999220
0.999480
0.999425
0.995235
0.999480
0.999470
0.999480
0.999350
0.998480
0.998605
0.997475
0.993730
0.999320
0.998555
0.999465
0.999475
0.999480
0.997620
0.999380
0.999385
0.998825
0.999245
0.999475
0.999440
0.997775
0.999480
0.998050
0.998185
0.999480
0.999425
0.999480
0.999370
0.994620
0.998340
0.999440
0.999480
0.999400
0.998050
0.991645
0.999430
0.999110
0.999250
0.999480
0.999390
0.999355
0.999010
0.998685
0.999480
0.999460
0.999355
0.999480
0.999480
0.999415
0.999480
0.999425
0.999220
0.955790
0.997325
0.999480
0.996885
0.999480
0.999410
0.999150
0.998510
0.994025
0.999130
0.999170
0.999340
0.997320
0.975930
0.994735
0.999450
0.971445
0.999255
0.995515
0.999480
0.999480
0.985450
0.999480
0.999415
0.998160
0.999370
0.999275
0.999400
0.994875
0.999480
0.998315
0.999390
0.998710
0.995820
0.999200
0.996845
0.999420
0.998280
0.999325
0.999475
0.999150
0.999480
0.999480
0.999470
0.999440
0.999390
0.999280
0.999450
0.999455
0.999435
0.999255
0.998570
0.998355
0.999260
0.997435
0.999395
0.999430
0.999480
0.999480
0.999480
0.998690
0.999395
0.999450
0.993405
0.997990
0.999480
0.997855
0.999480
0.999415
0.999100
0.999480
0.999230
0.996250
0.999480
0.999465
0.998935
0.999460
0.999480
0.999465
0.999325
0.999425
0.999475
0.999480
0.999460
0.999350
0.998200
0.998810
0.999310
0.998990
0.999325
0.999230
0.989400
0.999475
0.993760
0.991585
0.999370
0.998560
0.999450
0.999370
0.998695
0.999470
0.997720
0.999430
0.996845
0.999255
0.999295
0.999400
0.999375
0.999480
0.999445
0.998855
0.999255
0.999460
0.999340
0.994425
0.999370
0.969940
0.998655
0.999480
0.999140
0.995905
0.968625
0.999480
0.999435
0.999005
0.999450
0.999480
0.999475
0.996565
0.999420
0.999350
