0.999430
0.969940
0.999430
0.999430
0.999370
0.999430
0.998805
0.999355
0.999430
0.999385
0.999425
0.999385
0.998200
0.999190
0.999430
0.999390
0.994920
0.999430
0.999420
0.999430
0.999260
0.998245
0.998565
0.997640
0.993875
0.999325
0.998470
0.999410
0.999430
0.999430
0.997655
0.999365
0.999310
0.998720
0.999215
0.999425
0.999405
0.997635
0.999430
0.997865
0.998010
0.999425
0.999415
0.999425
0.999360
0.995215
0.998315
0.999385
0.999430
0.999340
0.997835
0.991875
0.999385
0.999130
0.999215
0.999425
0.999385
0.999320
0.998995
0.998600
0.999430
0.999415
0.999310
0.999430
0.999430
0.999400
0.999430
0.999400
0.999255
0.955880
0.997555
0.999420
0.996880
0.999405
0.999375
0.999105
0.998550
0.993840
0.999060
0.999160
0.999320
0.997535
0.975780
0.995010
0.999375
0.971695
0.999205
0.995885
0.999430
0.999415
0.985965
0.999430
0.999355
0.998165
0.999330
0.999240
0.999365
0.995040
0.999430
0.998295
0.999305
0.998765
0.995945
0.999130
0.997220
0.999335
0.998255
0.999170
0.999430
0.999050
0.999430
0.999430
0.999430
0.999380
0.999330
0.999220
0.999395
0.999420
0.999380
0.999160
0.998630
0.998325
0.999260
0.997830
0.999345
0.999335
0.999430
0.999430
0.999430
0.998770
0.999340
0.999420
0.993345
0.997860
0.999430
0.997970
0.999430
0.999375
0.999105
0.999425
0.999245
0.996415
0.999430
0.999415
0.998720
0.999415
0.999430
0.999400
0.999245
0.999400
0.999425
0.999430
0.999400
0.999290
0.997995
0.998880
0.999255
0.998950
0.999280
0.999155
0.989230
0.999415
0.993715
0.991755
0.999355
0.998505
0.999425
0.999310
0.998725
0.999420
0.997715
0.999385
0.996765
0.999225
0.999275
0.999325
0.999345
0.999430
0.999405
0.998990
0.999225
0.999420
0.999300
0.994395
0.999275
0.970195
0.998695
0.999430
0.999180
0.995765
0.968405
0.999430
0.999420
0.999010
0.999420
0.999430
0.999425
0.996680
0.999410
0.999260
