0.999525
0.970295
0.999520
0.999525
0.999480
0.999525
0.998835
0.999470
0.999525
0.999495
0.999525
0.999495
0.998325
0.999290
0.999525
0.999475
0.995005
0.999525
0.999520
0.999525
0.999345
0.998525
0.998615
0.997460
0.994110
0.999400
0.998745
0.999500
0.999525
0.999525
0.997885
0.999435
0.999420
0.999040
0.999335
0.999525
0.999500
0.997685
0.999525
0.997925
0.998150
0.999520
0.999505
0.999525
0.999445
0.995225
0.998415
0.999495
0.999525
0.999465
0.997925
0.991725
0.999445
0.999115
0.999255
0.999520
0.999465
0.999395
0.999170
0.998680
0.999525
0.999490
0.999395
0.999525
0.999525
0.999480
0.999515
0.999470
0.999305
0.957525
0.997615
0.999525
0.996965
0.999520
0.999480
0.999260
0.998670
0.994060
0.999220
0.999185
0.999400
0.997380
0.975980
0.995490
0.999480
0.972385
0.999310
0.995510
0.999525
0.999515
0.985710
0.999525
0.999460
0.998305
0.999435
0.999270
0.999470
0.995055
0.999525
0.998320
0.999440
0.998760
0.996285
0.999210
0.997305
0.999465
0.998365
0.999275
0.999525
0.999145
0.999525
0.999525
0.999525
0.999455
0.999440
0.999335
0.999485
0.999500
0.999480
0.999265
0.998535
0.998465
0.999315
0.998015
0.999450
0.999450
0.999525
0.999525
0.999525
0.998845
0.999450
0.999515
0.993355
0.997895
0.999525
0.997925
0.999525
0.999480
0.999130
0.999525
0.999330
0.996330
0.999505
0.999490
0.998915
0.999520
0.999525
0.999505
0.999350
0.999440
0.999525
0.999525
0.999490
0.999370
0.998175
0.998870
0.999345
0.999065
0.999365
0.999270
0.989465
0.999520
0.993615
0.991935
0.999420
0.998675
0.999505
0.999415
0.998705
0.999515
0.997870
0.999480
0.996630
0.999310
0.999360
0.999435
0.999400
0.999525
0.999495
0.998845
0.999305
0.999515
0.999385
0.994270
0.999380
0.970730
0.998665
0.999525
0.999230
0.996075
0.969365
0.999525
0.999485
0.999090
0.999510
0.999525
0.999520
0.996700
0.999520
0.999355
