0.999490
0.969545
0.999490
0.999490
0.999460
0.999490
0.998945
0.999460
0.999490
0.999460
0.999480
0.999460
0.998285
0.999225
0.999490
0.999440
0.994960
0.999490
0.999475
0.999490
0.999305
0.998270
0.998655
0.997560
0.993890
0.999385
0.998640
0.999480
0.999490
0.999490
0.997735
0.999395
0.999410
0.998900
0.999270
0.999485
0.999465
0.997675
0.999490
0.997825
0.998180
0.999490
0.999460
0.999485
0.999395
0.994795
0.998310
0.999460
0.999490
0.999385
0.998020
0.991820
0.999400
0.999110
0.999245
0.999480
0.999415
0.999350
0.999130
0.998535
0.999490
0.999455
0.999365
0.999490
0.999490
0.999435
0.999480
0.999450
0.999285
0.955680
0.997615
0.999490
0.996935
0.999475
0.999420
0.999155
0.998490
0.993915
0.999075
0.999175
0.999350
0.997410
0.975765
0.994785
0.999460
0.972090
0.999285
0.995900
0.999490
0.999465
0.985920
0.999490
0.999420
0.998195
0.999430
0.999205
0.999465
0.995265
0.999490
0.998350
0.999410
0.998710
0.995595
0.999205
0.997100
0.999430
0.998550
0.999245
0.999490
0.999070
0.999490
0.999490
0.999475
0.999440
0.999370
0.999310
0.999460
0.999470
0.999430
0.999195
0.998450
0.998390
0.999280
0.997710
0.999385
0.999410
0.999490
0.999490
0.999490
0.998740
0.999380
0.999470
0.993775
0.998110
0.999490
0.997915
0.999490
0.999410
0.999195
0.999490
0.999330
0.996380
0.999490
0.999450
0.998750
0.999475
0.999490
0.999475
0.999330
0.999410
0.999485
0.999490
0.999450
0.999285
0.998210
0.999010
0.999275
0.998955
0.999290
0.999275
0.989170
0.999480
0.993445
0.991820
0.999405
0.998605
0.999480
0.999365
0.998800
0.999475
0.997770
0.999470
0.996955
0.999295
0.999355
0.999380
0.999350
0.999490
0.999440
0.998875
0.999280
0.999480
0.999355
0.994310
0.999325
0.970800
0.998685
0.999490
0.999245
0.996000
0.969340
0.999490
0.999460
0.999025
0.999480
0.999490
0.999485
0.996805
0.999470
0.999325
