0.999415
0.969225
0.999420
0.999420
0.999375
0.999420
0.998680
0.999375
0.999410
0.999385
0.999420
0.999400
0.998150
0.999135
0.999420
0.999375
0.995155
0.999420
0.999405
0.999420
0.999260
0.998195
0.998505
0.997355
0.993805
0.999315
0.998480
0.999420
0.999420
0.999415
0.997775
0.999315
0.999315
0.998710
0.999125
0.999415
0.999335
0.997575
0.999420
0.997695
0.998155
0.999420
0.999405
0.999420
0.999310
0.994915
0.998180
0.999375
0.999420
0.999310
0.997930
0.991930
0.999335
0.999000
0.999100
0.999420
0.999375
0.999290
0.998985
0.998485
0.999420
0.999370
0.999300
0.999420
0.999415
0.999375
0.999410
0.999380
0.999215
0.955580
0.997450
0.999420
0.996700
0.999420
0.999290
0.999105
0.998510
0.993910
0.999085
0.999155
0.999305
0.997165
0.975665
0.994660
0.999375
0.970985
0.999155
0.995305
0.999415
0.999395
0.985895
0.999420
0.999345
0.998115
0.999355
0.999145
0.999380
0.994810
0.999415
0.998230
0.999345
0.998630
0.995790
0.999055
0.996905
0.999380
0.998095
0.999155
0.999420
0.998985
0.999420
0.999420
0.999400
0.999360
0.999305
0.999250
0.999365
0.999405
0.999340
0.999145
0.998440
0.998345
0.999175
0.997625
0.999350
0.999385
0.999420
0.999420
0.999420
0.998670
0.999330
0.999415
0.993140
0.997810
0.999420
0.997840
0.999420
0.999345
0.999085
0.999420
0.999245
0.996340
0.999415
0.999390
0.998800
0.999410
0.999420
0.999405
0.999250
0.999385
0.999420
0.999420
0.999400
0.999270
0.998205
0.998855
0.999195
0.998890
0.999275
0.999065
0.989250
0.999410
0.993120
0.991585
0.999315
0.998530
0.999390
0.999305
0.998600
0.999420
0.997710
0.999405
0.996455
0.999215
0.999305
0.999325
0.999320
0.999420
0.999405
0.998825
0.999210
0.999410
0.999280
0.994230
0.999240
0.970890
0.998680
0.999420
0.999130
0.995785
0.968365
0.999420
0.999360
0.999025
0.999415
0.999420
0.999405
0.996660
0.999375
0.999300
