0.999515
0.969590
0.999515
0.999515
0.999485
0.999515
0.998905
0.999455
0.999515
0.999495
0.999515
0.999505
0.998305
0.999205
0.999515
0.999475
0.995225
0.999515
0.999510
0.999515
0.999310
0.998505
0.998600
0.997625
0.993915
0.999405
0.998540
0.999505
0.999515
0.999515
0.997730
0.999450
0.999445
0.998895
0.999355
0.999515
0.999485
0.997750
0.999515
0.997725
0.998205
0.999515
0.999485
0.999515
0.999435
0.994970
0.998240
0.999500
0.999515
0.999435
0.997860
0.991865
0.999450
0.999140
0.999335
0.999505
0.999435
0.999415
0.999050
0.998615
0.999515
0.999495
0.999425
0.999510
0.999515
0.999485
0.999515
0.999430
0.999280
0.956725
0.997430
0.999515
0.996995
0.999510
0.999425
0.999180
0.998610
0.993985
0.999175
0.999150
0.999395
0.997490
0.975850
0.994895
0.999485
0.971520
0.999270
0.995525
0.999510
0.999515
0.985885
0.999515
0.999440
0.998250
0.999425
0.999240
0.999460
0.994860
0.999515
0.998235
0.999400
0.998830
0.996105
0.999245
0.996965
0.999450
0.998270
0.999325
0.999515
0.999175
0.999515
0.999515
0.999510
0.999460
0.999355
0.999335
0.999465
0.999505
0.999440
0.999245
0.998505
0.998475
0.999260
0.997620
0.999435
0.999460
0.999515
0.999515
0.999515
0.998745
0.999450
0.999510
0.993680
0.997780
0.999515
0.997875
0.999515
0.999460
0.999140
0.999510
0.999330
0.996330
0.999515
0.999495
0.998900
0.999500
0.999515
0.999515
0.999305
0.999455
0.999510
0.999515
0.999490
0.999370
0.998245
0.999030
0.999295
0.999000
0.999365
0.999225
0.989035
0.999505
0.993565
0.991760
0.999430
0.998685
0.999495
0.999430
0.998705
0.999505
0.997885
0.999490
0.996745
0.999315
0.999385
0.999400
0.999390
0.999515
0.999500
0.998940
0.999320
0.999505
0.999425
0.994330
0.999395
0.969415
0.998655
0.999515
0.999155
0.996020
0.969335
0.999515
0.999485
0.999010
0.999510
0.999515
0.999495
0.996625
0.999465
0.999360
