0.999485
0.969370
0.999485
0.999485
0.999410
0.999485
0.999090
0.999410
0.999485
0.999450
0.999480
0.999445
0.998195
0.999190
0.999485
0.999440
0.995040
0.999485
0.999480
0.999485
0.999335
0.998340
0.998690
0.997500
0.993810
0.999380
0.998410
0.999475
0.999485
0.999485
0.997640
0.999340
0.999420
0.998735
0.999265
0.999485
0.999465
0.997750
0.999485
0.997850
0.998180
0.999485
0.999465
0.999485
0.999375
0.994940
0.998400
0.999445
0.999485
0.999430
0.997925
0.992080
0.999395
0.999050
0.999260
0.999480
0.999435
0.999335
0.999115
0.998565
0.999485
0.999470
0.999370
0.999485
0.999485
0.999440
0.999480
0.999435
0.999290
0.955260
0.997520
0.999485
0.996895
0.999470
0.999430
0.999160
0.998590
0.993995
0.999105
0.999235
0.999380
0.997530
0.977040
0.995130
0.999455
0.971640
0.999295
0.995660
0.999480
0.999470
0.986200
0.999485
0.999400
0.998170
0.999405
0.999245
0.999435
0.994940
0.999485
0.998300
0.999410
0.998735
0.995895
0.999230
0.997160
0.999445
0.998315
0.999275
0.999485
0.999150
0.999485
0.999485
0.999475
0.999425
0.999355
0.999305
0.999445
0.999455
0.999375
0.999220
0.998550
0.998460
0.999255
0.997765
0.999375
0.999420
0.999485
0.999485
0.999485
0.998765
0.999400
0.999475
0.993705
0.997835
0.999485
0.997945
0.999485
0.999430
0.999140
0.999485
0.999335
0.996305
0.999480
0.999445
0.998895
0.999485
0.999485
0.999475
0.999295
0.999445
0.999480
0.999485
0.999420
0.999335
0.998160
0.999005
0.999295
0.998945
0.999325
0.999230
0.989485
0.999470
0.993595
0.991750
0.999445
0.998695
0.999460
0.999380
0.998620
0.999470
0.997685
0.999445
0.996670
0.999285
0.999290
0.999385
0.999385
0.999480
0.999465
0.998920
0.999205
0.999470
0.999355
0.994510
0.999365
0.969395
0.998660
0.999485
0.999190
0.996125
0.969260
0.999485
0.999470
0.999020
0.999485
0.999485
0.999470
0.996785
0.999465
0.999320
