0.999305
0.969930
0.999305
0.999305
0.999255
0.999305
0.998655
0.999270
0.999305
0.999285
0.999300
0.999285
0.998070
0.999000
0.999305
0.999245
0.994850
0.999305
0.999300
0.999305
0.999125
0.998135
0.998360
0.997390
0.993310
0.999155
0.998380
0.999305
0.999305
0.999305
0.997595
0.999195
0.999220
0.998665
0.999095
0.999305
0.999270
0.997380
0.999305
0.997605
0.997930
0.999305
0.999275
0.999300
0.999235
0.994820
0.998235
0.999275
0.999305
0.999215
0.997735
0.991825
0.999245
0.998935
0.999030
0.999305
0.999200
0.999190
0.998895
0.998430
0.999305
0.999285
0.999135
0.999295
0.999305
0.999225
0.999300
0.999225
0.999090
0.956515
0.997215
0.999305
0.996720
0.999290
0.999225
0.998985
0.998395
0.993770
0.998920
0.998990
0.999215
0.997225
0.975480
0.994825
0.999255
0.971475
0.999110
0.995700
0.999305
0.999290
0.985400
0.999305
0.999235
0.998000
0.999235
0.998990
0.999225
0.994680
0.999300
0.998100
0.999245
0.998510
0.995805
0.999010
0.997095
0.999255
0.997960
0.999085
0.999305
0.998920
0.999305
0.999305
0.999290
0.999240
0.999220
0.999130
0.999275
0.999280
0.999225
0.999080
0.998350
0.998270
0.999105
0.997540
0.999220
0.999225
0.999305
0.999305
0.999305
0.998495
0.999200
0.999285
0.993510
0.997675
0.999305
0.997870
0.999305
0.999230
0.998970
0.999305
0.999120
0.996095
0.999295
0.999270
0.998625
0.999300
0.999305
0.999290
0.999050
0.999245
0.999300
0.999305
0.999245
0.999090
0.997930
0.998750
0.999095
0.998745
0.999080
0.999050
0.989290
0.999300
0.993475
0.991685
0.999210
0.998495
0.999280
0.999205
0.998345
0.999300
0.997575
0.999255
0.996355
0.999110
0.999145
0.999180
0.999245
0.999305
0.999300
0.998740
0.998925
0.999295
0.999120
0.993965
0.999150
0.969370
0.998570
0.999305
0.999000
0.995765
0.969250
0.999305
0.999280
0.998885
0.999280
0.999305
0.999295
0.996645
0.999280
0.999180
