0.999485
0.970280
0.999485
0.999485
0.999440
0.999485
0.998840
0.999455
0.999485
0.999475
0.999485
0.999455
0.998095
0.999250
0.999485
0.999435
0.995190
0.999485
0.999485
0.999485
0.999300
0.998320
0.998605
0.997730
0.993795
0.999390
0.998580
0.999480
0.999485
0.999480
0.997650
0.999415
0.999420
0.998815
0.999305
0.999485
0.999455
0.997780
0.999475
0.997780
0.998190
0.999485
0.999455
0.999480
0.999435
0.995140
0.998410
0.999445
0.999485
0.999430
0.997920
0.991530
0.999455
0.999115
0.999175
0.999485
0.999415
0.999395
0.999095
0.998580
0.999485
0.999465
0.999410
0.999480
0.999485
0.999465
0.999485
0.999415
0.999270
0.957060
0.997485
0.999480
0.996955
0.999480
0.999440
0.999140
0.998595
0.994030
0.999150
0.999230
0.999375
0.997275
0.976520
0.994755
0.999440
0.971820
0.999335
0.995770
0.999485
0.999480
0.985780
0.999485
0.999440
0.998105
0.999410
0.999255
0.999440
0.995210
0.999485
0.998155
0.999450
0.998730
0.996110
0.999235
0.997170
0.999410
0.998350
0.999260
0.999485
0.999100
0.999485
0.999485
0.999475
0.999405
0.999330
0.999255
0.999430
0.999455
0.999410
0.999275
0.998495
0.998470
0.999285
0.997650
0.999400
0.999360
0.999485
0.999485
0.999485
0.998685
0.999410
0.999465
0.993605
0.997910
0.999485
0.997905
0.999485
0.999440
0.999115
0.999485
0.999310
0.996510
0.999480
0.999475
0.998850
0.999460
0.999485
0.999460
0.999320
0.999410
0.999480
0.999485
0.999440
0.999330
0.998150
0.998950
0.999325
0.999010
0.999330
0.999175
0.989645
0.999485
0.994040
0.991955
0.999410
0.998690
0.999480
0.999385
0.998680
0.999465
0.997845
0.999445
0.996920
0.999330
0.999350
0.999410
0.999390
0.999485
0.999470
0.998845
0.999285
0.999475
0.999395
0.994470
0.999330
0.970740
0.998635
0.999485
0.999120
0.995830
0.969840
0.999485
0.999445
0.998950
0.999470
0.999485
0.999470
0.996745
0.999460
0.999365
