0.999360
0.969645
0.999360
0.999360
0.999295
0.999360
0.998645
0.999305
0.999360
0.999335
0.999360
0.999315
0.998075
0.999065
0.999360
0.999320
0.994610
0.999360
0.999355
0.999360
0.999125
0.998080
0.998515
0.997400
0.993710
0.999260
0.998380
0.999345
0.999360
0.999360
0.997640
0.999280
0.999300
0.998565
0.999145
0.999360
0.999330
0.997715
0.999360
0.997865
0.997985
0.999360
0.999330
0.999360
0.999265
0.994765
0.998180
0.999325
0.999360
0.999300
0.997870
0.991725
0.999280
0.998945
0.999115
0.999360
0.999305
0.999250
0.998815
0.998520
0.999360
0.999305
0.999250
0.999355
0.999360
0.999290
0.999360
0.999295
0.999070
0.955630
0.997255
0.999360
0.996910
0.999355
0.999260
0.998980
0.998530
0.994220
0.999000
0.999095
0.999245
0.997265
0.975850
0.994835
0.999340
0.971540
0.999120
0.995510
0.999360
0.999350
0.985790
0.999360
0.999305
0.998020
0.999280
0.999090
0.999320
0.994935
0.999360
0.998140
0.999250
0.998595
0.995465
0.999065
0.997115
0.999315
0.998225
0.999145
0.999360
0.998945
0.999360
0.999360
0.999335
0.999245
0.999255
0.999200
0.999325
0.999345
0.999305
0.999015
0.998435
0.998245
0.999130
0.997670
0.999275
0.999305
0.999360
0.999360
0.999360
0.998565
0.999245
0.999340
0.993450
0.997850
0.999360
0.997945
0.999360
0.999310
0.999070
0.999360
0.999240
0.996075
0.999360
0.999340
0.998780
0.999350
0.999360
0.999345
0.999160
0.999320
0.999360
0.999360
0.999340
0.999200
0.997990
0.998850
0.999160
0.998865
0.999180
0.999150
0.989180
0.999350
0.993505
0.991435
0.999230
0.998650
0.999340
0.999245
0.998575
0.999340
0.997535
0.999335
0.996805
0.999145
0.999175
0.999255
0.999265
0.999360
0.999335
0.998810
0.999085
0.999335
0.999235
0.994180
0.999220
0.970120
0.998445
0.999360
0.999065
0.995830
0.969315
0.999360
0.999320
0.998970
0.999355
0.999360
0.999355
0.996665
0.999300
0.999225
