0.999465
0.970045
0.999460
0.999465
0.999405
0.999465
0.998855
0.999405
0.999460
0.999445
0.999460
0.999415
0.998060
0.999220
0.999465
0.999410
0.994905
0.999465
0.999465
0.999465
0.999265
0.998380
0.998580
0.997360
0.993715
0.999380
0.998470
0.999460
0.999465
0.999460
0.997820
0.999375
0.999380
0.998875
0.999245
0.999460
0.999400
0.997695
0.999465
0.997900
0.998145
0.999465
0.999445
0.999460
0.999375
0.995045
0.998295
0.999450
0.999465
0.999375
0.997985
0.991905
0.999380
0.999060
0.999170
0.999465
0.999425
0.999360
0.999020
0.998535
0.999465
0.999435
0.999360
0.999465
0.999465
0.999415
0.999455
0.999400
0.999255
0.956580
0.997550
0.999465
0.996575
0.999455
0.999415
0.999090
0.998615
0.993990
0.999130
0.999195
0.999310
0.997335
0.975970
0.994835
0.999425
0.971180
0.999280
0.995505
0.999455
0.999460
0.985995
0.999465
0.999410
0.998030
0.999415
0.999205
0.999410
0.995070
0.999465
0.998320
0.999405
0.998655
0.996050
0.999155
0.997085
0.999430
0.998180
0.999255
0.999465
0.999125
0.999465
0.999465
0.999455
0.999395
0.999345
0.999230
0.999430
0.999430
0.999440
0.999185
0.998555
0.998345
0.999265
0.997745
0.999370
0.999405
0.999465
0.999465
0.999465
0.998765
0.999380
0.999445
0.993520
0.997915
0.999465
0.997960
0.999465
0.999420
0.999195
0.999460
0.999325
0.996370
0.999460
0.999455
0.998915
0.999440
0.999465
0.999440
0.999255
0.999430
0.999460
0.999465
0.999425
0.999340
0.998205
0.998990
0.999235
0.998955
0.999340
0.999210
0.989580
0.999455
0.993920
0.991965
0.999375
0.998620
0.999430
0.999375
0.998635
0.999455
0.997710
0.999445
0.996765
0.999335
0.999255
0.999375
0.999365
0.999465
0.999430
0.998910
0.999190
0.999440
0.999355
0.994440
0.999305
0.969380
0.998700
0.999465
0.999205
0.995960
0.968840
0.999465
0.999455
0.999020
0.999445
0.999465
0.999460
0.996705
0.999410
0.999295
