0.999420
0.969845
0.999420
0.999420
0.999350
0.999420
0.998765
0.999375
0.999420
0.999400
0.999420
0.999375
0.998245
0.999195
0.999420
0.999360
0.995060
0.999420
0.999420
0.999420
0.999270
0.998375
0.998540
0.997290
0.993770
0.999285
0.998470
0.999415
0.999420
0.999420
0.997575
0.999300
0.999320
0.998715
0.999145
0.999415
0.999335
0.997670
0.999420
0.997745
0.998125
0.999420
0.999400
0.999415
0.999340
0.995090
0.998180
0.999385
0.999420
0.999345
0.997805
0.991730
0.999360
0.999080
0.999110
0.999420
0.999340
0.999330
0.998965
0.998595
0.999420
0.999400
0.999355
0.999415
0.999420
0.999355
0.999410
0.999365
0.999275
0.956445
0.997490
0.999420
0.996955
0.999415
0.999345
0.999085
0.998640
0.993920
0.999110
0.999120
0.999295
0.997145
0.976295
0.994905
0.999375
0.972145
0.999205
0.995355
0.999410
0.999410
0.985320
0.999420
0.999345
0.998210
0.999370
0.999215
0.999315
0.995055
0.999420
0.998255
0.999320
0.998625
0.995950
0.999120
0.997025
0.999375
0.998185
0.999240
0.999420
0.999100
0.999420
0.999420
0.999400
0.999315
0.999295
0.999195
0.999370
0.999410
0.999365
0.999160
0.998535
0.998370
0.999245
0.997820
0.999350
0.999340
0.999420
0.999420
0.999420
0.998565
0.999310
0.999405
0.993360
0.997835
0.999420
0.997875
0.999420
0.999350
0.999140
0.999420
0.999255
0.996360
0.999420
0.999400
0.998805
0.999400
0.999420
0.999410
0.999135
0.999375
0.999415
0.999420
0.999400
0.999245
0.998140
0.998750
0.999255
0.998930
0.999260
0.999165
0.989130
0.999420
0.993335
0.991875
0.999370
0.998620
0.999390
0.999340
0.998665
0.999410
0.997830
0.999405
0.996575
0.999200
0.999245
0.999370
0.999280
0.999420
0.999395
0.998825
0.999140
0.999410
0.999345
0.994155
0.999245
0.969985
0.998650
0.999420
0.999160
0.996085
0.969035
0.999420
0.999395
0.998960
0.999405
0.999420
0.999405
0.996835
0.999380
0.999245
