0.999435
0.969595
0.999430
0.999435
0.999390
0.999435
0.998690
0.999380
0.999435
0.999425
0.999435
0.999405
0.998085
0.999195
0.999435
0.999380
0.994805
0.999435
0.999425
0.999435
0.999185
0.998155
0.998435
0.997290
0.993740
0.999315
0.998610
0.999430
0.999435
0.999435
0.997620
0.999335
0.999330
0.998750
0.999200
0.999435
0.999405
0.997585
0.999425
0.997760
0.998025
0.999435
0.999405
0.999430
0.999370
0.994705
0.998285
0.999395
0.999435
0.999355
0.997830
0.991730
0.999380
0.999075
0.999190
0.999430
0.999360
0.999335
0.998975
0.998510
0.999435
0.999415
0.999310
0.999425
0.999435
0.999390
0.999425
0.999385
0.999225
0.956150
0.997360
0.999430
0.996735
0.999430
0.999385
0.999110
0.998495
0.994110
0.999025
0.999100
0.999285
0.997145
0.975380
0.994465
0.999390
0.971825
0.999260
0.995645
0.999430
0.999430
0.985940
0.999435
0.999385
0.998025
0.999350
0.999165
0.999370
0.995085
0.999435
0.998265
0.999345
0.998735
0.995965
0.999055
0.996955
0.999335
0.998250
0.999185
0.999435
0.998985
0.999435
0.999435
0.999420
0.999375
0.999290
0.999230
0.999390
0.999405
0.999370
0.999235
0.998455
0.998280
0.999250
0.997540
0.999380
0.999380
0.999435
0.999435
0.999435
0.998645
0.999320
0.999415
0.993155
0.997725
0.999435
0.997750
0.999435
0.999365
0.999060
0.999435
0.999275
0.996185
0.999425
0.999400
0.998710
0.999425
0.999435
0.999430
0.999230
0.999365
0.999420
0.999435
0.999410
0.999215
0.998015
0.998775
0.999215
0.998825
0.999230
0.999135
0.989150
0.999420
0.993320
0.991595
0.999340
0.998585
0.999420
0.999335
0.998630
0.999420
0.997580
0.999385
0.996565
0.999255
0.999285
0.999305
0.999340
0.999435
0.999410
0.998890
0.999175
0.999420
0.999310
0.994110
0.999270
0.970160
0.998650
0.999435
0.999125
0.995820
0.968700
0.999435
0.999400
0.999060
0.999410
0.999435
0.999430
0.996840
0.999385
0.999215
