0.999435
0.970095
0.999435
0.999435
0.999385
0.999435
0.998760
0.999395
0.999435
0.999400
0.999435
0.999385
0.998145
0.999170
0.999435
0.999385
0.994710
0.999435
0.999435
0.999435
0.999285
0.998245
0.998530
0.997545
0.993690
0.999305
0.998395
0.999425
0.999435
0.999435
0.997615
0.999340
0.999345
0.998695
0.999205
0.999435
0.999400
0.997620
0.999425
0.997835
0.998170
0.999430
0.999405
0.999435
0.999350
0.994860
0.998235
0.999385
0.999435
0.999385
0.997895
0.991735
0.999375
0.999035
0.999185
0.999430
0.999345
0.999310
0.999025
0.998670
0.999435
0.999420
0.999305
0.999430
0.999435
0.999380
0.999420
0.999390
0.999260
0.956565
0.997495
0.999435
0.996690
0.999425
0.999385
0.999185
0.998605
0.993910
0.999020
0.999105
0.999320
0.997235
0.976430
0.994930
0.999385
0.971925
0.999145
0.995625
0.999435
0.999420
0.985740
0.999435
0.999375
0.998075
0.999360
0.999150
0.999365
0.995035
0.999435
0.998300
0.999330
0.998715
0.995685
0.999110
0.997230
0.999370
0.998260
0.999180
0.999435
0.998990
0.999435
0.999435
0.999430
0.999385
0.999325
0.999255
0.999415
0.999430
0.999350
0.999220
0.998465
0.998410
0.999190
0.997740
0.999375
0.999360
0.999435
0.999435
0.999435
0.998665
0.999345
0.999415
0.993615
0.997905
0.999435
0.997795
0.999435
0.999375
0.999165
0.999435
0.999305
0.996180
0.999425
0.999415
0.998820
0.999425
0.999435
0.999435
0.999245
0.999375
0.999430
0.999435
0.999420
0.999275
0.998200
0.998915
0.999250
0.998920
0.999300
0.999180
0.989355
0.999430
0.993385
0.991665
0.999370
0.998585
0.999420
0.999325
0.998805
0.999425
0.997980
0.999395
0.996635
0.999260
0.999205
0.999350
0.999380
0.999435
0.999415
0.998750
0.999210
0.999420
0.999285
0.994245
0.999280
0.970350
0.998630
0.999435
0.999110
0.995875
0.969345
0.999435
0.999420
0.998980
0.999425
0.999435
0.999425
0.996465
0.999395
0.999320
