0.999380
0.970080
0.999380
0.999380
0.999345
0.999380
0.998685
0.999320
0.999380
0.999355
0.999380
0.999325
0.998200
0.999075
0.999380
0.999325
0.994850
0.999380
0.999380
0.999380
0.999285
0.998255
0.998395
0.997390
0.993815
0.999260
0.998510
0.999365
0.999380
0.999380
0.997610
0.999320
0.999285
0.998740
0.999175
0.999380
0.999360
0.997655
0.999375
0.997695
0.998110
0.999380
0.999360
0.999380
0.999325
0.994800
0.998235
0.999375
0.999380
0.999320
0.998040
0.991840
0.999285
0.998945
0.999140
0.999380
0.999270
0.999260
0.998980
0.998535
0.999380
0.999355
0.999240
0.999375
0.999380
0.999335
0.999375
0.999340
0.999120
0.956240
0.997420
0.999380
0.996495
0.999375
0.999305
0.999115
0.998470
0.994255
0.999015
0.999105
0.999255
0.997255
0.975825
0.994510
0.999350
0.970925
0.999170
0.995435
0.999375
0.999375
0.986035
0.999380
0.999285
0.998155
0.999265
0.999095
0.999345
0.995220
0.999380
0.998175
0.999290
0.998675
0.995985
0.999080
0.997125
0.999285
0.998340
0.999100
0.999380
0.998965
0.999380
0.999380
0.999345
0.999285
0.999255
0.999195
0.999345
0.999370
0.999320
0.999180
0.998455
0.998370
0.999155
0.997495
0.999285
0.999335
0.999380
0.999380
0.999380
0.998610
0.999315
0.999355
0.993680
0.997680
0.999380
0.997785
0.999380
0.999315
0.999080
0.999380
0.999185
0.996105
0.999380
0.999360
0.998840
0.999360
0.999380
0.999355
0.999210
0.999300
0.999380
0.999380
0.999345
0.999170
0.998130
0.998850
0.999185
0.998890
0.999175
0.999105
0.988895
0.999380
0.993380
0.991540
0.999320
0.998540
0.999370
0.999280
0.998590
0.999380
0.997745
0.999355
0.996345
0.999225
0.999240
0.999325
0.999290
0.999380
0.999380
0.998785
0.999075
0.999360
0.999235
0.994155
0.999205
0.970030
0.998680
0.999380
0.999155
0.995745
0.969495
0.999380
0.999290
0.998915
0.999370
0.999380
0.999380
0.996670
0.999350
0.999195
