0.999505
0.970265
0.999505
0.999500
0.999455
0.999505
0.998945
0.999445
0.999500
0.999480
0.999505
0.999445
0.998175
0.999265
0.999500
0.999450
0.995050
0.999505
0.999505
0.999505
0.999370
0.998345
0.998730
0.997555
0.993870
0.999405
0.998550
0.999500
0.999505
0.999505
0.997640
0.999430
0.999375
0.998925
0.999230
0.999500
0.999465
0.997885
0.999505
0.997880
0.998260
0.999505
0.999470
0.999505
0.999410
0.995115
0.998295
0.999465
0.999505
0.999465
0.997895
0.991735
0.999410
0.999040
0.999255
0.999505
0.999460
0.999420
0.999125
0.998610
0.999500
0.999480
0.999375
0.999500
0.999495
0.999485
0.999495
0.999440
0.999260
0.957100
0.997415
0.999505
0.996975
0.999490
0.999460
0.999175
0.998765
0.993745
0.999190
0.999235
0.999420
0.997395
0.975865
0.995010
0.999485
0.971675
0.999290
0.995780
0.999505
0.999500
0.986065
0.999505
0.999415
0.998140
0.999440
0.999175
0.999415
0.995220
0.999505
0.998430
0.999435
0.998735
0.995885
0.999235
0.997100
0.999440
0.998295
0.999255
0.999505
0.999175
0.999505
0.999505
0.999500
0.999440
0.999370
0.999310
0.999460
0.999505
0.999455
0.999240
0.998710
0.998430
0.999315
0.997640
0.999415
0.999440
0.999505
0.999505
0.999505
0.998610
0.999450
0.999480
0.993450
0.997910
0.999505
0.997905
0.999505
0.999430
0.999205
0.999505
0.999370
0.996170
0.999505
0.999470
0.998915
0.999490
0.999505
0.999495
0.999265
0.999460
0.999500
0.999505
0.999455
0.999345
0.998265
0.998955
0.999325
0.999045
0.999355
0.999245
0.989690
0.999495
0.993755
0.991555
0.999430
0.998760
0.999490
0.999425
0.998685
0.999495
0.997805
0.999460
0.996745
0.999360
0.999350
0.999385
0.999365
0.999505
0.999490
0.998885
0.999330
0.999490
0.999365
0.994200
0.999380
0.969845
0.998725
0.999505
0.999185
0.996100
0.970010
0.999505
0.999480
0.999150
0.999490
0.999505
0.999500
0.996835
0.999475
0.999365
