0.999365
0.970310
0.999360
0.999365
0.999325
0.999365
0.998780
0.999315
0.999360
0.999345
0.999365
0.999325
0.998160
0.999075
0.999365
0.999310
0.995100
0.999365
0.999365
0.999365
0.999220
0.998115
0.998395
0.997485
0.993620
0.999260
0.998355
0.999355
0.999365
0.999360
0.997460
0.999235
0.999265
0.998855
0.999155
0.999365
0.999310
0.997675
0.999365
0.997735
0.998075
0.999365
0.999350
0.999360
0.999315
0.994420
0.998215
0.999315
0.999365
0.999315
0.997910
0.991630
0.999325
0.999025
0.999165
0.999360
0.999295
0.999250
0.998995
0.998490
0.999365
0.999345
0.999270
0.999365
0.999365
0.999310
0.999365
0.999295
0.999120
0.956310
0.997295
0.999355
0.996735
0.999365
0.999295
0.999035
0.998655
0.993805
0.999050
0.999130
0.999220
0.997135
0.975840
0.994725
0.999315
0.972450
0.999195
0.995575
0.999360
0.999345
0.985710
0.999365
0.999315
0.998115
0.999300
0.999130
0.999310
0.995195
0.999365
0.998225
0.999300
0.998615
0.995895
0.999085
0.996895
0.999310
0.998295
0.999125
0.999365
0.998950
0.999365
0.999365
0.999350
0.999320
0.999265
0.999240
0.999325
0.999355
0.999300
0.999130
0.998420
0.998345
0.999150
0.997675
0.999270
0.999265
0.999365
0.999365
0.999365
0.998555
0.999275
0.999360
0.993630
0.997895
0.999365
0.997700
0.999365
0.999300
0.999090
0.999365
0.999225
0.996130
0.999360
0.999330
0.998695
0.999345
0.999365
0.999355
0.999185
0.999315
0.999360
0.999365
0.999320
0.999195
0.998040
0.998855
0.999235
0.998885
0.999200
0.999015
0.989685
0.999355
0.993620
0.991525
0.999275
0.998580
0.999360
0.999285
0.998730
0.999360
0.997745
0.999320
0.996945
0.999180
0.999190
0.999240
0.999250
0.999365
0.999350
0.998740
0.999070
0.999365
0.999255
0.993985
0.999245
0.969370
0.998510
0.999365
0.999125
0.996110
0.968210
0.999365
0.999340
0.998975
0.999355
0.999365
0.999360
0.996620
0.999335
0.999215
