0.999480
0.970320
0.999485
0.999485
0.999415
0.999485
0.998855
0.999410
0.999485
0.999460
0.999480
0.999455
0.998130
0.999260
0.999485
0.999445
0.994635
0.999485
0.999485
0.999485
0.999380
0.998280
0.998510
0.997535
0.993620
0.999365
0.998710
0.999475
0.999485
0.999480
0.997705
0.999415
0.999385
0.998850
0.999240
0.999485
0.999410
0.997775
0.999485
0.997920
0.998190
0.999485
0.999470
0.999475
0.999400
0.995085
0.998305
0.999460
0.999485
0.999420
0.998150
0.991640
0.999435
0.999220
0.999245
0.999485
0.999430
0.999415
0.999055
0.998550
0.999485
0.999450
0.999355
0.999480
0.999480
0.999415
0.999475
0.999460
0.999300
0.955780
0.997385
0.999475
0.996700
0.999465
0.999435
0.999175
0.998595
0.994235
0.999150
0.999240
0.999380
0.997325
0.976040
0.994735
0.999430
0.971865
0.999215
0.995455
0.999480
0.999480
0.985370
0.999485
0.999425
0.998085
0.999405
0.999290
0.999415
0.995235
0.999480
0.998245
0.999425
0.998725
0.995800
0.999235
0.997115
0.999415
0.998475
0.999305
0.999485
0.999115
0.999485
0.999485
0.999480
0.999425
0.999390
0.999270
0.999445
0.999465
0.999430
0.999140
0.998510
0.998415
0.999275
0.997740
0.999405
0.999415
0.999485
0.999485
0.999485
0.998630
0.999395
0.999470
0.993570
0.997970
0.999485
0.997935
0.999485
0.999415
0.999175
0.999480
0.999295
0.996275
0.999480
0.999470
0.998940
0.999485
0.999485
0.999470
0.999310
0.999440
0.999475
0.999485
0.999440
0.999355
0.998220
0.998920
0.999280
0.998950
0.999330
0.999185
0.989450
0.999465
0.993725
0.991670
0.999425
0.998720
0.999475
0.999360
0.998765
0.999475
0.997780
0.999425
0.996745
0.999275
0.999285
0.999405
0.999395
0.999485
0.999470
0.998875
0.999230
0.999485
0.999335
0.994080
0.999325
0.969955
0.998750
0.999485
0.999200
0.996060
0.968670
0.999485
0.999465
0.999010
0.999480
0.999485
0.999465
0.996585
0.999455
0.999320
