0.999415
0.969955
0.999415
0.999415
0.999355
0.999415
0.998800
0.999385
0.999415
0.999385
0.999400
0.999405
0.998145
0.999160
0.999415
0.999355
0.995200
0.999415
0.999415
0.999415
0.999290
0.998275
0.998545
0.997585
0.993525
0.999290
0.998405
0.999390
0.999415
0.999410
0.997510
0.999340
0.999315
0.998720
0.999185
0.999415
0.999365
0.997665
0.999410
0.997805
0.998225
0.999415
0.999390
0.999415
0.999340
0.995190
0.998315
0.999365
0.999415
0.999330
0.997810
0.991825
0.999320
0.999060
0.999165
0.999415
0.999345
0.999295
0.999035
0.998560
0.999415
0.999385
0.999265
0.999415
0.999410
0.999370
0.999415
0.999365
0.999240
0.956515
0.997405
0.999410
0.996850
0.999390
0.999350
0.999135
0.998585
0.993590
0.999105
0.999140
0.999320
0.997215
0.975760
0.994500
0.999375
0.971680
0.999175
0.995720
0.999415
0.999405
0.986095
0.999415
0.999330
0.998125
0.999310
0.999190
0.999360
0.994950
0.999410
0.998345
0.999340
0.998600
0.995845
0.999055
0.997160
0.999370
0.998345
0.999260
0.999415
0.999090
0.999415
0.999415
0.999405
0.999380
0.999280
0.999280
0.999400
0.999400
0.999290
0.999180
0.998520
0.998435
0.999190
0.997725
0.999360
0.999350
0.999415
0.999415
0.999415
0.998705
0.999365
0.999415
0.993450
0.997780
0.999415
0.997760
0.999415
0.999345
0.999130
0.999415
0.999240
0.996635
0.999415
0.999385
0.998690
0.999405
0.999415
0.999390
0.999230
0.999365
0.999415
0.999415
0.999365
0.999265
0.998220
0.998910
0.999240
0.998955
0.999235
0.999140
0.989340
0.999415
0.993550
0.991820
0.999335
0.998615
0.999395
0.999280
0.998645
0.999415
0.997620
0.999395
0.996835
0.999205
0.999230
0.999340
0.999295
0.999415
0.999390
0.998785
0.999145
0.999410
0.999260
0.994155
0.999240
0.969295
0.998640
0.999415
0.999155
0.995815
0.969325
0.999415
0.999410
0.999030
0.999390
0.999415
0.999410
0.996680
0.999390
0.999245
