0.999405
0.969885
0.999405
0.999405
0.999345
0.999405
0.998720
0.999335
0.999405
0.999390
0.999405
0.999360
0.998140
0.999125
0.999405
0.999360
0.995060
0.999405
0.999405
0.999405
0.999270
0.998260
0.998585
0.997340
0.993565
0.999290
0.998375
0.999390
0.999405
0.999405
0.997680
0.999350
0.999345
0.998785
0.999175
0.999405
0.999350
0.997785
0.999400
0.997720
0.998025
0.999405
0.999370
0.999395
0.999275
0.994560
0.998125
0.999395
0.999405
0.999325
0.997880
0.991490
0.999335
0.998890
0.999050
0.999395
0.999325
0.999320
0.998895
0.998410
0.999405
0.999385
0.999280
0.999400
0.999405
0.999350
0.999395
0.999375
0.999225
0.956420
0.997280
0.999405
0.996745
0.999400
0.999330
0.999135
0.998620
0.994135
0.999050
0.999105
0.999245
0.997295
0.976150
0.994445
0.999350
0.971925
0.999140
0.995810
0.999405
0.999385
0.985370
0.999405
0.999325
0.998120
0.999355
0.999155
0.999360
0.995075
0.999405
0.998290
0.999320
0.998695
0.995905
0.999145
0.996815
0.999345
0.998295
0.999210
0.999405
0.999110
0.999405
0.999405
0.999395
0.999355
0.999300
0.999215
0.999385
0.999380
0.999340
0.999105
0.998410
0.998375
0.999155
0.997605
0.999345
0.999330
0.999405
0.999405
0.999405
0.998710
0.999290
0.999390
0.993140
0.997925
0.999405
0.997905
0.999405
0.999355
0.999080
0.999405
0.999315
0.996235
0.999395
0.999395
0.998715
0.999375
0.999405
0.999385
0.999210
0.999320
0.999395
0.999405
0.999355
0.999265
0.998030
0.998730
0.999215
0.998830
0.999260
0.999210
0.989115
0.999385
0.993385
0.991045
0.999315
0.998635
0.999390
0.999305
0.998685
0.999385
0.997560
0.999355
0.996765
0.999255
0.999295
0.999330
0.999280
0.999400
0.999390
0.998685
0.999125
0.999395
0.999265
0.994110
0.999220
0.970125
0.998600
0.999405
0.999150
0.996050
0.969210
0.999405
0.999380
0.998880
0.999400
0.999405
0.999395
0.996720
0.999370
0.999310
