0.999410
0.970150
0.999405
0.999410
0.999385
0.999410
0.998820
0.999355
0.999405
0.999385
0.999400
0.999345
0.998095
0.999180
0.999410
0.999340
0.994925
0.999410
0.999410
0.999410
0.999265
0.998350
0.998380
0.997385
0.993725
0.999320
0.998335
0.999395
0.999410
0.999410
0.997640
0.999315
0.999335
0.998740
0.999210
0.999410
0.999370
0.997605
0.999410
0.997780
0.998145
0.999410
0.999380
0.999410
0.999325
0.994845
0.998230
0.999380
0.999410
0.999360
0.997690
0.992090
0.999350
0.998990
0.999185
0.999395
0.999340
0.999285
0.999055
0.998480
0.999410
0.999395
0.999325
0.999410
0.999405
0.999370
0.999400
0.999345
0.999245
0.956980
0.997390
0.999410
0.996980
0.999400
0.999350
0.999120
0.998580
0.993885
0.999145
0.999175
0.999340
0.997370
0.976405
0.994810
0.999365
0.971645
0.999185
0.995535
0.999405
0.999405
0.986115
0.999410
0.999350
0.998035
0.999320
0.999150
0.999390
0.995095
0.999410
0.998395
0.999340
0.998710
0.995950
0.999135
0.996975
0.999400
0.998125
0.999235
0.999410
0.999090
0.999410
0.999410
0.999410
0.999345
0.999325
0.999190
0.999395
0.999400
0.999340
0.999245
0.998650
0.998355
0.999140
0.997495
0.999335
0.999340
0.999410
0.999410
0.999410
0.998680
0.999335
0.999395
0.993750
0.997820
0.999410
0.997900
0.999410
0.999360
0.999150
0.999410
0.999225
0.996130
0.999390
0.999370
0.998740
0.999400
0.999410
0.999405
0.999175
0.999340
0.999410
0.999410
0.999375
0.999270
0.998130
0.998895
0.999230
0.998900
0.999285
0.999130
0.989140
0.999405
0.993680
0.991470
0.999295
0.998620
0.999395
0.999310
0.998715
0.999385
0.997645
0.999385
0.996475
0.999225
0.999250
0.999320
0.999315
0.999405
0.999385
0.998830
0.999145
0.999400
0.999315
0.994205
0.999300
0.970270
0.998645
0.999410
0.999100
0.996030
0.968890
0.999410
0.999370
0.998885
0.999410
0.999410
0.999395
0.996600
0.999375
0.999265
