0.999325
0.970175
0.999325
0.999325
0.999290
0.999325
0.998655
0.999265
0.999325
0.999305
0.999320
0.999310
0.998160
0.999075
0.999325
0.999285
0.995015
0.999325
0.999325
0.999325
0.999115
0.998160
0.998415
0.997390
0.993715
0.999225
0.998400
0.999320
0.999325
0.999325
0.997530
0.999230
0.999250
0.998755
0.999125
0.999325
0.999295
0.997460
0.999325
0.997720
0.998035
0.999325
0.999300
0.999325
0.999235
0.994885
0.998020
0.999270
0.999325
0.999275
0.997875
0.992030
0.999245
0.998900
0.999115
0.999325
0.999260
0.999210
0.998965
0.998500
0.999325
0.999310
0.999210
0.999325
0.999320
0.999250
0.999315
0.999265
0.999115
0.956265
0.997300
0.999325
0.996825
0.999320
0.999260
0.999005
0.998500
0.993595
0.998880
0.999055
0.999240
0.997080
0.976090
0.994615
0.999305
0.971675
0.999095
0.995460
0.999320
0.999320
0.986045
0.999325
0.999260
0.998160
0.999240
0.999105
0.999295
0.994895
0.999325
0.998135
0.999255
0.998570
0.996040
0.999070
0.996900
0.999265
0.998210
0.999080
0.999325
0.998925
0.999325
0.999325
0.999320
0.999270
0.999205
0.999165
0.999290
0.999325
0.999250
0.999090
0.998420
0.998300
0.999170
0.997590
0.999250
0.999240
0.999325
0.999325
0.999325
0.998465
0.999265
0.999305
0.993095
0.997805
0.999325
0.997855
0.999325
0.999275
0.999000
0.999325
0.999155
0.995825
0.999325
0.999295
0.998730
0.999320
0.999325
0.999310
0.999195
0.999245
0.999325
0.999325
0.999275
0.999160
0.998105
0.998785
0.999120
0.998750
0.999160
0.999025
0.989030
0.999315
0.993440
0.991605
0.999225
0.998525
0.999315
0.999230
0.998580
0.999315
0.997740
0.999285
0.996405
0.999105
0.999140
0.999215
0.999255
0.999325
0.999320
0.998820
0.999125
0.999310
0.999195
0.994225
0.999160
0.970000
0.998455
0.999325
0.999085
0.995910
0.969035
0.999325
0.999305
0.998910
0.999315
0.999325
0.999320
0.996635
0.999280
0.999175
