0.998110
0.957980
0.998110
0.998110
0.997975
0.998105
0.996070
0.997925
0.998100
0.998060
0.998060
0.998080
0.994245
0.997245
0.998110
0.997990
0.987985
0.998110
0.998085
0.998110
0.996895
0.994800
0.992830
0.992260
0.986085
0.997675
0.995235
0.998070
0.998110
0.998110
0.992980
0.997910
0.997795
0.996045
0.997255
0.998100
0.997910
0.993110
0.998110
0.992910
0.994110
0.998110
0.998085
0.998100
0.997760
0.987835
0.992615
0.997980
0.998110
0.997895
0.993835
0.979485
0.997910
0.996905
0.997170
0.998100
0.997900
0.997705
0.996845
0.995175
0.998110
0.998045
0.998000
0.998090
0.998105
0.997980
0.998095
0.997840
0.997225
0.943645
0.989810
0.998105
0.991480
0.998095
0.998060
0.997020
0.995310
0.986485
0.997025
0.997360
0.997670
0.992780
0.964015
0.987645
0.997915
0.959695
0.997385
0.989285
0.998090
0.998080
0.976240
0.998110
0.997905
0.994090
0.997860
0.997360
0.998070
0.986470
0.998100
0.994610
0.993105
0.995700
0.990085
0.997110
0.992180
0.997905
0.994790
0.997315
0.998110
0.996870
0.998110
0.998110
0.998100
0.997880
0.997740
0.997465
0.998055
0.998025
0.997880
0.997505
0.995070
0.994905
0.997365
0.993520
0.997715
0.997845
0.998110
0.998110
0.998110
0.996050
0.997850
0.998100
0.985885
0.993705
0.998110
0.993645
0.998110
0.997935
0.996980
0.998105
0.997580
0.990415
0.998090
0.998040
0.996010
0.998075
0.998110
0.998045
0.997545
0.997935
0.998105
0.998110
0.998025
0.997615
0.994165
0.996265
0.997430
0.996595
0.997590
0.997290
0.979980
0.998090
0.986320
0.983885
0.997800
0.992880
0.998080
0.997825
0.995800
0.998100
0.993055
0.998025
0.991105
0.997585
0.997535
0.997820
0.997805
0.998110
0.998055
0.996245
0.997110
0.998080
0.997970
0.987050
0.997680
0.957500
0.993070
0.998110
0.997290
0.989645
0.956500
0.998110
0.997995
0.996765
0.998095
0.998110
0.998080
0.991150
0.998025
0.997595
