0.997955
0.957885
0.997950
0.997955
0.997780
0.997950
0.996025
0.997780
0.997955
0.997900
0.997890
0.997925
0.994445
0.996980
0.997955
0.997775
0.988320
0.997955
0.997935
0.997955
0.996740
0.994175
0.992595
0.992090
0.985850
0.997550
0.995175
0.997920
0.997955
0.997955
0.992775
0.997770
0.997590
0.995965
0.997045
0.997955
0.997815
0.992935
0.997955
0.992825
0.994095
0.997955
0.997920
0.997935
0.997660
0.988085
0.992565
0.997800
0.997955
0.997725
0.993575
0.979345
0.997720
0.996660
0.997010
0.997950
0.997780
0.997565
0.996775
0.995080
0.997955
0.997895
0.997865
0.997955
0.997950
0.997780
0.997920
0.997775
0.997225
0.944155
0.989575
0.997955
0.991575
0.997905
0.997815
0.996910
0.995220
0.986635
0.996790
0.997230
0.997555
0.992135
0.964235
0.987945
0.997810
0.959860
0.997310
0.989220
0.997940
0.997920
0.976305
0.997955
0.997735
0.994370
0.997730
0.997070
0.997870
0.986480
0.997955
0.994515
0.992950
0.995730
0.989850
0.996925
0.991770
0.997790
0.994720
0.997135
0.997955
0.996670
0.997955
0.997955
0.997955
0.997725
0.997585
0.997370
0.997935
0.997875
0.997705
0.997305
0.994885
0.994570
0.997270
0.993265
0.997625
0.997605
0.997955
0.997945
0.997955
0.995530
0.997705
0.997935
0.986145
0.993745
0.997955
0.993520
0.997955
0.997695
0.996825
0.997955
0.997345
0.990305
0.997940
0.997835
0.995950
0.997890
0.997955
0.997920
0.997325
0.997765
0.997920
0.997955
0.997840
0.997310
0.994135
0.996265
0.997255
0.996285
0.997315
0.997010
0.980195
0.997945
0.985835
0.983545
0.997670
0.992720
0.997905
0.997600
0.995375
0.997910
0.992915
0.997890
0.991060
0.997205
0.997360
0.997660
0.997610
0.997955
0.997870
0.995890
0.996925
0.997925
0.997835
0.986425
0.997360
0.957715
0.992905
0.997955
0.997245
0.989265
0.957105
0.997955
0.997830
0.996485
0.997915
0.997955
0.997925
0.990895
0.997845
0.997415
