0.997975
0.957560
0.997965
0.997975
0.997770
0.997970
0.996075
0.997805
0.997975
0.997945
0.997920
0.997905
0.994355
0.997125
0.997975
0.997775
0.988480
0.997975
0.997960
0.997975
0.996750
0.994640
0.992660
0.992185
0.985795
0.997570
0.994995
0.997945
0.997975
0.997970
0.992805
0.997715
0.997670
0.995790
0.997240
0.997970
0.997815
0.992965
0.997965
0.992800
0.994285
0.997975
0.997940
0.997965
0.997670
0.987885
0.992440
0.997860
0.997975
0.997735
0.993565
0.979300
0.997750
0.996785
0.997210
0.997950
0.997865
0.997595
0.996770
0.995380
0.997975
0.997910
0.997865
0.997945
0.997970
0.997820
0.997950
0.997815
0.997255
0.943975
0.989350
0.997970
0.991415
0.997940
0.997915
0.996795
0.995380
0.986825
0.996730
0.997250
0.997630
0.992465
0.964060
0.987720
0.997820
0.960045
0.997200
0.989510
0.997955
0.997920
0.976340
0.997975
0.997745
0.994240
0.997665
0.997025
0.997910
0.986520
0.997970
0.994515
0.992960
0.995680
0.989985
0.996945
0.991860
0.997770
0.994660
0.997150
0.997975
0.996660
0.997975
0.997975
0.997955
0.997725
0.997620
0.997390
0.997915
0.997925
0.997670
0.997265
0.995230
0.994615
0.997135
0.993235
0.997705
0.997695
0.997975
0.997970
0.997975
0.995520
0.997665
0.997965
0.986155
0.993290
0.997975
0.993765
0.997975
0.997785
0.997050
0.997975
0.997480
0.990350
0.997960
0.997870
0.996115
0.997930
0.997975
0.997945
0.997340
0.997730
0.997965
0.997975
0.997795
0.997450
0.994345
0.996300
0.997220
0.996320
0.997425
0.997145
0.980275
0.997955
0.986570
0.983230
0.997685
0.992760
0.997905
0.997570
0.995465
0.997940
0.992960
0.997870
0.990680
0.997290
0.997405
0.997685
0.997595
0.997975
0.997915
0.996160
0.996970
0.997910
0.997815
0.986860
0.997470
0.957445
0.992955
0.997975
0.997040
0.989575
0.956640
0.997975
0.997905
0.996515
0.997955
0.997975
0.997960
0.991095
0.997890
0.997500
