0.998025
0.956635
0.998025
0.998025
0.997855
0.998025
0.996200
0.997855
0.998025
0.997985
0.997955
0.997950
0.994220
0.997145
0.998025
0.997860
0.987800
0.998025
0.997975
0.998025
0.996795
0.994665
0.992565
0.992080
0.986005
0.997635
0.995305
0.997960
0.998025
0.998025
0.992785
0.997760
0.997685
0.996075
0.997140
0.998020
0.997860
0.993015
0.998025
0.992870
0.994435
0.998025
0.997990
0.998010
0.997770
0.988095
0.992585
0.997890
0.998025
0.997740
0.993585
0.979405
0.997840
0.996805
0.997205
0.998020
0.997850
0.997660
0.996795
0.995130
0.998025
0.997945
0.997935
0.998015
0.998015
0.997900
0.997990
0.997800
0.997450
0.941950
0.989400
0.998025
0.991275
0.998005
0.997940
0.996940
0.995290
0.986700
0.996810
0.997260
0.997635
0.992360
0.963750
0.987810
0.997830
0.959650
0.997320
0.989350
0.998015
0.997970
0.976330
0.998025
0.997835
0.994115
0.997755
0.997135
0.997925
0.985955
0.998025
0.994480
0.993020
0.995505
0.989610
0.997085
0.991765
0.997845
0.994605
0.997395
0.998015
0.996835
0.998025
0.998025
0.998005
0.997765
0.997755
0.997300
0.997985
0.997945
0.997810
0.997395
0.995080
0.994920
0.997370
0.993330
0.997820
0.997750
0.998025
0.998015
0.998025
0.995335
0.997690
0.998020
0.985675
0.993615
0.998020
0.993800
0.998025
0.997855
0.996975
0.998025
0.997415
0.990460
0.998015
0.997920
0.995990
0.997965
0.998025
0.997995
0.997385
0.997880
0.998000
0.998025
0.997885
0.997475
0.994515
0.996450
0.997385
0.996345
0.997465
0.997185
0.980095
0.998010
0.986255
0.983200
0.997715
0.992750
0.997945
0.997665
0.995645
0.997995
0.992995
0.997925
0.990980
0.997325
0.997440
0.997765
0.997700
0.998025
0.997930
0.996050
0.997010
0.997970
0.997890
0.986720
0.997435
0.958620
0.992965
0.998025
0.997210
0.989680
0.956660
0.998025
0.997920
0.996645
0.998000
0.998025
0.998005
0.990805
0.997930
0.997565
