0.997990
0.957350
0.997985
0.997990
0.997820
0.997990
0.995880
0.997810
0.997990
0.997930
0.997925
0.997930
0.993900
0.997245
0.997990
0.997835
0.987690
0.997990
0.997975
0.997990
0.996650
0.994575
0.992730
0.991980
0.986295
0.997535
0.995160
0.997960
0.997985
0.997990
0.992810
0.997795
0.997715
0.995775
0.997330
0.997980
0.997880
0.992985
0.997990
0.992860
0.994045
0.997985
0.997935
0.997975
0.997710
0.987740
0.992610
0.997935
0.997990
0.997710
0.993750
0.979535
0.997765
0.996800
0.997195
0.997975
0.997820
0.997650
0.996875
0.995560
0.997985
0.997895
0.997915
0.997980
0.997985
0.997815
0.997955
0.997765
0.997250
0.942600
0.989530
0.997990
0.991260
0.997945
0.997880
0.996925
0.995470
0.986630
0.996865
0.997215
0.997615
0.992160
0.964030
0.987795
0.997865
0.960600
0.997350
0.988735
0.997975
0.997960
0.976390
0.997990
0.997775
0.993800
0.997745
0.997120
0.997920
0.986350
0.997985
0.994570
0.992980
0.995495
0.989645
0.997045
0.992015
0.997835
0.994555
0.997245
0.997990
0.996710
0.997990
0.997985
0.997975
0.997780
0.997745
0.997310
0.997960
0.997920
0.997790
0.997260
0.995095
0.994835
0.997190
0.993000
0.997670
0.997740
0.997990
0.997985
0.997990
0.995770
0.997730
0.997980
0.986115
0.993575
0.997985
0.993785
0.997990
0.997725
0.996950
0.997980
0.997415
0.990230
0.997975
0.997905
0.996035
0.997940
0.997990
0.997970
0.997420
0.997845
0.997975
0.997990
0.997875
0.997445
0.994130
0.996305
0.997360
0.996345
0.997430
0.997140
0.980610
0.997975
0.986405
0.983395
0.997650
0.992755
0.997945
0.997610
0.995705
0.997935
0.992960
0.997905
0.991175
0.997210
0.997380
0.997765
0.997665
0.997990
0.997885
0.996170
0.996985
0.997940
0.997850
0.987140
0.997425
0.958540
0.992935
0.997990
0.997210
0.989635
0.956345
0.997990
0.997875
0.996690
0.997975
0.997990
0.997945
0.990995
0.997845
0.997525
