0.998090
0.958325
0.998085
0.998090
0.997905
0.998090
0.996010
0.997885
0.998090
0.998040
0.998060
0.998050
0.994535
0.997275
0.998090
0.997930
0.988155
0.998090
0.998080
0.998090
0.996820
0.994810
0.992745
0.992285
0.985740
0.997610
0.995050
0.998060
0.998090
0.998085
0.992945
0.997900
0.997780
0.995905
0.997340
0.998065
0.997985
0.993080
0.998075
0.992900
0.994055
0.998090
0.998060
0.998075
0.997795
0.987525
0.992735
0.998025
0.998090
0.997810
0.993675
0.979960
0.997810
0.996750
0.997260
0.998075
0.997945
0.997715
0.996800
0.995420
0.998080
0.997970
0.997985
0.998075
0.998080
0.997835
0.998080
0.997890
0.997350
0.943515
0.989805
0.998080
0.991450
0.998065
0.997995
0.996960
0.995230
0.986935
0.996990
0.997390
0.997705
0.992330
0.963735
0.987460
0.997940
0.958955
0.997395
0.989215
0.998085
0.998060
0.976940
0.998090
0.997900
0.994435
0.997815
0.997305
0.998020
0.986470
0.998090
0.994630
0.993075
0.995750
0.989645
0.997055
0.991885
0.997845
0.994585
0.997400
0.998090
0.996950
0.998090
0.998090
0.998085
0.997840
0.997805
0.997300
0.998065
0.998005
0.997945
0.997390
0.995365
0.994760
0.997430
0.993340
0.997760
0.997825
0.998090
0.998085
0.998090
0.995715
0.997825
0.998085
0.986155
0.993700
0.998090
0.993835
0.998090
0.997905
0.996965
0.998080
0.997400
0.990575
0.998050
0.997990
0.996105
0.998045
0.998090
0.998050
0.997535
0.997905
0.998075
0.998090
0.997975
0.997575
0.994070
0.996290
0.997485
0.996400
0.997555
0.997185
0.980435
0.998070
0.985870
0.984115
0.997815
0.992925
0.998045
0.997750
0.995755
0.998055
0.993045
0.997975
0.991190
0.997355
0.997495
0.997770
0.997810
0.998090
0.998020
0.996205
0.997080
0.998045
0.997955
0.986780
0.997650
0.957250
0.993010
0.998090
0.997135
0.989660
0.956875
0.998090
0.997960
0.996615
0.998055
0.998090
0.998060
0.991065
0.997965
0.997470
