0.998045
0.957760
0.998045
0.998045
0.997855
0.998045
0.996005
0.997865
0.998045
0.998030
0.998000
0.998005
0.994425
0.997210
0.998045
0.997870
0.988355
0.998045
0.998025
0.998045
0.996820
0.994775
0.992760
0.992230
0.986010
0.997630
0.995130
0.998010
0.998045
0.998040
0.992850
0.997805
0.997715
0.995810
0.997320
0.998035
0.997875
0.993040
0.998035
0.992925
0.994405
0.998045
0.997990
0.998045
0.997735
0.987930
0.992610
0.997945
0.998045
0.997795
0.993695
0.979720
0.997850
0.996770
0.997220
0.998040
0.997850
0.997580
0.996715
0.995435
0.998040
0.997950
0.997925
0.998030
0.998040
0.997865
0.998030
0.997840
0.997280
0.942585
0.989350
0.998045
0.991470
0.998025
0.997990
0.997025
0.995435
0.986505
0.996755
0.997390
0.997670
0.991985
0.964025
0.987400
0.997900
0.959400
0.997410
0.989045
0.998025
0.997990
0.976645
0.998045
0.997865
0.994400
0.997690
0.997340
0.998005
0.986300
0.998040
0.994795
0.993035
0.995660
0.990250
0.997115
0.992050
0.997835
0.994640
0.997185
0.998040
0.996750
0.998045
0.998040
0.998035
0.997795
0.997790
0.997360
0.998015
0.997970
0.997855
0.997455
0.995155
0.994890
0.997235
0.993260
0.997730
0.997765
0.998045
0.998045
0.998045
0.995720
0.997775
0.998020
0.986240
0.993580
0.998040
0.993620
0.998045
0.997815
0.996880
0.998030
0.997530
0.989955
0.998040
0.997965
0.995980
0.997990
0.998045
0.998025
0.997410
0.997855
0.998040
0.998045
0.997900
0.997415
0.994470
0.996175
0.997440
0.996335
0.997455
0.997205
0.980745
0.998020
0.986420
0.983045
0.997775
0.992805
0.998005
0.997650
0.995700
0.998015
0.993000
0.997935
0.991080
0.997355
0.997440
0.997740
0.997665
0.998045
0.997995
0.996025
0.997055
0.997995
0.997885
0.986240
0.997610
0.957740
0.992990
0.998045
0.997270
0.989850
0.957480
0.998045
0.997945
0.996465
0.998015
0.998045
0.998015
0.991355
0.997930
0.997540
