0.997905
0.957870
0.997895
0.997900
0.997720
0.997905
0.995855
0.997735
0.997900
0.997860
0.997865
0.997835
0.994175
0.997060
0.997900
0.997745
0.988120
0.997905
0.997875
0.997905
0.996630
0.994505
0.992630
0.992040
0.985825
0.997485
0.995155
0.997850
0.997905
0.997900
0.992715
0.997690
0.997550
0.995850
0.997095
0.997905
0.997795
0.992880
0.997900
0.992690
0.994225
0.997905
0.997865
0.997885
0.997535
0.987620
0.992410
0.997790
0.997905
0.997660
0.993835
0.979945
0.997690
0.996615
0.997025
0.997895
0.997760
0.997545
0.996665
0.995155
0.997900
0.997810
0.997815
0.997885
0.997895
0.997780
0.997885
0.997715
0.997245
0.942855
0.989830
0.997900
0.991075
0.997890
0.997845
0.996840
0.995320
0.986735
0.996725
0.997255
0.997610
0.992320
0.964580
0.987740
0.997700
0.959955
0.997275
0.989140
0.997895
0.997865
0.976800
0.997905
0.997715
0.994105
0.997550
0.997095
0.997865
0.986210
0.997905
0.994465
0.992905
0.995640
0.989870
0.996960
0.991585
0.997730
0.994570
0.997200
0.997900
0.996690
0.997905
0.997905
0.997900
0.997670
0.997585
0.997195
0.997875
0.997855
0.997680
0.997255
0.995140
0.994870
0.997090
0.992985
0.997690
0.997570
0.997905
0.997890
0.997905
0.995465
0.997680
0.997890
0.985700
0.993320
0.997905
0.993645
0.997905
0.997685
0.996940
0.997905
0.997315
0.990385
0.997880
0.997855
0.995835
0.997875
0.997905
0.997875
0.997235
0.997730
0.997870
0.997905
0.997760
0.997330
0.994175
0.996045
0.997390
0.996190
0.997295
0.996980
0.980750
0.997895
0.986015
0.983075
0.997625
0.992650
0.997870
0.997550
0.995450
0.997875
0.992860
0.997840
0.991270
0.997405
0.997300
0.997525
0.997585
0.997905
0.997845
0.996025
0.996790
0.997865
0.997745
0.986985
0.997435
0.958255
0.992865
0.997905
0.997080
0.989760
0.956990
0.997905
0.997845
0.996325
0.997885
0.997905
0.997880
0.991115
0.997820
0.997410
