0.997975
0.957725
0.997970
0.997975
0.997830
0.997975
0.996050
0.997845
0.997975
0.997955
0.997915
0.997940
0.994365
0.997130
0.997975
0.997790
0.988100
0.997975
0.997950
0.997975
0.996775
0.994515
0.992615
0.992145
0.986095
0.997555
0.995095
0.997920
0.997975
0.997975
0.992770
0.997750
0.997690
0.996005
0.997270
0.997975
0.997855
0.992955
0.997965
0.992790
0.994230
0.997975
0.997935
0.997965
0.997680
0.987920
0.992530
0.997850
0.997975
0.997760
0.993830
0.979925
0.997745
0.996660
0.997145
0.997970
0.997800
0.997620
0.996635
0.995165
0.997975
0.997865
0.997865
0.997950
0.997970
0.997835
0.997965
0.997820
0.997100
0.944345
0.989670
0.997975
0.991190
0.997955
0.997885
0.996785
0.995300
0.986950
0.996885
0.997295
0.997635
0.992425
0.964410
0.987665
0.997835
0.960470
0.997275
0.989135
0.997950
0.997945
0.976610
0.997975
0.997800
0.994215
0.997655
0.997185
0.997920
0.986455
0.997970
0.994580
0.992975
0.995715
0.989705
0.997105
0.991975
0.997775
0.994885
0.997210
0.997975
0.996695
0.997975
0.997975
0.997970
0.997795
0.997695
0.997215
0.997960
0.997925
0.997750
0.997395
0.994900
0.994815
0.997265
0.993335
0.997665
0.997710
0.997975
0.997970
0.997975
0.995640
0.997705
0.997965
0.986335
0.993590
0.997975
0.993625
0.997970
0.997785
0.996880
0.997970
0.997475
0.990295
0.997935
0.997910
0.996085
0.997935
0.997975
0.997920
0.997300
0.997770
0.997965
0.997975
0.997790
0.997415
0.994255
0.996190
0.997300
0.996330
0.997420
0.997170
0.980115
0.997975
0.985880
0.984025
0.997680
0.992830
0.997940
0.997675
0.995590
0.997940
0.992870
0.997880
0.990990
0.997380
0.997380
0.997665
0.997575
0.997975
0.997920
0.996225
0.997025
0.997935
0.997825
0.986485
0.997450
0.957245
0.992915
0.997975
0.997110
0.989840
0.956310
0.997975
0.997865
0.996555
0.997950
0.997975
0.997950
0.990960
0.997885
0.997470
