0.998160
0.957670
0.998160
0.998160
0.998000
0.998160
0.996060
0.997955
0.998160
0.998120
0.998125
0.998120
0.994505
0.997270
0.998160
0.998035
0.988230
0.998160
0.998140
0.998160
0.996890
0.994880
0.992795
0.992245
0.985900
0.997805
0.995390
0.998080
0.998160
0.998155
0.992945
0.997975
0.997845
0.996100
0.997415
0.998160
0.997980
0.993155
0.998160
0.993020
0.994525
0.998155
0.998110
0.998155
0.997845
0.988355
0.992710
0.998065
0.998160
0.997895
0.993830
0.979550
0.997930
0.996835
0.997335
0.998150
0.998010
0.997735
0.996885
0.995570
0.998160
0.998115
0.998030
0.998160
0.998150
0.998000
0.998115
0.997965
0.997330
0.942900
0.989665
0.998160
0.991595
0.998130
0.998110
0.997125
0.995310
0.986845
0.996995
0.997330
0.997775
0.992500
0.964665
0.987935
0.998020
0.959380
0.997540
0.989205
0.998140
0.998125
0.976945
0.998160
0.997980
0.994425
0.997830
0.997330
0.998090
0.986265
0.998155
0.994655
0.993155
0.995845
0.989840
0.997265
0.992350
0.998000
0.994810
0.997435
0.998160
0.996905
0.998160
0.998160
0.998145
0.997905
0.997850
0.997420
0.998110
0.998100
0.997970
0.997495
0.995385
0.995135
0.997375
0.993505
0.997775
0.997885
0.998160
0.998160
0.998160
0.995710
0.997930
0.998145
0.985780
0.993760
0.998160
0.993660
0.998160
0.997965
0.997090
0.998150
0.997565
0.990720
0.998145
0.998070
0.996290
0.998135
0.998160
0.998110
0.997560
0.997950
0.998155
0.998160
0.998020
0.997670
0.994645
0.996415
0.997575
0.996420
0.997660
0.997435
0.980145
0.998135
0.986240
0.983630
0.997800
0.992930
0.998125
0.997790
0.995925
0.998140
0.993120
0.998080
0.991170
0.997525
0.997600
0.997830
0.997770
0.998160
0.998125
0.995995
0.997210
0.998120
0.997995
0.986685
0.997670
0.957415
0.993115
0.998160
0.997245
0.989720
0.957190
0.998160
0.998015
0.996710
0.998135
0.998160
0.998155
0.991335
0.998105
0.997580
