0.998045
0.958330
0.998040
0.998045
0.997890
0.998045
0.996035
0.997900
0.998045
0.998015
0.998005
0.997980
0.994495
0.997240
0.998045
0.997885
0.988030
0.998045
0.998005
0.998045
0.996780
0.994640
0.992740
0.992015
0.986155
0.997640
0.995205
0.998005
0.998045
0.998045
0.992880
0.997845
0.997800
0.995885
0.997310
0.998045
0.997895
0.993040
0.998040
0.992855
0.994590
0.998040
0.997995
0.998030
0.997740
0.987965
0.992560
0.997915
0.998045
0.997780
0.993670
0.979960
0.997840
0.996750
0.997100
0.998040
0.997875
0.997730
0.996835
0.995125
0.998045
0.997940
0.997960
0.998020
0.998045
0.997915
0.998020
0.997870
0.997395
0.943680
0.989440
0.998045
0.991000
0.998020
0.997960
0.996960
0.995410
0.986915
0.996945
0.997290
0.997620
0.992335
0.964060
0.987800
0.997930
0.959055
0.997340
0.989145
0.998035
0.997990
0.976655
0.998045
0.997900
0.994465
0.997735
0.997180
0.997950
0.986345
0.998045
0.994580
0.993040
0.995735
0.989765
0.997095
0.991955
0.997835
0.994440
0.997400
0.998045
0.996905
0.998045
0.998045
0.998030
0.997800
0.997685
0.997330
0.998015
0.998010
0.997855
0.997440
0.995115
0.995060
0.997205
0.993430
0.997780
0.997845
0.998045
0.998035
0.998045
0.995595
0.997760
0.998035
0.985740
0.993355
0.998045
0.993690
0.998045
0.997920
0.996985
0.998030
0.997420
0.990320
0.998035
0.997930
0.996100
0.997995
0.998045
0.998010
0.997410
0.997915
0.998025
0.998045
0.997875
0.997500
0.994680
0.996285
0.997395
0.996535
0.997495
0.997195
0.979715
0.998035
0.986120
0.983645
0.997780
0.992845
0.998025
0.997730
0.995595
0.998025
0.992995
0.997915
0.990725
0.997375
0.997405
0.997685
0.997740
0.998045
0.997990
0.996295
0.997015
0.997985
0.997925
0.987090
0.997500
0.957655
0.993005
0.998045
0.997175
0.989585
0.956145
0.998045
0.997915
0.996565
0.998010
0.998045
0.998020
0.991115
0.997925
0.997630
