0.997990
0.957525
0.997990
0.997990
0.997800
0.997990
0.996030
0.997815
0.997990
0.997970
0.997960
0.997940
0.994410
0.997150
0.997990
0.997775
0.987955
0.997990
0.997955
0.997990
0.996820
0.994590
0.992685
0.992210
0.986495
0.997645
0.995090
0.997945
0.997990
0.997990
0.992835
0.997795
0.997615
0.995940
0.997170
0.997990
0.997850
0.992985
0.997985
0.992825
0.994205
0.997990
0.997955
0.997985
0.997690
0.987940
0.992585
0.997865
0.997990
0.997725
0.993895
0.979480
0.997740
0.996745
0.997170
0.997985
0.997855
0.997570
0.996720
0.995390
0.997990
0.997930
0.997900
0.997985
0.997975
0.997790
0.997950
0.997790
0.997300
0.942260
0.989545
0.997990
0.991060
0.997965
0.997890
0.996870
0.995345
0.986940
0.996865
0.997270
0.997625
0.992140
0.963545
0.988300
0.997815
0.959200
0.997330
0.989140
0.997980
0.997950
0.976485
0.997990
0.997735
0.994320
0.997675
0.997095
0.997930
0.986380
0.997990
0.994600
0.992980
0.995695
0.989675
0.997120
0.991800
0.997815
0.994595
0.997350
0.997990
0.996855
0.997990
0.997990
0.997990
0.997760
0.997620
0.997225
0.997960
0.997910
0.997755
0.997230
0.994990
0.994785
0.997305
0.993590
0.997730
0.997755
0.997990
0.997985
0.997990
0.995795
0.997670
0.997975
0.986485
0.993650
0.997990
0.993690
0.997990
0.997775
0.996880
0.997985
0.997390
0.990040
0.997960
0.997895
0.995920
0.997960
0.997990
0.997955
0.997355
0.997840
0.997980
0.997990
0.997835
0.997375
0.994215
0.996230
0.997285
0.996415
0.997420
0.997130
0.980380
0.997980
0.986360
0.983045
0.997705
0.992835
0.997940
0.997720
0.995550
0.997945
0.992970
0.997860
0.991140
0.997405
0.997420
0.997615
0.997650
0.997990
0.997915
0.996190
0.996970
0.997940
0.997850
0.986970
0.997440
0.957545
0.992960
0.997990
0.997205
0.989560
0.956880
0.997990
0.997875
0.996610
0.997945
0.997990
0.997965
0.991185
0.997870
0.997490
