0.998040
0.958065
0.998035
0.998040
0.997875
0.998040
0.996100
0.997900
0.998035
0.997990
0.998010
0.997990
0.994500
0.997240
0.998040
0.997880
0.988340
0.998040
0.998015
0.998040
0.996835
0.994800
0.992750
0.992170
0.986130
0.997675
0.995130
0.998005
0.998040
0.998040
0.992895
0.997805
0.997730
0.996055
0.997240
0.998015
0.997935
0.993025
0.998025
0.992880
0.994280
0.998040
0.998010
0.998025
0.997680
0.988065
0.992510
0.997870
0.998040
0.997810
0.993655
0.979365
0.997790
0.996865
0.997270
0.998035
0.997835
0.997745
0.996990
0.995365
0.998030
0.997935
0.997940
0.998030
0.998040
0.997890
0.998015
0.997825
0.997445
0.942285
0.989620
0.998040
0.991410
0.998005
0.997940
0.997100
0.995575
0.986705
0.996815
0.997345
0.997640
0.992245
0.963900
0.987810
0.997910
0.959875
0.997410
0.989085
0.998025
0.998005
0.976245
0.998040
0.997760
0.994325
0.997800
0.997250
0.997945
0.986460
0.998035
0.994480
0.993040
0.996010
0.989890
0.997200
0.992065
0.997845
0.994620
0.997335
0.998040
0.996895
0.998040
0.998040
0.998015
0.997730
0.997745
0.997460
0.998005
0.997940
0.997810
0.997465
0.995135
0.994960
0.997260
0.993240
0.997840
0.997765
0.998040
0.998040
0.998040
0.995840
0.997800
0.998030
0.985685
0.993235
0.998040
0.993785
0.998040
0.997860
0.997110
0.998040
0.997450
0.990435
0.998015
0.997970
0.996270
0.997970
0.998040
0.997990
0.997450
0.997855
0.998020
0.998040
0.997905
0.997440
0.994315
0.996255
0.997385
0.996370
0.997485
0.997245
0.979685
0.998030
0.985735
0.983810
0.997755
0.992830
0.997985
0.997720
0.995615
0.998000
0.992995
0.997930
0.990720
0.997400
0.997385
0.997775
0.997720
0.998040
0.997980
0.996290
0.997085
0.997985
0.997885
0.986745
0.997460
0.957990
0.993010
0.998040
0.997335
0.989625
0.956995
0.998040
0.997945
0.996680
0.998020
0.998040
0.998020
0.991175
0.997905
0.997595
