0.997975
0.957815
0.997975
0.997975
0.997815
0.997975
0.996090
0.997745
0.997965
0.997935
0.997950
0.997885
0.994230
0.997105
0.997975
0.997840
0.988095
0.997970
0.997945
0.997975
0.996710
0.994385
0.992630
0.992175
0.986080
0.997590
0.994905
0.997935
0.997975
0.997975
0.992780
0.997755
0.997645
0.995985
0.997155
0.997965
0.997820
0.992970
0.997970
0.992785
0.994165
0.997975
0.997935
0.997970
0.997700
0.987990
0.992430
0.997830
0.997975
0.997745
0.993660
0.980005
0.997800
0.996695
0.997075
0.997970
0.997825
0.997650
0.996735
0.995200
0.997970
0.997880
0.997820
0.997965
0.997975
0.997850
0.997955
0.997765
0.997260
0.942830
0.989500
0.997975
0.991330
0.997950
0.997890
0.997030
0.995465
0.986465
0.996865
0.997240
0.997595
0.992280
0.964580
0.987385
0.997805
0.959725
0.997210
0.989200
0.997965
0.997905
0.976595
0.997975
0.997810
0.994150
0.997675
0.997170
0.997905
0.986350
0.997975
0.994545
0.992970
0.995580
0.989555
0.997035
0.991805
0.997755
0.994500
0.997200
0.997975
0.996650
0.997975
0.997975
0.997970
0.997710
0.997610
0.997345
0.997940
0.997910
0.997770
0.997280
0.995300
0.994740
0.997145
0.993285
0.997780
0.997710
0.997970
0.997975
0.997975
0.995765
0.997660
0.997970
0.986185
0.993575
0.997970
0.993810
0.997975
0.997785
0.996910
0.997975
0.997455
0.990730
0.997950
0.997905
0.996065
0.997945
0.997975
0.997960
0.997290
0.997790
0.997960
0.997975
0.997830
0.997345
0.994145
0.995950
0.997345
0.996450
0.997325
0.997295
0.980455
0.997955
0.985865
0.983415
0.997690
0.992710
0.997935
0.997665
0.995690
0.997920
0.992900
0.997870
0.990990
0.997300
0.997380
0.997670
0.997595
0.997975
0.997920
0.996135
0.996915
0.997930
0.997790
0.986920
0.997430
0.957740
0.992900
0.997975
0.997155
0.989745
0.956310
0.997975
0.997870
0.996520
0.997950
0.997975
0.997930
0.991165
0.997865
0.997465
