0.997960
0.957385
0.997950
0.997960
0.997785
0.997960
0.996220
0.997795
0.997955
0.997905
0.997905
0.997920
0.994510
0.997005
0.997960
0.997745
0.988320
0.997960
0.997945
0.997960
0.996655
0.994435
0.992700
0.992045
0.986095
0.997585
0.995105
0.997920
0.997955
0.997960
0.992835
0.997730
0.997640
0.995910
0.997170
0.997945
0.997790
0.992930
0.997940
0.992785
0.994025
0.997960
0.997920
0.997945
0.997645
0.987950
0.992525
0.997835
0.997960
0.997700
0.993650
0.979800
0.997785
0.996555
0.997065
0.997930
0.997815
0.997565
0.996670
0.995285
0.997960
0.997880
0.997870
0.997935
0.997945
0.997770
0.997930
0.997785
0.997285
0.943730
0.989710
0.997950
0.991140
0.997930
0.997890
0.996905
0.995170
0.986730
0.996750
0.997125
0.997650
0.992355
0.964025
0.987395
0.997770
0.959685
0.997245
0.988775
0.997950
0.997925
0.976740
0.997960
0.997795
0.994385
0.997670
0.997115
0.997860
0.986160
0.997945
0.994420
0.992940
0.995605
0.989845
0.997030
0.992025
0.997750
0.994445
0.997240
0.997960
0.996625
0.997960
0.997960
0.997955
0.997700
0.997675
0.997260
0.997945
0.997905
0.997655
0.997320
0.995050
0.994580
0.997220
0.993410
0.997670
0.997675
0.997960
0.997955
0.997960
0.995950
0.997620
0.997955
0.986305
0.993640
0.997960
0.993480
0.997955
0.997805
0.996880
0.997960
0.997440
0.990225
0.997945
0.997885
0.995990
0.997890
0.997960
0.997910
0.997405
0.997765
0.997930
0.997960
0.997865
0.997350
0.994040
0.996150
0.997265
0.996180
0.997370
0.997045
0.980500
0.997940
0.986155
0.983630
0.997725
0.992860
0.997885
0.997605
0.995530
0.997915
0.992935
0.997875
0.991100
0.997350
0.997425
0.997670
0.997635
0.997960
0.997905
0.996135
0.996875
0.997885
0.997835
0.986395
0.997425
0.957590
0.992920
0.997960
0.997055
0.989805
0.956575
0.997960
0.997845
0.996525
0.997950
0.997960
0.997925
0.991185
0.997880
0.997425
