0.997965
0.957695
0.997965
0.997965
0.997805
0.997965
0.996040
0.997805
0.997960
0.997950
0.997900
0.997945
0.994340
0.997110
0.997960
0.997750
0.988380
0.997965
0.997930
0.997965
0.996620
0.994625
0.992605
0.992150
0.986035
0.997485
0.995265
0.997920
0.997965
0.997965
0.992765
0.997740
0.997585
0.995925
0.997240
0.997960
0.997825
0.992950
0.997960
0.992820
0.994270
0.997965
0.997915
0.997950
0.997680
0.988250
0.992525
0.997845
0.997965
0.997775
0.993855
0.979830
0.997755
0.996690
0.997055
0.997940
0.997755
0.997615
0.996620
0.995320
0.997965
0.997875
0.997845
0.997955
0.997965
0.997800
0.997920
0.997795
0.997140
0.942405
0.989495
0.997965
0.991195
0.997930
0.997910
0.996860
0.995310
0.986470
0.996775
0.997105
0.997600
0.992575
0.965005
0.987965
0.997850
0.958665
0.997260
0.989205
0.997955
0.997900
0.976775
0.997965
0.997770
0.994240
0.997645
0.997135
0.997910
0.986395
0.997960
0.994670
0.992965
0.995485
0.989910
0.996985
0.992105
0.997800
0.994585
0.997185
0.997965
0.996620
0.997965
0.997965
0.997945
0.997715
0.997655
0.997255
0.997925
0.997865
0.997730
0.997370
0.995285
0.994710
0.997220
0.993425
0.997625
0.997760
0.997965
0.997955
0.997965
0.995545
0.997700
0.997950
0.986045
0.993470
0.997965
0.993635
0.997965
0.997825
0.996795
0.997960
0.997310
0.990530
0.997925
0.997870
0.996155
0.997910
0.997965
0.997910
0.997350
0.997810
0.997945
0.997965
0.997830
0.997490
0.994385
0.996095
0.997305
0.996335
0.997460
0.997130
0.980110
0.997955
0.986020
0.983500
0.997650
0.992750
0.997920
0.997595
0.995515
0.997920
0.992920
0.997855
0.991030
0.997285
0.997420
0.997685
0.997665
0.997960
0.997900
0.995955
0.996915
0.997910
0.997805
0.986895
0.997405
0.958240
0.992920
0.997965
0.997160
0.989675
0.957135
0.997965
0.997850
0.996405
0.997950
0.997965
0.997945
0.991085
0.997830
0.997345
