0.997930
0.957185
0.997930
0.997925
0.997790
0.997930
0.996070
0.997735
0.997930
0.997905
0.997900
0.997860
0.994255
0.997060
0.997925
0.997760
0.987955
0.997930
0.997915
0.997930
0.996740
0.994465
0.992620
0.992125
0.985580
0.997510
0.995050
0.997920
0.997930
0.997930
0.992755
0.997730
0.997620
0.995545
0.997265
0.997930
0.997770
0.992900
0.997930
0.992735
0.994015
0.997930
0.997890
0.997925
0.997600
0.987770
0.992480
0.997830
0.997930
0.997725
0.993615
0.979735
0.997720
0.996500
0.997040
0.997915
0.997770
0.997565
0.996485
0.995020
0.997930
0.997865
0.997805
0.997920
0.997925
0.997725
0.997900
0.997755
0.997165
0.943560
0.989615
0.997930
0.991340
0.997905
0.997835
0.996705
0.995240
0.986640
0.996800
0.997255
0.997535
0.992465
0.964570
0.987935
0.997790
0.959970
0.997225
0.989035
0.997925
0.997885
0.976370
0.997930
0.997730
0.994175
0.997625
0.997115
0.997835
0.986285
0.997920
0.994695
0.992905
0.995740
0.989570
0.996845
0.991590
0.997740
0.994650
0.997140
0.997930
0.996685
0.997930
0.997930
0.997920
0.997695
0.997670
0.997330
0.997910
0.997885
0.997700
0.997240
0.995265
0.994630
0.997075
0.993420
0.997585
0.997730
0.997930
0.997930
0.997930
0.995665
0.997630
0.997915
0.986120
0.993405
0.997930
0.993605
0.997930
0.997730
0.996895
0.997930
0.997405
0.990405
0.997910
0.997825
0.996005
0.997860
0.997930
0.997865
0.997345
0.997690
0.997925
0.997930
0.997765
0.997410
0.994165
0.996215
0.997320
0.996465
0.997415
0.997085
0.979480
0.997920
0.986620
0.983600
0.997610
0.992705
0.997900
0.997605
0.995605
0.997885
0.992905
0.997820
0.991005
0.997175
0.997400
0.997605
0.997575
0.997930
0.997880
0.996010
0.996975
0.997900
0.997775
0.986495
0.997415
0.956760
0.992865
0.997930
0.997050
0.989760
0.956690
0.997930
0.997855
0.996455
0.997900
0.997930
0.997905
0.991035
0.997825
0.997425
