0.997840
0.957195
0.997835
0.997840
0.997690
0.997840
0.996040
0.997670
0.997840
0.997805
0.997780
0.997815
0.994155
0.997100
0.997840
0.997675
0.988175
0.997840
0.997825
0.997840
0.996660
0.994295
0.992580
0.991895
0.986055
0.997455
0.994710
0.997785
0.997840
0.997840
0.992600
0.997575
0.997575
0.995965
0.997115
0.997835
0.997695
0.992830
0.997840
0.992695
0.993945
0.997840
0.997790
0.997820
0.997615
0.987615
0.992320
0.997730
0.997840
0.997610
0.993480
0.979450
0.997595
0.996650
0.996955
0.997820
0.997665
0.997425
0.996510
0.994985
0.997835
0.997765
0.997725
0.997830
0.997835
0.997700
0.997835
0.997715
0.997070
0.942980
0.989685
0.997840
0.991480
0.997820
0.997805
0.996855
0.995015
0.987225
0.996535
0.997105
0.997515
0.992285
0.963840
0.987895
0.997705
0.958805
0.997170
0.988680
0.997830
0.997795
0.976365
0.997840
0.997605
0.994090
0.997525
0.996910
0.997775
0.986010
0.997835
0.994215
0.992835
0.995530
0.989595
0.996850
0.991710
0.997655
0.994400
0.997155
0.997840
0.996650
0.997840
0.997835
0.997830
0.997585
0.997520
0.997155
0.997780
0.997800
0.997605
0.997160
0.994840
0.994470
0.997035
0.992980
0.997575
0.997595
0.997840
0.997835
0.997840
0.995830
0.997545
0.997815
0.985735
0.993310
0.997835
0.993560
0.997840
0.997695
0.996750
0.997835
0.997275
0.990380
0.997815
0.997725
0.995805
0.997755
0.997840
0.997810
0.997350
0.997690
0.997810
0.997840
0.997710
0.997255
0.993800
0.995940
0.997230
0.996120
0.997230
0.996925
0.980525
0.997815
0.986015
0.983900
0.997600
0.992665
0.997765
0.997505
0.995465
0.997805
0.992815
0.997770
0.990790
0.997220
0.997185
0.997500
0.997530
0.997840
0.997765
0.995865
0.996790
0.997780
0.997680
0.986935
0.997235
0.957065
0.992770
0.997840
0.996985
0.989530
0.956850
0.997840
0.997775
0.996370
0.997820
0.997840
0.997790
0.991005
0.997685
0.997355
