0.998200
0.958495
0.998200
0.998200
0.998050
0.998195
0.996240
0.998060
0.998195
0.998170
0.998160
0.998155
0.994415
0.997350
0.998200
0.998070
0.988435
0.998200
0.998175
0.998200
0.996920
0.994660
0.992825
0.992335
0.986250
0.997850
0.995245
0.998150
0.998200
0.998195
0.993035
0.997970
0.997890
0.995965
0.997490
0.998190
0.998080
0.993175
0.998190
0.992985
0.994270
0.998200
0.998135
0.998190
0.997835
0.988095
0.992765
0.998115
0.998200
0.997955
0.993720
0.979755
0.997935
0.996955
0.997190
0.998160
0.997995
0.997835
0.996990
0.995305
0.998200
0.998110
0.998095
0.998185
0.998195
0.997995
0.998150
0.997995
0.997445
0.942310
0.989655
0.998200
0.991605
0.998175
0.998130
0.996955
0.995680
0.986795
0.997085
0.997470
0.997875
0.992730
0.964395
0.988160
0.998065
0.959780
0.997580
0.989535
0.998190
0.998165
0.976850
0.998200
0.997970
0.994365
0.997955
0.997350
0.998110
0.986410
0.998195
0.994800
0.993190
0.995805
0.989990
0.997315
0.991955
0.998035
0.994750
0.997465
0.998200
0.996955
0.998200
0.998200
0.998190
0.997980
0.997915
0.997605
0.998170
0.998115
0.997980
0.997525
0.995325
0.994875
0.997535
0.993540
0.997825
0.997940
0.998200
0.998200
0.998200
0.995785
0.997935
0.998185
0.986540
0.993700
0.998200
0.993895
0.998200
0.998040
0.997075
0.998200
0.997700
0.990730
0.998190
0.998110
0.996530
0.998150
0.998200
0.998170
0.997600
0.998015
0.998180
0.998200
0.998045
0.997600
0.994095
0.996520
0.997600
0.996615
0.997595
0.997505
0.980890
0.998175
0.986490
0.983795
0.997905
0.992920
0.998145
0.997855
0.995830
0.998165
0.993150
0.998120
0.991175
0.997550
0.997615
0.997875
0.997865
0.998200
0.998145
0.996270
0.997335
0.998155
0.998055
0.986820
0.997690
0.956685
0.993170
0.998200
0.997305
0.990285
0.956625
0.998200
0.998130
0.996780
0.998180
0.998200
0.998180
0.991680
0.998095
0.997575
