0.998055
0.957550
0.998055
0.998055
0.997885
0.998055
0.996030
0.997925
0.998050
0.998005
0.998010
0.998015
0.994485
0.997180
0.998055
0.997880
0.988365
0.998055
0.998035
0.998055
0.996895
0.994540
0.992670
0.992245
0.986220
0.997655
0.995200
0.998030
0.998055
0.998055
0.992910
0.997865
0.997835
0.996100
0.997280
0.998040
0.997910
0.993040
0.998055
0.992890
0.994160
0.998055
0.998005
0.998055
0.997775
0.987430
0.992670
0.997930
0.998055
0.997730
0.993990
0.979840
0.997835
0.996720
0.997275
0.998040
0.997920
0.997685
0.996955
0.995355
0.998050
0.997995
0.997955
0.998055
0.998055
0.997910
0.998030
0.997830
0.997345
0.942480
0.989675
0.998050
0.991410
0.998025
0.997980
0.996965
0.995355
0.986850
0.996960
0.997330
0.997690
0.992565
0.964850
0.987840
0.997970
0.959280
0.997405
0.989135
0.998035
0.998010
0.976775
0.998055
0.997855
0.994330
0.997795
0.997170
0.997980
0.986455
0.998055
0.994500
0.993040
0.995645
0.989775
0.997115
0.991680
0.997885
0.994680
0.997300
0.998050
0.996835
0.998055
0.998055
0.998035
0.997820
0.997730
0.997345
0.998020
0.998010
0.997845
0.997330
0.995165
0.994835
0.997300
0.993205
0.997760
0.997840
0.998055
0.998055
0.998055
0.995570
0.997790
0.998040
0.986495
0.993815
0.998055
0.993535
0.998055
0.997820
0.996985
0.998055
0.997480
0.990500
0.998035
0.998000
0.996215
0.997985
0.998055
0.998005
0.997370
0.997870
0.998045
0.998055
0.997910
0.997560
0.994300
0.996205
0.997390
0.996510
0.997565
0.997195
0.980145
0.998040
0.986125
0.983505
0.997740
0.992810
0.998010
0.997665
0.995725
0.997995
0.993015
0.997975
0.991390
0.997465
0.997415
0.997790
0.997635
0.998055
0.997960
0.996150
0.997055
0.997980
0.997915
0.986810
0.997550
0.958135
0.992985
0.998055
0.997155
0.989850
0.956125
0.998055
0.997930
0.996655
0.998025
0.998055
0.998020
0.990790
0.997960
0.997610
