0.998080
0.957345
0.998085
0.998080
0.997900
0.998085
0.996255
0.997930
0.998085
0.998050
0.998060
0.998070
0.994300
0.997230
0.998080
0.997920
0.987930
0.998085
0.998045
0.998085
0.996765
0.994670
0.992775
0.992145
0.986200
0.997695
0.995405
0.998025
0.998085
0.998080
0.992995
0.997925
0.997795
0.995895
0.997370
0.998080
0.997910
0.993060
0.998080
0.992925
0.994475
0.998085
0.998045
0.998085
0.997750
0.987590
0.992535
0.998000
0.998085
0.997910
0.993845
0.979605
0.997850
0.996875
0.997280
0.998085
0.997945
0.997680
0.996815
0.995500
0.998085
0.998005
0.997970
0.998075
0.998085
0.997875
0.998045
0.997840
0.997305
0.943315
0.989655
0.998085
0.991100
0.998050
0.998005
0.997050
0.995670
0.987005
0.996930
0.997330
0.997690
0.992430
0.963935
0.987890
0.997955
0.960120
0.997245
0.989055
0.998070
0.998065
0.976475
0.998085
0.997825
0.994205
0.997790
0.997275
0.998020
0.986315
0.998085
0.994715
0.993085
0.995700
0.989505
0.997115
0.992015
0.997900
0.994810
0.997395
0.998085
0.996930
0.998085
0.998085
0.998070
0.997840
0.997800
0.997420
0.998060
0.998025
0.997900
0.997325
0.995495
0.994865
0.997390
0.993205
0.997790
0.997810
0.998085
0.998085
0.998085
0.995975
0.997780
0.998075
0.986295
0.993795
0.998080
0.993560
0.998085
0.997920
0.996975
0.998075
0.997630
0.990145
0.998045
0.997985
0.996200
0.998020
0.998085
0.998075
0.997520
0.997850
0.998085
0.998085
0.997945
0.997545
0.994590
0.996205
0.997435
0.996480
0.997545
0.997200
0.980205
0.998080
0.986240
0.983440
0.997790
0.992890
0.998000
0.997780
0.995920
0.998030
0.993035
0.997995
0.991235
0.997305
0.997515
0.997780
0.997790
0.998085
0.998010
0.996130
0.997090
0.998030
0.997905
0.986845
0.997565
0.957470
0.993070
0.998085
0.997275
0.989910
0.956845
0.998085
0.998010
0.996610
0.998065
0.998085
0.998055
0.991640
0.997950
0.997485
