0.997855
0.956575
0.997850
0.997855
0.997695
0.997855
0.995800
0.997700
0.997850
0.997795
0.997820
0.997780
0.994390
0.996945
0.997855
0.997695
0.988115
0.997855
0.997835
0.997855
0.996545
0.994340
0.992485
0.992110
0.985590
0.997440
0.994910
0.997810
0.997850
0.997855
0.992645
0.997695
0.997520
0.995740
0.997025
0.997855
0.997725
0.992840
0.997855
0.992695
0.993950
0.997850
0.997820
0.997835
0.997595
0.987600
0.992270
0.997765
0.997855
0.997595
0.993625
0.979575
0.997555
0.996490
0.996975
0.997855
0.997695
0.997450
0.996525
0.994990
0.997850
0.997790
0.997675
0.997855
0.997840
0.997715
0.997820
0.997700
0.997105
0.942730
0.989380
0.997855
0.991295
0.997835
0.997770
0.996895
0.995130
0.986315
0.996795
0.997130
0.997500
0.992010
0.964060
0.987510
0.997725
0.959630
0.997120
0.988980
0.997845
0.997820
0.976390
0.997855
0.997585
0.994285
0.997555
0.997040
0.997815
0.985825
0.997840
0.994350
0.992850
0.995555
0.989545
0.996965
0.991585
0.997620
0.994625
0.997120
0.997855
0.996680
0.997855
0.997855
0.997840
0.997605
0.997535
0.997135
0.997810
0.997785
0.997635
0.997165
0.994800
0.994585
0.997105
0.993060
0.997555
0.997640
0.997855
0.997855
0.997855
0.995555
0.997575
0.997845
0.986050
0.993590
0.997850
0.993560
0.997855
0.997580
0.996680
0.997850
0.997355
0.990035
0.997825
0.997755
0.996030
0.997795
0.997855
0.997805
0.997230
0.997630
0.997835
0.997855
0.997705
0.997265
0.994035
0.996050
0.997190
0.996335
0.997215
0.996930
0.980150
0.997830
0.985730
0.983180
0.997575
0.992635
0.997785
0.997505
0.995255
0.997805
0.992840
0.997775
0.991135
0.997205
0.997285
0.997520
0.997460
0.997855
0.997785
0.996120
0.996760
0.997820
0.997640
0.986830
0.997405
0.958005
0.992815
0.997855
0.996945
0.989435
0.956205
0.997855
0.997745
0.996590
0.997825
0.997855
0.997835
0.990975
0.997755
0.997390
