0.998145
0.958210
0.998135
0.998140
0.998010
0.998145
0.996175
0.997940
0.998135
0.998095
0.998095
0.998095
0.994420
0.997280
0.998145
0.997985
0.987805
0.998145
0.998090
0.998145
0.996910
0.994735
0.992755
0.992200
0.986105
0.997770
0.995440
0.998130
0.998145
0.998145
0.992945
0.997860
0.997770
0.996125
0.997270
0.998145
0.998005
0.993130
0.998140
0.992960
0.994015
0.998145
0.998100
0.998140
0.997835
0.987495
0.992740
0.998015
0.998145
0.997915
0.993815
0.979270
0.997940
0.996760
0.997190
0.998130
0.997960
0.997810
0.996970
0.995365
0.998145
0.998075
0.998065
0.998135
0.998140
0.997990
0.998125
0.997955
0.997365
0.943335
0.989515
0.998145
0.991665
0.998125
0.998065
0.997060
0.995385
0.986700
0.997060
0.997275
0.997840
0.992895
0.965030
0.987930
0.997965
0.959685
0.997460
0.989115
0.998140
0.998105
0.976115
0.998145
0.997950
0.994295
0.997835
0.997300
0.998085
0.986560
0.998145
0.994700
0.993145
0.995920
0.989940
0.997225
0.991730
0.997975
0.994655
0.997340
0.998145
0.996840
0.998145
0.998145
0.998125
0.997920
0.997830
0.997440
0.998125
0.998100
0.997875
0.997530
0.995350
0.994785
0.997405
0.993255
0.997870
0.997910
0.998145
0.998145
0.998145
0.995910
0.997930
0.998130
0.986065
0.993755
0.998145
0.993920
0.998145
0.997990
0.996965
0.998145
0.997590
0.990280
0.998115
0.998095
0.996090
0.998080
0.998145
0.998120
0.997370
0.997950
0.998135
0.998145
0.998040
0.997600
0.994100
0.996465
0.997505
0.996485
0.997600
0.997265
0.980365
0.998105
0.986125
0.983360
0.997875
0.992935
0.998110
0.997825
0.995800
0.998130
0.993115
0.998090
0.991075
0.997495
0.997500
0.997885
0.997820
0.998145
0.998085
0.996160
0.997230
0.998075
0.998035
0.986940
0.997665
0.958025
0.993100
0.998145
0.997265
0.989450
0.956485
0.998145
0.998050
0.996690
0.998105
0.998145
0.998105
0.990995
0.997995
0.997665
