0.998130
0.957860
0.998125
0.998130
0.997975
0.998130
0.996120
0.997965
0.998130
0.998100
0.998075
0.998080
0.994280
0.997310
0.998130
0.997915
0.988005
0.998130
0.998115
0.998130
0.996920
0.994500
0.992825
0.992260
0.986390
0.997755
0.995285
0.998085
0.998130
0.998125
0.992955
0.997905
0.997890
0.995945
0.997365
0.998130
0.998005
0.993115
0.998130
0.992975
0.994515
0.998125
0.998090
0.998120
0.997810
0.987550
0.992790
0.998015
0.998130
0.997860
0.993770
0.979720
0.997910
0.996775
0.997305
0.998120
0.997980
0.997800
0.996845
0.995360
0.998130
0.998035
0.998015
0.998120
0.998125
0.998010
0.998105
0.997955
0.997265
0.942970
0.989665
0.998130
0.991815
0.998115
0.998045
0.996990
0.995450
0.986805
0.996930
0.997465
0.997820
0.992665
0.965045
0.988110
0.997980
0.959520
0.997530
0.989700
0.998120
0.998100
0.976520
0.998130
0.997955
0.994155
0.997855
0.997220
0.998090
0.986570
0.998125
0.994645
0.993130
0.995835
0.989530
0.997135
0.991815
0.997995
0.994815
0.997410
0.998130
0.996970
0.998130
0.998130
0.998115
0.997925
0.997860
0.997360
0.998100
0.998095
0.997910
0.997445
0.995175
0.995015
0.997460
0.993475
0.997760
0.997875
0.998130
0.998120
0.998130
0.995895
0.997945
0.998120
0.986125
0.993715
0.998130
0.993605
0.998130
0.997920
0.997065
0.998130
0.997595
0.989845
0.998110
0.998055
0.996245
0.998050
0.998130
0.998115
0.997410
0.997920
0.998115
0.998130
0.998005
0.997575
0.994465
0.996240
0.997505
0.996490
0.997530
0.997285
0.980775
0.998120
0.986420
0.983770
0.997865
0.992865
0.998090
0.997755
0.995880
0.998100
0.993080
0.998070
0.991100
0.997550
0.997605
0.997825
0.997835
0.998125
0.998075
0.996255
0.997195
0.998060
0.997965
0.987235
0.997515
0.957535
0.993090
0.998130
0.997275
0.989665
0.956840
0.998130
0.998050
0.996630
0.998115
0.998130
0.998110
0.991215
0.998005
0.997680
