0.998095
0.957755
0.998085
0.998095
0.997925
0.998095
0.996260
0.997925
0.998095
0.998075
0.998040
0.998050
0.994720
0.997160
0.998090
0.997920
0.987925
0.998095
0.998035
0.998095
0.996825
0.994645
0.992705
0.992225
0.985960
0.997645
0.995310
0.998055
0.998095
0.998095
0.992925
0.997885
0.997790
0.995960
0.997230
0.998090
0.997925
0.993060
0.998075
0.992885
0.994425
0.998095
0.998065
0.998085
0.997765
0.988155
0.992665
0.998000
0.998095
0.997840
0.993920
0.979330
0.997820
0.996955
0.997115
0.998080
0.997965
0.997715
0.996825
0.995160
0.998095
0.998030
0.998005
0.998060
0.998090
0.997970
0.998095
0.997900
0.997340
0.943855
0.989445
0.998090
0.991425
0.998085
0.998050
0.996990
0.995450
0.986650
0.997055
0.997345
0.997715
0.992540
0.965050
0.988020
0.997945
0.959865
0.997420
0.989335
0.998095
0.998035
0.976020
0.998095
0.997850
0.994570
0.997855
0.997260
0.998040
0.986320
0.998090
0.994630
0.993090
0.995715
0.989570
0.997120
0.991755
0.997925
0.994845
0.997460
0.998095
0.996820
0.998095
0.998095
0.998095
0.997865
0.997725
0.997365
0.998050
0.998035
0.997875
0.997470
0.995220
0.994865
0.997365
0.993440
0.997830
0.997830
0.998095
0.998095
0.998095
0.995770
0.997805
0.998080
0.986235
0.993640
0.998095
0.993700
0.998095
0.997880
0.997055
0.998090
0.997545
0.990115
0.998085
0.998050
0.995995
0.998055
0.998095
0.998050
0.997445
0.997905
0.998080
0.998090
0.997995
0.997590
0.994435
0.996310
0.997470
0.996550
0.997595
0.997230
0.980285
0.998075
0.986290
0.983270
0.997750
0.992805
0.998040
0.997800
0.995785
0.998070
0.993000
0.997995
0.991080
0.997385
0.997480
0.997750
0.997675
0.998095
0.998035
0.996200
0.997145
0.998060
0.997950
0.986915
0.997575
0.958185
0.993055
0.998095
0.997245
0.989560
0.957880
0.998095
0.997985
0.996780
0.998065
0.998095
0.998085
0.991065
0.997960
0.997545
