0.998130
0.957215
0.998130
0.998145
0.997965
0.998145
0.996265
0.998005
0.998125
0.998065
0.998105
0.998070
0.994335
0.997235
0.998145
0.997980
0.988145
0.998145
0.998120
0.998145
0.996890
0.994660
0.992815
0.992230
0.986190
0.997675
0.995370
0.998120
0.998145
0.998145
0.993000
0.997970
0.997845
0.995990
0.997385
0.998145
0.998030
0.993150
0.998135
0.992970
0.994125
0.998145
0.998080
0.998135
0.997875
0.988030
0.992710
0.998000
0.998145
0.997920
0.993815
0.979805
0.997930
0.996745
0.997315
0.998135
0.997955
0.997690
0.996920
0.995460
0.998145
0.998035
0.998050
0.998145
0.998145
0.997965
0.998120
0.997980
0.997365
0.943625
0.989525
0.998145
0.991455
0.998105
0.998095
0.997045
0.995320
0.986740
0.996895
0.997350
0.997795
0.992370
0.963835
0.987535
0.998010
0.960040
0.997415
0.989470
0.998125
0.998120
0.976735
0.998145
0.997915
0.994225
0.997865
0.997240
0.998085
0.986530
0.998140
0.994705
0.993145
0.995920
0.989680
0.997280
0.992080
0.997935
0.994625
0.997410
0.998140
0.996900
0.998145
0.998145
0.998135
0.997870
0.997860
0.997375
0.998100
0.998105
0.997905
0.997330
0.995370
0.994795
0.997440
0.993255
0.997805
0.997855
0.998145
0.998145
0.998145
0.995830
0.997875
0.998110
0.986260
0.993500
0.998145
0.993760
0.998145
0.997905
0.997140
0.998130
0.997605
0.990455
0.998125
0.998065
0.996075
0.998090
0.998145
0.998110
0.997530
0.997955
0.998120
0.998145
0.998025
0.997675
0.994150
0.996315
0.997540
0.996440
0.997680
0.997340
0.980030
0.998150
0.986660
0.983795
0.997820
0.992935
0.998095
0.997770
0.995760
0.998105
0.993095
0.998090
0.990990
0.997490
0.997540
0.997875
0.997815
0.998145
0.998045
0.996155
0.997145
0.998105
0.998010
0.987435
0.997650
0.958335
0.993105
0.998145
0.997320
0.989695
0.956615
0.998145
0.998035
0.996720
0.998120
0.998145
0.998115
0.991175
0.998040
0.997625
