0.998115
0.957280
0.998115
0.998115
0.997895
0.998115
0.996100
0.997900
0.998100
0.998085
0.998075
0.998065
0.994570
0.997300
0.998115
0.997905
0.988310
0.998115
0.998085
0.998115
0.996885
0.994800
0.992785
0.992245
0.986095
0.997695
0.995230
0.998070
0.998115
0.998115
0.992950
0.997915
0.997835
0.995635
0.997420
0.998110
0.997995
0.993110
0.998115
0.992935
0.994390
0.998115
0.998065
0.998110
0.997850
0.987740
0.992615
0.997990
0.998115
0.997945
0.993725
0.979485
0.997945
0.996835
0.997255
0.998105
0.997940
0.997750
0.996825
0.995460
0.998115
0.998055
0.997995
0.998100
0.998105
0.997940
0.998090
0.997940
0.997395
0.942650
0.989340
0.998115
0.991545
0.998075
0.998005
0.997115
0.995465
0.986705
0.996925
0.997345
0.997750
0.992380
0.964040
0.987710
0.997960
0.960380
0.997275
0.989435
0.998105
0.998090
0.976465
0.998115
0.997935
0.994445
0.997765
0.997265
0.998070
0.986155
0.998105
0.994770
0.993115
0.995720
0.989560
0.997090
0.992035
0.997925
0.994775
0.997325
0.998115
0.996805
0.998115
0.998115
0.998110
0.997875
0.997805
0.997260
0.998070
0.998055
0.997845
0.997380
0.995390
0.994975
0.997505
0.993275
0.997805
0.997850
0.998115
0.998115
0.998115
0.995740
0.997840
0.998080
0.985860
0.993640
0.998115
0.993780
0.998115
0.997935
0.997040
0.998115
0.997520
0.990175
0.998095
0.998035
0.995955
0.998065
0.998115
0.998085
0.997540
0.997935
0.998110
0.998115
0.998015
0.997585
0.994340
0.996370
0.997350
0.996440
0.997585
0.997320
0.980175
0.998110
0.986335
0.983315
0.997810
0.992940
0.998075
0.997825
0.995815
0.998055
0.993070
0.998010
0.991195
0.997380
0.997565
0.997825
0.997835
0.998115
0.998035
0.996215
0.997165
0.998060
0.997940
0.986710
0.997575
0.957310
0.993060
0.998115
0.997475
0.989870
0.956785
0.998115
0.998010
0.996635
0.998090
0.998115
0.998090
0.991420
0.998020
0.997625
