0.997780
0.957230
0.997770
0.997780
0.997580
0.997780
0.996000
0.997660
0.997770
0.997760
0.997710
0.997730
0.994165
0.996990
0.997780
0.997560
0.987525
0.997780
0.997750
0.997780
0.996600
0.994245
0.992400
0.992010
0.985895
0.997435
0.994980
0.997750
0.997780
0.997780
0.992635
0.997525
0.997415
0.995805
0.996990
0.997760
0.997660
0.992765
0.997770
0.992600
0.994050
0.997780
0.997750
0.997775
0.997460
0.987480
0.992320
0.997610
0.997780
0.997540
0.993510
0.979470
0.997560
0.996515
0.996805
0.997760
0.997635
0.997380
0.996495
0.994880
0.997775
0.997680
0.997635
0.997765
0.997765
0.997650
0.997755
0.997625
0.997005
0.941795
0.989385
0.997770
0.991065
0.997755
0.997650
0.996745
0.995100
0.986115
0.996560
0.997005
0.997330
0.992035
0.963690
0.987150
0.997615
0.959220
0.997020
0.989160
0.997775
0.997755
0.976435
0.997780
0.997605
0.994050
0.997580
0.996995
0.997705
0.985795
0.997780
0.994380
0.992780
0.995190
0.989195
0.996820
0.991570
0.997565
0.994510
0.997065
0.997780
0.996515
0.997780
0.997780
0.997765
0.997585
0.997445
0.997145
0.997715
0.997680
0.997545
0.997075
0.994955
0.994755
0.997040
0.993100
0.997425
0.997485
0.997780
0.997780
0.997780
0.995480
0.997500
0.997765
0.985855
0.993210
0.997780
0.993435
0.997780
0.997640
0.996730
0.997770
0.997295
0.990535
0.997770
0.997705
0.995765
0.997710
0.997780
0.997740
0.997205
0.997540
0.997765
0.997780
0.997645
0.997190
0.994120
0.996105
0.997215
0.996060
0.997175
0.996890
0.979475
0.997750
0.985935
0.983380
0.997450
0.992580
0.997740
0.997440
0.995290
0.997730
0.992750
0.997655
0.990700
0.997195
0.997275
0.997475
0.997380
0.997780
0.997705
0.995885
0.996790
0.997730
0.997595
0.986635
0.997250
0.957660
0.992730
0.997780
0.996945
0.989425
0.956200
0.997780
0.997690
0.996375
0.997755
0.997780
0.997760
0.990935
0.997665
0.997215
