0.997915
0.958195
0.997920
0.997915
0.997750
0.997925
0.995865
0.997750
0.997920
0.997910
0.997870
0.997865
0.994210
0.997110
0.997915
0.997770
0.988060
0.997925
0.997910
0.997925
0.996810
0.994605
0.992630
0.992025
0.986220
0.997545
0.995055
0.997890
0.997925
0.997920
0.992720
0.997705
0.997545
0.995890
0.997160
0.997920
0.997755
0.992915
0.997920
0.992735
0.994195
0.997920
0.997915
0.997910
0.997620
0.988090
0.992470
0.997825
0.997925
0.997670
0.993590
0.979625
0.997660
0.996570
0.996990
0.997910
0.997770
0.997545
0.996770
0.995355
0.997920
0.997780
0.997790
0.997900
0.997910
0.997790
0.997890
0.997705
0.997160
0.941980
0.989680
0.997925
0.991375
0.997895
0.997845
0.996765
0.995160
0.986800
0.996685
0.997195
0.997500
0.992175
0.964500
0.987630
0.997790
0.959660
0.997215
0.989035
0.997910
0.997875
0.976675
0.997925
0.997685
0.994105
0.997645
0.997165
0.997870
0.986105
0.997915
0.994690
0.992925
0.995545
0.989680
0.997055
0.991930
0.997785
0.994465
0.997130
0.997925
0.996610
0.997925
0.997920
0.997905
0.997710
0.997660
0.997250
0.997885
0.997875
0.997690
0.997285
0.995130
0.994705
0.997245
0.993265
0.997660
0.997670
0.997925
0.997925
0.997925
0.995805
0.997685
0.997920
0.986495
0.993335
0.997920
0.993505
0.997925
0.997710
0.996850
0.997925
0.997360
0.990500
0.997900
0.997835
0.996080
0.997860
0.997925
0.997890
0.997375
0.997705
0.997905
0.997925
0.997805
0.997380
0.994210
0.996145
0.997315
0.996425
0.997410
0.997100
0.979580
0.997910
0.986185
0.983485
0.997590
0.992715
0.997875
0.997595
0.995565
0.997875
0.992915
0.997820
0.990780
0.997285
0.997410
0.997590
0.997605
0.997925
0.997880
0.995915
0.996880
0.997885
0.997720
0.986605
0.997545
0.958250
0.992890
0.997925
0.997040
0.989700
0.955975
0.997925
0.997875
0.996475
0.997915
0.997925
0.997895
0.991120
0.997830
0.997340
