0.997985
0.957095
0.997985
0.997985
0.997815
0.997985
0.995990
0.997810
0.997980
0.997950
0.997915
0.997955
0.994500
0.997175
0.997985
0.997810
0.988450
0.997985
0.997970
0.997985
0.996790
0.994620
0.992685
0.992145
0.986015
0.997595
0.995300
0.997965
0.997985
0.997985
0.992830
0.997745
0.997635
0.995950
0.997195
0.997975
0.997835
0.992970
0.997985
0.992890
0.994345
0.997985
0.997930
0.997970
0.997670
0.987995
0.992550
0.997890
0.997985
0.997730
0.993850
0.979395
0.997750
0.996725
0.997025
0.997975
0.997820
0.997555
0.996815
0.995175
0.997980
0.997895
0.997900
0.997980
0.997965
0.997785
0.997935
0.997740
0.997125
0.943080
0.989770
0.997980
0.991165
0.997965
0.997920
0.996905
0.995355
0.987205
0.996805
0.997145
0.997540
0.992360
0.964395
0.987900
0.997795
0.958790
0.997240
0.989550
0.997970
0.997940
0.976425
0.997985
0.997735
0.994395
0.997695
0.997160
0.997915
0.986255
0.997975
0.994360
0.992975
0.995740
0.989780
0.997070
0.991940
0.997785
0.994810
0.997100
0.997985
0.996610
0.997985
0.997985
0.997975
0.997765
0.997690
0.997325
0.997960
0.997910
0.997730
0.997390
0.995110
0.994905
0.997195
0.993380
0.997620
0.997720
0.997985
0.997980
0.997985
0.995785
0.997735
0.997965
0.986070
0.993515
0.997985
0.993755
0.997985
0.997805
0.996970
0.997980
0.997440
0.990545
0.997965
0.997895
0.995945
0.997925
0.997985
0.997945
0.997385
0.997770
0.997965
0.997985
0.997870
0.997435
0.994275
0.996120
0.997300
0.996415
0.997420
0.997180
0.980355
0.997955
0.986180
0.983670
0.997670
0.992795
0.997920
0.997625
0.995530
0.997950
0.992965
0.997895
0.990970
0.997300
0.997370
0.997685
0.997650
0.997985
0.997925
0.995945
0.996985
0.997940
0.997855
0.987080
0.997410
0.957805
0.992940
0.997985
0.997215
0.989765
0.956295
0.997985
0.997885
0.996345
0.997950
0.997985
0.997950
0.991175
0.997880
0.997445
