0.996000
0.231000
0.984000
0.983000
0.967000
0.963000
0.696000
0.701000
0.967000
0.996000
0.963000
0.989000
0.682000
0.709000
0.969000
0.889000
0.576000
0.954000
0.986000
0.997000
0.905000
0.689000
0.950000
0.798000
0.592000
0.886000
0.694000
0.963000
0.996000
0.989000
0.833000
0.984000
0.960000
0.666000
0.693000
0.908000
0.896000
0.992000
0.966000
0.933000
0.636000
0.991000
0.981000
0.971000
0.968000
0.598000
0.948000
0.958000
0.999000
0.902000
0.688000
0.523000
0.889000
0.685000
0.876000
0.966000
0.969000
0.900000
0.859000
0.674000
0.965000
0.961000
0.997000
0.957000
0.963000
0.965000
0.877000
0.947000
0.699000
0.183000
0.915000
0.985000
0.670000
0.745000
0.984000
0.662000
0.662000
0.250000
0.888000
0.962000
0.958000
0.662000
0.241000
0.582000
0.903000
0.224000
0.910000
0.636000
0.958000
0.984000
0.192000
0.999000
0.693000
0.650000
0.720000
0.881000
0.951000
0.759000
0.986000
0.687000
0.902000
0.889000
0.581000
0.866000
0.624000
0.955000
0.866000
0.900000
0.990000
0.687000
0.996000
0.997000
0.998000
0.908000
0.962000
0.892000
1.000000
0.711000
0.717000
0.876000
0.846000
0.658000
0.697000
0.799000
0.891000
0.885000
0.984000
0.981000
0.996000
0.652000
0.899000
0.996000
0.252000
0.625000
0.984000
0.618000
0.988000
0.897000
0.880000
0.996000
0.896000
0.637000
0.966000
0.895000
0.717000
0.978000
1.000000
0.984000
0.904000
0.966000
0.889000
0.992000
0.961000
0.895000
0.632000
0.696000
0.887000
0.676000
0.885000
0.283000
0.212000
0.986000
0.239000
0.210000
0.960000
0.982000
0.897000
0.955000
0.670000
0.960000
0.992000
0.987000
0.628000
0.705000
0.888000
0.879000
0.965000
0.999000
0.989000
0.703000
0.978000
0.954000
0.970000
0.573000
0.969000
0.201000
0.979000
0.993000
0.665000
0.588000
0.208000
0.995000
0.955000
0.884000
0.859000
0.966000
0.964000
0.597000
0.965000
0.897000
