0.997000
0.199000
0.984000
0.982000
0.953000
0.959000
0.709000
0.698000
0.963000
0.995000
0.964000
0.977000
0.630000
0.688000
0.962000
0.904000
0.606000
0.958000
0.989000
0.999000
0.887000
0.679000
0.943000
0.820000
0.573000
0.899000
0.679000
0.955000
0.999000
0.985000
0.810000
0.985000
0.963000
0.694000
0.703000
0.900000
0.897000
0.995000
0.965000
0.951000
0.634000
0.989000
0.988000
0.960000
0.958000
0.580000
0.938000
0.974000
0.999000
0.895000
0.648000
0.510000
0.905000
0.712000
0.880000
0.969000
0.967000
0.900000
0.859000
0.654000
0.968000
0.968000
0.997000
0.970000
0.967000
0.966000
0.898000
0.969000
0.731000
0.198000
0.921000
0.987000
0.663000
0.726000
0.983000
0.702000
0.677000
0.258000
0.888000
0.952000
0.963000
0.657000
0.222000
0.610000
0.893000
0.219000
0.889000
0.629000
0.962000
0.981000
0.187000
1.000000
0.701000
0.635000
0.688000
0.875000
0.963000
0.756000
0.982000
0.658000
0.917000
0.887000
0.595000
0.905000
0.598000
0.968000
0.849000
0.894000
0.990000
0.684000
0.995000
0.989000
1.000000
0.892000
0.962000
0.884000
0.999000
0.718000
0.688000
0.877000
0.865000
0.669000
0.698000
0.812000
0.898000
0.888000
0.983000
0.987000
0.999000
0.653000
0.884000
0.996000
0.270000
0.650000
0.982000
0.646000
0.984000
0.913000
0.887000
0.997000
0.898000
0.641000
0.958000
0.898000
0.697000
0.972000
0.999000
0.980000
0.888000
0.964000
0.886000
0.999000
0.964000
0.893000
0.669000
0.714000
0.892000
0.691000
0.879000
0.304000
0.231000
0.983000
0.235000
0.251000
0.957000
0.975000
0.878000
0.958000
0.651000
0.968000
0.990000
0.986000
0.649000
0.704000
0.890000
0.885000
0.952000
0.999000
0.992000
0.711000
0.981000
0.957000
0.936000
0.590000
0.967000
0.230000
0.985000
0.995000
0.662000
0.619000
0.217000
0.997000
0.960000
0.880000
0.877000
0.965000
0.967000
0.646000
0.965000
0.904000
