0.995000
0.209000
0.985000
0.989000
0.961000
0.966000
0.700000
0.721000
0.967000
0.999000
0.962000
0.982000
0.683000
0.729000
0.957000
0.892000
0.638000
0.963000
0.992000
0.998000
0.889000
0.690000
0.955000
0.809000
0.594000
0.889000
0.712000
0.969000
0.999000
0.982000
0.811000
0.986000
0.960000
0.706000
0.693000
0.882000
0.900000
0.990000
0.968000
0.938000
0.644000
0.987000
0.987000
0.962000
0.954000
0.597000
0.954000
0.958000
1.000000
0.899000
0.681000
0.519000
0.887000
0.727000
0.897000
0.948000
0.975000
0.904000
0.866000
0.658000
0.950000
0.964000
0.999000
0.957000
0.973000
0.967000
0.901000
0.958000
0.718000
0.190000
0.945000
0.983000
0.680000
0.710000
0.987000
0.707000
0.659000
0.283000
0.898000
0.969000
0.955000
0.668000
0.232000
0.637000
0.895000
0.232000
0.895000
0.638000
0.965000
0.987000
0.202000
0.998000
0.712000
0.634000
0.699000
0.888000
0.955000
0.759000
0.989000
0.668000
0.893000
0.884000
0.581000
0.890000
0.627000
0.951000
0.864000
0.895000
0.996000
0.701000
0.997000
0.993000
0.997000
0.898000
0.958000
0.903000
0.997000
0.721000
0.713000
0.867000
0.876000
0.662000
0.699000
0.828000
0.890000
0.891000
0.991000
0.988000
0.996000
0.673000
0.888000
0.992000
0.226000
0.651000
0.990000
0.641000
0.979000
0.882000
0.893000
0.992000
0.894000
0.611000
0.969000
0.903000
0.675000
0.961000
0.997000
0.983000
0.893000
0.961000
0.898000
0.994000
0.969000
0.888000
0.657000
0.710000
0.905000
0.674000
0.880000
0.290000
0.246000
0.985000
0.222000
0.214000
0.961000
0.982000
0.897000
0.973000
0.683000
0.969000
0.990000
0.982000
0.633000
0.705000
0.886000
0.896000
0.957000
1.000000
0.992000
0.646000
0.977000
0.959000
0.946000
0.576000
0.965000
0.218000
0.983000
0.997000
0.661000
0.600000
0.214000
0.997000
0.965000
0.885000
0.905000
0.964000
0.956000
0.604000
0.968000
0.893000
