0.996000
0.182000
0.992000
0.985000
0.970000
0.970000
0.722000
0.729000
0.950000
0.994000
0.966000
0.979000
0.661000
0.735000
0.956000
0.880000
0.599000
0.962000
0.985000
0.999000
0.888000
0.684000
0.939000
0.791000
0.580000
0.886000
0.674000
0.964000
0.998000
0.985000
0.810000
0.995000
0.966000
0.677000
0.705000
0.898000
0.909000
0.991000
0.961000
0.937000
0.638000
0.983000
0.989000
0.957000
0.961000
0.572000
0.945000
0.964000
1.000000
0.904000
0.661000
0.552000
0.890000
0.697000
0.875000
0.958000
0.962000
0.891000
0.870000
0.645000
0.959000
0.963000
1.000000
0.961000
0.958000
0.966000
0.910000
0.965000
0.715000
0.182000
0.931000
0.990000
0.668000
0.696000
0.979000
0.691000
0.648000
0.235000
0.900000
0.960000
0.955000
0.682000
0.199000
0.637000
0.900000
0.213000
0.908000
0.624000
0.954000
0.986000
0.193000
0.997000
0.738000
0.652000
0.710000
0.896000
0.968000
0.758000
0.985000
0.688000
0.875000
0.869000
0.624000
0.886000
0.574000
0.971000
0.867000
0.897000
0.992000
0.676000
0.996000
0.991000
0.996000
0.903000
0.961000
0.913000
0.998000
0.729000
0.712000
0.875000
0.870000
0.666000
0.722000
0.817000
0.900000
0.898000
0.990000
0.982000
0.995000
0.666000
0.912000
0.992000
0.227000
0.649000
0.980000
0.631000
0.992000
0.897000
0.891000
0.993000
0.888000
0.640000
0.958000
0.898000
0.683000
0.964000
1.000000
0.990000
0.891000
0.961000
0.888000
0.996000
0.965000
0.882000
0.672000
0.696000
0.904000
0.698000
0.880000
0.290000
0.261000
0.988000
0.220000
0.220000
0.963000
0.979000
0.881000
0.956000
0.682000
0.971000
0.994000
0.985000
0.634000
0.698000
0.891000
0.893000
0.947000
0.999000
0.983000
0.674000
0.981000
0.968000
0.962000
0.587000
0.970000
0.203000
0.982000
0.993000
0.679000
0.625000
0.211000
0.996000
0.968000
0.891000
0.879000
0.960000
0.959000
0.623000
0.963000
0.892000
