0.995000
0.226000
0.981000
0.991000
0.963000
0.966000
0.688000
0.713000
0.964000
0.990000
0.971000
0.981000
0.657000
0.705000
0.962000
0.912000
0.592000
0.973000
0.986000
1.000000
0.884000
0.673000
0.959000
0.822000
0.584000
0.875000
0.713000
0.953000
1.000000
0.988000
0.821000
0.984000
0.958000
0.695000
0.706000
0.890000
0.894000
0.993000
0.956000
0.953000
0.662000
0.991000
0.991000
0.963000
0.965000
0.584000
0.947000
0.964000
1.000000
0.893000
0.674000
0.533000
0.887000
0.699000
0.885000
0.960000
0.951000
0.890000
0.877000
0.655000
0.965000
0.952000
0.999000
0.962000
0.964000
0.958000
0.894000
0.970000
0.674000
0.180000
0.925000
0.986000
0.690000
0.701000
0.986000
0.676000
0.664000
0.242000
0.889000
0.956000
0.968000
0.699000
0.225000
0.612000
0.894000
0.189000
0.900000
0.643000
0.960000
0.990000
0.197000
0.995000
0.705000
0.669000
0.698000
0.894000
0.950000
0.760000
0.980000
0.703000
0.897000
0.886000
0.594000
0.882000
0.627000
0.966000
0.861000
0.886000
0.989000
0.694000
0.998000
0.996000
0.996000
0.890000
0.942000
0.914000
1.000000
0.689000
0.711000
0.877000
0.883000
0.680000
0.703000
0.839000
0.877000
0.896000
0.983000
0.987000
0.999000
0.655000
0.898000
0.996000
0.244000
0.649000
0.985000
0.635000
0.982000
0.910000
0.899000
0.996000
0.891000
0.627000
0.957000
0.875000
0.709000
0.966000
0.998000
0.985000
0.905000
0.961000
0.881000
0.992000
0.971000
0.882000
0.654000
0.698000
0.904000
0.726000
0.889000
0.283000
0.253000
0.982000
0.255000
0.208000
0.954000
0.986000
0.900000
0.971000
0.687000
0.960000
0.991000
0.984000
0.608000
0.688000
0.887000
0.908000
0.953000
1.000000
0.988000
0.664000
0.987000
0.969000
0.955000
0.624000
0.969000
0.213000
0.985000
0.995000
0.642000
0.620000
0.226000
0.995000
0.965000
0.879000
0.876000
0.962000
0.969000
0.616000
0.968000
0.901000
