0.994000
0.222000
0.989000
0.979000
0.961000
0.962000
0.681000
0.700000
0.966000
0.995000
0.971000
0.990000
0.662000
0.700000
0.966000
0.890000
0.563000
0.959000
0.987000
0.998000
0.895000
0.659000
0.954000
0.779000
0.590000
0.897000
0.684000
0.968000
0.997000
0.990000
0.823000
0.981000
0.965000
0.676000
0.698000
0.881000
0.888000
0.996000
0.959000
0.942000
0.611000
0.986000
0.985000
0.967000
0.958000
0.606000
0.953000
0.959000
1.000000
0.894000
0.657000
0.545000
0.900000
0.706000
0.865000
0.969000
0.967000
0.892000
0.859000
0.656000
0.971000
0.958000
0.999000
0.960000
0.967000
0.967000
0.881000
0.970000
0.704000
0.194000
0.931000
0.992000
0.679000
0.716000
0.985000
0.731000
0.654000
0.253000
0.882000
0.951000
0.948000
0.681000
0.200000
0.632000
0.898000
0.215000
0.892000
0.620000
0.963000
0.991000
0.188000
0.998000
0.714000
0.664000
0.692000
0.880000
0.963000
0.774000
0.988000
0.663000
0.883000
0.878000
0.588000
0.849000
0.654000
0.968000
0.865000
0.906000
0.994000
0.725000
0.993000
0.991000
0.998000
0.875000
0.961000
0.887000
0.999000
0.717000
0.736000
0.845000
0.871000
0.641000
0.697000
0.815000
0.891000
0.882000
0.993000
0.990000
0.992000
0.673000
0.898000
0.997000
0.254000
0.625000
0.987000
0.592000
0.992000
0.899000
0.893000
0.993000
0.894000
0.636000
0.967000
0.882000
0.670000
0.961000
1.000000
0.990000
0.884000
0.952000
0.874000
0.995000
0.968000
0.882000
0.636000
0.681000
0.904000
0.679000
0.871000
0.299000
0.214000
0.989000
0.244000
0.234000
0.962000
0.986000
0.900000
0.960000
0.683000
0.960000
0.992000
0.982000
0.621000
0.684000
0.904000
0.908000
0.961000
0.997000
0.984000
0.687000
0.973000
0.962000
0.953000
0.605000
0.963000
0.230000
0.991000
0.995000
0.665000
0.652000
0.197000
0.994000
0.952000
0.887000
0.894000
0.966000
0.963000
0.637000
0.956000
0.896000
