0.995000
0.209000
0.986000
0.985000
0.962000
0.968000
0.687000
0.680000
0.958000
1.000000
0.958000
0.990000
0.667000
0.711000
0.964000
0.887000
0.586000
0.950000
0.996000
0.997000
0.880000
0.686000
0.954000
0.811000
0.575000
0.893000
0.682000
0.953000
0.998000
0.984000
0.804000
0.988000
0.956000
0.692000
0.687000
0.903000
0.894000
0.994000
0.967000
0.927000
0.635000
0.987000
0.984000
0.958000
0.962000
0.573000
0.947000
0.965000
0.999000
0.886000
0.678000
0.520000
0.901000
0.700000
0.900000
0.958000
0.955000
0.896000
0.853000
0.681000
0.962000
0.959000
0.998000
0.965000
0.965000
0.962000
0.891000
0.967000
0.702000
0.192000
0.935000
0.981000
0.695000
0.689000
0.976000
0.713000
0.679000
0.245000
0.890000
0.955000
0.956000
0.673000
0.224000
0.596000
0.889000
0.196000
0.891000
0.625000
0.959000
0.989000
0.187000
0.997000
0.706000
0.660000
0.701000
0.887000
0.961000
0.754000
0.989000
0.690000
0.890000
0.853000
0.577000
0.861000
0.584000
0.962000
0.839000
0.889000
0.997000
0.669000
1.000000
0.996000
0.995000
0.906000
0.961000
0.884000
1.000000
0.740000
0.687000
0.853000
0.878000
0.641000
0.723000
0.815000
0.897000
0.897000
0.988000
0.985000
0.997000
0.674000
0.887000
0.990000
0.261000
0.656000
0.985000
0.611000
0.990000
0.884000
0.908000
0.999000
0.901000
0.661000
0.959000
0.888000
0.676000
0.964000
0.997000
0.984000
0.912000
0.964000
0.862000
0.999000
0.968000
0.881000
0.671000
0.672000
0.900000
0.689000
0.867000
0.263000
0.242000
0.984000
0.249000
0.234000
0.963000
0.978000
0.893000
0.963000
0.665000
0.953000
0.992000
0.985000
0.626000
0.691000
0.890000
0.906000
0.964000
0.999000
0.979000
0.683000
0.983000
0.980000
0.948000
0.580000
0.967000
0.224000
0.981000
0.996000
0.667000
0.606000
0.226000
0.994000
0.965000
0.893000
0.888000
0.963000
0.963000
0.617000
0.966000
0.886000
