0.995000
0.200000
0.991000
0.991000
0.965000
0.966000
0.695000
0.714000
0.966000
0.995000
0.964000
0.984000
0.692000
0.686000
0.965000
0.899000
0.631000
0.961000
0.990000
0.999000
0.905000
0.663000
0.946000
0.802000
0.585000
0.892000
0.665000
0.967000
0.999000
0.988000
0.798000
0.982000
0.960000
0.680000
0.675000
0.893000
0.895000
0.990000
0.950000
0.935000
0.637000
0.988000
0.989000
0.960000
0.967000
0.594000
0.940000
0.949000
1.000000
0.895000
0.660000
0.544000
0.906000
0.729000
0.886000
0.959000
0.964000
0.905000
0.863000
0.659000
0.972000
0.966000
0.998000
0.964000
0.963000
0.957000
0.904000
0.964000
0.700000
0.184000
0.933000
0.988000
0.663000
0.742000
0.985000
0.695000
0.655000
0.264000
0.904000
0.951000
0.962000
0.660000
0.216000
0.582000
0.905000
0.222000
0.896000
0.628000
0.956000
0.987000
0.200000
1.000000
0.736000
0.670000
0.703000
0.872000
0.956000
0.757000
0.977000
0.661000
0.891000
0.888000
0.612000
0.878000
0.613000
0.957000
0.847000
0.889000
0.999000
0.705000
0.993000
0.993000
1.000000
0.881000
0.960000
0.886000
1.000000
0.710000
0.700000
0.860000
0.875000
0.677000
0.705000
0.810000
0.901000
0.877000
0.990000
0.991000
0.995000
0.670000
0.898000
0.993000
0.239000
0.634000
0.985000
0.610000
0.990000
0.897000
0.892000
0.997000
0.897000
0.616000
0.960000
0.903000
0.703000
0.963000
0.998000
0.988000
0.894000
0.947000
0.895000
0.995000
0.970000
0.896000
0.660000
0.703000
0.891000
0.678000
0.877000
0.274000
0.235000
0.991000
0.227000
0.206000
0.949000
0.986000
0.908000
0.959000
0.661000
0.967000
0.986000
0.977000
0.612000
0.694000
0.904000
0.899000
0.949000
1.000000
0.982000
0.705000
0.983000
0.961000
0.959000
0.564000
0.969000
0.202000
0.981000
0.993000
0.652000
0.636000
0.218000
0.994000
0.959000
0.870000
0.889000
0.962000
0.961000
0.614000
0.970000
0.891000
