0.998000
0.208000
0.991000
0.988000
0.965000
0.976000
0.686000
0.697000
0.963000
0.992000
0.967000
0.988000
0.672000
0.719000
0.959000
0.903000
0.627000
0.964000
0.980000
0.997000
0.865000
0.691000
0.959000
0.831000
0.579000
0.886000
0.670000
0.970000
0.999000
0.981000
0.798000
0.983000
0.963000
0.668000
0.718000
0.891000
0.907000
0.992000
0.973000
0.957000
0.664000
0.990000
0.985000
0.962000
0.972000
0.569000
0.943000
0.966000
1.000000
0.890000
0.638000
0.542000
0.888000
0.710000
0.892000
0.950000
0.968000
0.896000
0.884000
0.637000
0.967000
0.959000
1.000000
0.960000
0.957000
0.955000
0.896000
0.957000
0.710000
0.200000
0.929000
0.991000
0.675000
0.663000
0.981000
0.700000
0.664000
0.244000
0.890000
0.953000
0.956000
0.698000
0.200000
0.605000
0.906000
0.212000
0.904000
0.637000
0.968000
0.977000
0.187000
0.997000
0.693000
0.674000
0.686000
0.883000
0.949000
0.768000
0.987000
0.651000
0.897000
0.883000
0.604000
0.851000
0.593000
0.957000
0.856000
0.896000
0.997000
0.704000
0.994000
0.993000
0.998000
0.911000
0.955000
0.887000
0.996000
0.693000
0.699000
0.872000
0.869000
0.666000
0.699000
0.806000
0.905000
0.902000
0.992000
0.983000
0.998000
0.669000
0.896000
0.995000
0.275000
0.640000
0.984000
0.623000
0.982000
0.887000
0.878000
0.995000
0.886000
0.636000
0.963000
0.894000
0.701000
0.968000
1.000000
0.984000
0.879000
0.961000
0.890000
0.994000
0.967000
0.883000
0.656000
0.713000
0.890000
0.696000
0.877000
0.249000
0.226000
0.987000
0.251000
0.213000
0.955000
0.978000
0.907000
0.949000
0.686000
0.963000
0.992000
0.985000
0.616000
0.720000
0.895000
0.911000
0.960000
1.000000
0.991000
0.686000
0.980000
0.964000
0.960000
0.576000
0.965000
0.235000
0.983000
0.996000
0.672000
0.624000
0.215000
0.997000
0.962000
0.897000
0.868000
0.965000
0.959000
0.627000
0.971000
0.904000
