0.992000
0.209000
0.988000
0.987000
0.961000
0.966000
0.683000
0.713000
0.956000
0.990000
0.954000
0.983000
0.669000
0.697000
0.972000
0.889000
0.614000
0.959000
0.985000
0.999000
0.874000
0.686000
0.952000
0.789000
0.587000
0.885000
0.670000
0.970000
0.999000
0.989000
0.801000
0.987000
0.967000
0.698000
0.713000
0.896000
0.911000
0.992000
0.973000
0.939000
0.633000
0.989000
0.988000
0.966000
0.973000
0.618000
0.944000
0.961000
0.999000
0.900000
0.675000
0.560000
0.902000
0.697000
0.893000
0.952000
0.962000
0.912000
0.880000
0.672000
0.962000
0.962000
1.000000
0.963000
0.964000
0.965000
0.915000
0.951000
0.711000
0.189000
0.924000
0.990000
0.670000
0.685000
0.982000
0.702000
0.666000
0.257000
0.877000
0.964000
0.957000
0.672000
0.210000
0.653000
0.897000
0.232000
0.915000
0.667000
0.968000
0.984000
0.198000
0.998000
0.733000
0.639000
0.706000
0.884000
0.959000
0.764000
0.986000
0.660000
0.894000
0.872000
0.606000
0.885000
0.629000
0.960000
0.858000
0.883000
0.997000
0.690000
0.995000
0.995000
0.997000
0.900000
0.954000
0.911000
0.999000
0.693000
0.717000
0.861000
0.882000
0.658000
0.694000
0.817000
0.880000
0.900000
0.987000
0.992000
0.998000
0.686000
0.901000
0.996000
0.251000
0.666000
0.988000
0.611000
0.990000
0.916000
0.888000
0.994000
0.895000
0.654000
0.968000
0.882000
0.669000
0.954000
0.998000
0.991000
0.902000
0.956000
0.890000
0.994000
0.965000
0.876000
0.670000
0.694000
0.916000
0.721000
0.867000
0.273000
0.250000
0.992000
0.249000
0.219000
0.954000
0.988000
0.909000
0.964000
0.676000
0.959000
0.990000
0.977000
0.649000
0.718000
0.898000
0.889000
0.942000
0.999000
0.988000
0.672000
0.976000
0.956000
0.943000
0.591000
0.962000
0.205000
0.990000
0.995000
0.676000
0.636000
0.197000
0.996000
0.962000
0.877000
0.882000
0.959000
0.959000
0.607000
0.961000
0.898000
