0.990000
0.217000
0.984000
0.984000
0.969000
0.967000
0.702000
0.696000
0.961000
0.995000
0.949000
0.987000
0.669000
0.693000
0.961000
0.909000
0.628000
0.969000
0.987000
0.999000
0.880000
0.687000
0.940000
0.812000
0.557000
0.890000
0.718000
0.952000
0.997000
0.984000
0.820000
0.982000
0.965000
0.683000
0.694000
0.888000
0.880000
0.995000
0.965000
0.945000
0.659000
0.983000
0.985000
0.961000
0.955000
0.576000
0.954000
0.965000
0.999000
0.895000
0.695000
0.535000
0.892000
0.685000
0.879000
0.963000
0.962000
0.902000
0.861000
0.639000
0.975000
0.967000
0.997000
0.959000
0.953000
0.953000
0.900000
0.960000
0.711000
0.169000
0.930000
0.989000
0.674000
0.698000
0.986000
0.721000
0.641000
0.249000
0.893000
0.954000
0.950000
0.674000
0.222000
0.643000
0.905000
0.221000
0.895000
0.616000
0.948000
0.988000
0.185000
0.996000
0.711000
0.674000
0.690000
0.882000
0.970000
0.723000
0.986000
0.659000
0.889000
0.854000
0.634000
0.879000
0.618000
0.964000
0.834000
0.886000
0.996000
0.695000
0.998000
0.999000
0.999000
0.894000
0.964000
0.899000
1.000000
0.722000
0.732000
0.877000
0.858000
0.650000
0.735000
0.811000
0.879000
0.897000
0.987000
0.986000
0.995000
0.665000
0.879000
0.993000
0.260000
0.660000
0.980000
0.596000
0.988000
0.887000
0.888000
0.998000
0.889000
0.647000
0.969000
0.877000
0.686000
0.958000
0.997000
0.983000
0.891000
0.955000
0.889000
0.998000
0.967000
0.916000
0.669000
0.702000
0.908000
0.704000
0.886000
0.260000
0.226000
0.987000
0.248000
0.245000
0.955000
0.981000
0.905000
0.957000
0.687000
0.971000
0.996000
0.977000
0.648000
0.703000
0.894000
0.877000
0.975000
1.000000
0.985000
0.690000
0.987000
0.965000
0.947000
0.570000
0.960000
0.194000
0.987000
0.994000
0.685000
0.635000
0.223000
0.998000
0.960000
0.877000
0.901000
0.957000
0.957000
0.628000
0.971000
0.902000
