0.996000
0.206000
0.980000
0.991000
0.963000
0.958000
0.700000
0.709000
0.961000
0.997000
0.964000
0.988000
0.649000
0.721000
0.963000
0.897000
0.612000
0.970000
0.990000
0.998000
0.897000
0.690000
0.947000
0.809000
0.579000
0.883000
0.693000
0.962000
0.997000
0.988000
0.834000
0.975000
0.961000
0.706000
0.706000
0.896000
0.894000
0.997000
0.960000
0.927000
0.633000
0.991000
0.988000
0.954000
0.959000
0.586000
0.946000
0.973000
0.999000
0.895000
0.668000
0.537000
0.894000
0.691000
0.877000
0.954000
0.943000
0.904000
0.885000
0.682000
0.954000
0.967000
0.998000
0.965000
0.967000
0.973000
0.881000
0.969000
0.714000
0.171000
0.919000
0.991000
0.678000
0.701000
0.985000
0.697000
0.658000
0.222000
0.875000
0.951000
0.963000
0.668000
0.213000
0.603000
0.887000
0.205000
0.890000
0.638000
0.966000
0.992000
0.193000
0.999000
0.712000
0.659000
0.694000
0.888000
0.957000
0.762000
0.985000
0.666000
0.890000
0.866000
0.597000
0.887000
0.625000
0.958000
0.855000
0.865000
0.995000
0.714000
0.997000
0.991000
0.999000
0.897000
0.962000
0.897000
1.000000
0.690000
0.725000
0.846000
0.876000
0.635000
0.710000
0.827000
0.905000
0.897000
0.992000
0.986000
0.993000
0.632000
0.901000
0.996000
0.233000
0.644000
0.987000
0.620000
0.990000
0.899000
0.890000
0.995000
0.885000
0.635000
0.964000
0.904000
0.700000
0.962000
1.000000
0.981000
0.892000
0.963000
0.911000
0.997000
0.965000
0.892000
0.663000
0.690000
0.897000
0.683000
0.883000
0.288000
0.235000
0.991000
0.244000
0.237000
0.957000
0.984000
0.897000
0.969000
0.678000
0.959000
0.995000
0.989000
0.633000
0.712000
0.898000
0.898000
0.965000
0.999000
0.983000
0.703000
0.978000
0.960000
0.954000
0.581000
0.967000
0.222000
0.985000
0.993000
0.670000
0.626000
0.199000
0.997000
0.968000
0.875000
0.885000
0.970000
0.965000
0.625000
0.947000
0.911000
