0.994000
0.207000
0.986000
0.989000
0.973000
0.963000
0.709000
0.697000
0.954000
0.995000
0.966000
0.987000
0.632000
0.706000
0.977000
0.883000
0.589000
0.972000
0.990000
0.998000
0.889000
0.663000
0.937000
0.802000
0.555000
0.865000
0.693000
0.965000
0.999000
0.993000
0.803000
0.983000
0.970000
0.702000
0.716000
0.894000
0.887000
0.994000
0.970000
0.935000
0.664000
0.987000
0.989000
0.968000
0.956000
0.576000
0.945000
0.965000
0.999000
0.900000
0.657000
0.525000
0.897000
0.707000
0.899000
0.965000
0.957000
0.903000
0.861000
0.664000
0.958000
0.955000
0.998000
0.964000
0.972000
0.964000
0.897000
0.960000
0.707000
0.172000
0.934000
0.988000
0.679000
0.713000
0.987000
0.710000
0.643000
0.257000
0.883000
0.956000
0.959000
0.673000
0.213000
0.602000
0.905000
0.208000
0.914000
0.636000
0.964000
0.989000
0.160000
0.999000
0.680000
0.645000
0.708000
0.911000
0.957000
0.773000
0.980000
0.683000
0.892000
0.878000
0.595000
0.894000
0.607000
0.961000
0.842000
0.889000
0.997000
0.694000
0.995000
0.998000
0.999000
0.898000
0.963000
0.884000
0.999000
0.716000
0.706000
0.864000
0.878000
0.674000
0.714000
0.841000
0.893000
0.898000
0.983000
0.990000
0.995000
0.668000
0.907000
0.997000
0.234000
0.627000
0.983000
0.632000
0.989000
0.891000
0.879000
0.998000
0.910000
0.657000
0.961000
0.877000
0.708000
0.961000
0.999000
0.986000
0.909000
0.975000
0.899000
0.997000
0.967000
0.910000
0.668000
0.723000
0.911000
0.712000
0.888000
0.265000
0.241000
0.991000
0.264000
0.226000
0.969000
0.982000
0.898000
0.962000
0.708000
0.958000
0.991000
0.987000
0.624000
0.690000
0.908000
0.898000
0.959000
1.000000
0.990000
0.681000
0.981000
0.952000
0.943000
0.599000
0.959000
0.194000
0.980000
0.997000
0.664000
0.628000
0.213000
0.997000
0.963000
0.875000
0.878000
0.978000
0.960000
0.605000
0.964000
0.905000
