0.992000
0.227000
0.987000
0.990000
0.953000
0.962000
0.706000
0.687000
0.971000
0.992000
0.968000
0.987000
0.677000
0.703000
0.957000
0.880000
0.617000
0.962000
0.991000
1.000000
0.909000
0.685000
0.947000
0.797000
0.565000
0.877000
0.669000
0.961000
0.998000
0.984000
0.814000
0.978000
0.958000
0.703000
0.709000
0.882000
0.899000
0.995000
0.970000
0.942000
0.632000
0.987000
0.990000
0.963000
0.960000
0.594000
0.955000
0.963000
0.999000
0.896000
0.646000
0.543000
0.883000
0.709000
0.884000
0.960000
0.957000
0.903000
0.849000
0.675000
0.961000
0.966000
1.000000
0.960000
0.968000
0.958000
0.892000
0.961000
0.722000
0.189000
0.937000
0.987000
0.683000
0.734000
0.988000
0.712000
0.658000
0.261000
0.884000
0.953000
0.960000
0.665000
0.217000
0.626000
0.890000
0.205000
0.902000
0.624000
0.955000
0.983000
0.177000
0.997000
0.714000
0.660000
0.718000
0.885000
0.949000
0.761000
0.985000
0.647000
0.888000
0.863000
0.595000
0.869000
0.629000
0.964000
0.854000
0.886000
0.995000
0.683000
0.994000
0.992000
0.998000
0.899000
0.958000
0.869000
0.999000
0.709000
0.694000
0.859000
0.878000
0.641000
0.720000
0.839000
0.891000
0.886000
0.986000
0.987000
0.996000
0.674000
0.905000
0.992000
0.252000
0.621000
0.988000
0.646000
0.989000
0.901000
0.889000
0.998000
0.871000
0.643000
0.955000
0.908000
0.688000
0.969000
0.999000
0.983000
0.887000
0.952000
0.883000
0.996000
0.954000
0.887000
0.663000
0.689000
0.904000
0.695000
0.896000
0.274000
0.217000
0.989000
0.265000
0.248000
0.968000
0.989000
0.901000
0.969000
0.673000
0.959000
0.992000
0.982000
0.620000
0.700000
0.894000
0.891000
0.943000
0.999000
0.989000
0.661000
0.989000
0.953000
0.957000
0.578000
0.954000
0.191000
0.988000
0.992000
0.669000
0.620000
0.225000
0.994000
0.959000
0.879000
0.891000
0.980000
0.964000
0.619000
0.956000
0.901000
