0.998000
0.216000
0.989000
0.990000
0.960000
0.969000
0.715000
0.721000
0.961000
0.995000
0.954000
0.984000
0.655000
0.664000
0.963000
0.887000
0.576000
0.972000
0.984000
0.999000
0.882000
0.679000
0.950000
0.809000
0.598000
0.890000
0.704000
0.968000
0.997000
0.985000
0.819000
0.981000
0.958000
0.700000
0.704000
0.876000
0.896000
0.993000
0.975000
0.936000
0.670000
0.990000
0.989000
0.959000
0.959000
0.566000
0.952000
0.975000
1.000000
0.902000
0.662000
0.519000
0.891000
0.687000
0.879000
0.960000
0.966000
0.880000
0.863000
0.666000
0.963000
0.963000
1.000000
0.947000
0.975000
0.953000
0.904000
0.959000
0.690000
0.201000
0.936000
0.987000
0.705000
0.702000
0.989000
0.713000
0.671000
0.279000
0.892000
0.933000
0.956000
0.658000
0.252000
0.624000
0.887000
0.211000
0.889000
0.635000
0.952000
0.987000
0.196000
1.000000
0.693000
0.644000
0.699000
0.880000
0.955000
0.764000
0.987000
0.674000
0.883000
0.866000
0.597000
0.882000
0.606000
0.960000
0.856000
0.913000
0.999000
0.708000
0.996000
0.995000
1.000000
0.904000
0.961000
0.909000
1.000000
0.679000
0.745000
0.862000
0.871000
0.669000
0.703000
0.808000
0.899000
0.894000
0.984000
0.982000
0.995000
0.671000
0.881000
0.992000
0.225000
0.651000
0.982000
0.633000
0.988000
0.900000
0.889000
0.996000
0.871000
0.652000
0.962000
0.883000
0.694000
0.963000
1.000000
0.986000
0.889000
0.967000
0.889000
0.996000
0.961000
0.896000
0.670000
0.681000
0.898000
0.682000
0.881000
0.284000
0.237000
0.985000
0.209000
0.227000
0.952000
0.980000
0.874000
0.961000
0.687000
0.958000
0.986000
0.984000
0.599000
0.716000
0.885000
0.904000
0.957000
1.000000
0.987000
0.702000
0.983000
0.947000
0.962000
0.619000
0.974000
0.217000
0.981000
0.998000
0.639000
0.632000
0.215000
0.994000
0.960000
0.886000
0.870000
0.972000
0.969000
0.632000
0.963000
0.906000
