0.997000
0.214000
0.987000
0.986000
0.959000
0.959000
0.701000
0.708000
0.963000
0.994000
0.980000
0.989000
0.693000
0.692000
0.963000
0.898000
0.582000
0.976000
0.990000
0.996000
0.897000
0.682000
0.945000
0.831000
0.560000
0.885000
0.673000
0.957000
0.998000
0.989000
0.826000
0.987000
0.948000
0.699000
0.708000
0.894000
0.880000
0.986000
0.957000
0.931000
0.631000
0.992000
0.987000
0.971000
0.958000
0.605000
0.936000
0.959000
0.999000
0.911000
0.668000
0.529000
0.885000
0.696000
0.892000
0.970000
0.957000
0.906000
0.886000
0.665000
0.966000
0.962000
0.999000
0.962000
0.968000
0.971000
0.908000
0.957000
0.697000
0.194000
0.941000
0.990000
0.669000
0.710000
0.984000
0.708000
0.664000
0.232000
0.875000
0.949000
0.963000
0.655000
0.200000
0.612000
0.882000
0.228000
0.891000
0.631000
0.965000
0.992000
0.180000
0.998000
0.688000
0.670000
0.698000
0.892000
0.957000
0.758000
0.989000
0.652000
0.904000
0.887000
0.598000
0.876000
0.616000
0.965000
0.849000
0.886000
0.993000
0.691000
0.998000
0.994000
0.998000
0.888000
0.963000
0.899000
1.000000
0.735000
0.729000
0.863000
0.866000
0.667000
0.691000
0.826000
0.886000
0.878000
0.988000
0.987000
0.996000
0.676000
0.893000
0.994000
0.282000
0.663000
0.990000
0.642000
0.980000
0.906000
0.892000
0.991000
0.888000
0.660000
0.957000
0.895000
0.691000
0.965000
0.999000
0.988000
0.898000
0.963000
0.886000
0.994000
0.966000
0.887000
0.653000
0.697000
0.874000
0.674000
0.882000
0.276000
0.244000
0.982000
0.250000
0.236000
0.961000
0.982000
0.900000
0.968000
0.688000
0.956000
0.989000
0.978000
0.613000
0.700000
0.902000
0.889000
0.959000
1.000000
0.987000
0.713000
0.985000
0.963000
0.948000
0.567000
0.973000
0.198000
0.989000
0.996000
0.654000
0.631000
0.178000
0.994000
0.959000
0.897000
0.889000
0.969000
0.955000
0.614000
0.962000
0.898000
