0.994000
0.227000
0.985000
0.987000
0.956000
0.969000
0.700000
0.711000
0.960000
0.992000
0.965000
0.986000
0.681000
0.717000
0.960000
0.874000
0.615000
0.963000
0.995000
0.997000
0.885000
0.698000
0.957000
0.806000
0.599000
0.885000
0.723000
0.969000
0.999000
0.987000
0.815000
0.980000
0.955000
0.722000
0.676000
0.896000
0.880000
0.990000
0.957000
0.940000
0.643000
0.987000
0.985000
0.953000
0.955000
0.599000
0.949000
0.965000
0.998000
0.905000
0.670000
0.562000
0.891000
0.722000
0.894000
0.966000
0.965000
0.888000
0.855000
0.670000
0.966000
0.954000
0.998000
0.969000
0.965000
0.962000
0.894000
0.971000
0.681000
0.196000
0.915000
0.984000
0.659000
0.715000
0.981000
0.700000
0.635000
0.222000
0.897000
0.942000
0.945000
0.671000
0.213000
0.609000
0.875000
0.224000
0.908000
0.604000
0.963000
0.989000
0.216000
1.000000
0.710000
0.652000
0.700000
0.889000
0.959000
0.741000
0.986000
0.643000
0.885000
0.877000
0.613000
0.867000
0.641000
0.958000
0.850000
0.886000
0.997000
0.680000
0.993000
0.994000
1.000000
0.895000
0.963000
0.880000
0.999000
0.700000
0.717000
0.889000
0.876000
0.649000
0.703000
0.825000
0.895000
0.888000
0.985000
0.984000
0.995000
0.637000
0.912000
0.993000
0.235000
0.623000
0.980000
0.603000
0.987000
0.891000
0.886000
0.989000
0.896000
0.655000
0.965000
0.891000
0.680000
0.958000
0.998000
0.987000
0.881000
0.952000
0.878000
0.995000
0.963000
0.882000
0.686000
0.700000
0.890000
0.687000
0.889000
0.282000
0.231000
0.986000
0.264000
0.235000
0.963000
0.979000
0.891000
0.951000
0.677000
0.965000
0.994000
0.980000
0.621000
0.706000
0.882000
0.901000
0.954000
0.999000
0.983000
0.679000
0.986000
0.953000
0.949000
0.607000
0.956000
0.210000
0.989000
0.988000
0.672000
0.612000
0.226000
0.995000
0.960000
0.876000
0.870000
0.964000
0.946000
0.615000
0.967000
0.897000
