0.992000
0.245000
0.991000
0.980000
0.968000
0.959000
0.681000
0.706000
0.959000
0.991000
0.980000
0.986000
0.685000
0.698000
0.968000
0.915000
0.618000
0.951000
0.984000
0.997000
0.890000
0.675000
0.952000
0.791000
0.618000
0.904000
0.701000
0.956000
0.999000
0.981000
0.820000
0.985000
0.961000
0.682000
0.694000
0.899000
0.900000
0.996000
0.957000
0.934000
0.650000
0.987000
0.986000
0.979000
0.958000
0.592000
0.954000
0.959000
1.000000
0.900000
0.651000
0.538000
0.883000
0.722000
0.895000
0.966000
0.969000
0.904000
0.875000
0.669000
0.974000
0.950000
0.998000
0.953000
0.957000
0.966000
0.881000
0.966000
0.705000
0.167000
0.943000
0.984000
0.684000
0.742000
0.987000
0.692000
0.645000
0.249000
0.880000
0.960000
0.958000
0.688000
0.206000
0.612000
0.908000
0.218000
0.889000
0.647000
0.957000
0.983000
0.187000
0.998000
0.681000
0.695000
0.702000
0.890000
0.964000
0.767000
0.983000
0.687000
0.890000
0.897000
0.611000
0.887000
0.631000
0.970000
0.873000
0.886000
0.997000
0.695000
0.997000
0.997000
0.999000
0.904000
0.961000
0.917000
0.999000
0.733000
0.706000
0.882000
0.856000
0.673000
0.695000
0.818000
0.897000
0.897000
0.990000
0.984000
0.995000
0.679000
0.896000
0.994000
0.237000
0.652000
0.986000
0.655000
0.989000
0.901000
0.892000
0.992000
0.893000
0.615000
0.956000
0.897000
0.736000
0.959000
0.999000
0.985000
0.899000
0.960000
0.891000
0.997000
0.959000
0.888000
0.644000
0.674000
0.900000
0.694000
0.880000
0.296000
0.247000
0.989000
0.239000
0.239000
0.957000
0.979000
0.897000
0.953000
0.697000
0.973000
0.991000
0.984000
0.621000
0.708000
0.907000
0.891000
0.954000
0.999000
0.981000
0.696000
0.982000
0.968000
0.944000
0.601000
0.957000
0.221000
0.979000
0.990000
0.648000
0.612000
0.185000
0.993000
0.963000
0.907000
0.873000
0.956000
0.962000
0.609000
0.965000
0.871000
