0.995000
0.201000
0.991000
0.977000
0.968000
0.959000
0.694000
0.692000
0.958000
0.992000
0.973000
0.986000
0.685000
0.712000
0.969000
0.880000
0.579000
0.977000
0.991000
1.000000
0.899000
0.676000
0.947000
0.822000
0.577000
0.877000
0.722000
0.971000
0.997000
0.987000
0.816000
0.984000
0.957000
0.692000
0.751000
0.891000
0.878000
0.991000
0.964000
0.923000
0.643000
0.990000
0.991000
0.969000
0.962000
0.602000
0.933000
0.966000
1.000000
0.913000
0.661000
0.558000
0.904000
0.709000
0.896000
0.960000
0.959000
0.885000
0.852000
0.679000
0.962000
0.963000
0.999000
0.960000
0.961000
0.965000
0.897000
0.958000
0.696000
0.187000
0.929000
0.989000
0.687000
0.719000
0.990000
0.703000
0.638000
0.249000
0.892000
0.941000
0.959000
0.670000
0.221000
0.632000
0.889000
0.210000
0.884000
0.612000
0.955000
0.989000
0.200000
1.000000
0.670000
0.637000
0.702000
0.897000
0.956000
0.743000
0.981000
0.655000
0.889000
0.875000
0.599000
0.883000
0.639000
0.963000
0.841000
0.883000
0.994000
0.674000
0.998000
0.997000
0.997000
0.890000
0.941000
0.885000
1.000000
0.706000
0.713000
0.866000
0.869000
0.639000
0.712000
0.816000
0.872000
0.879000
0.986000
0.983000
0.996000
0.678000
0.881000
0.994000
0.255000
0.611000
0.991000
0.609000
0.990000
0.898000
0.904000
0.997000
0.890000
0.647000
0.965000
0.889000
0.698000
0.958000
0.998000
0.987000
0.891000
0.966000
0.903000
0.994000
0.962000
0.896000
0.677000
0.712000
0.898000
0.697000
0.879000
0.276000
0.217000
0.987000
0.258000
0.221000
0.961000
0.987000
0.895000
0.976000
0.692000
0.952000
0.994000
0.988000
0.622000
0.695000
0.879000
0.877000
0.961000
0.999000
0.990000
0.698000
0.986000
0.964000
0.947000
0.542000
0.957000
0.198000
0.980000
0.992000
0.653000
0.626000
0.211000
0.999000
0.964000
0.884000
0.874000
0.971000
0.962000
0.609000
0.957000
0.908000
