0.996000
0.217000
0.992000
0.992000
0.968000
0.967000
0.708000
0.721000
0.955000
0.997000
0.967000
0.985000
0.646000
0.711000
0.956000
0.900000
0.617000
0.968000
0.985000
1.000000
0.873000
0.679000
0.960000
0.811000
0.589000
0.901000
0.701000
0.958000
0.997000
0.992000
0.789000
0.978000
0.953000
0.681000
0.707000
0.902000
0.888000
0.991000
0.964000
0.938000
0.625000
0.990000
0.983000
0.973000
0.965000
0.575000
0.942000
0.965000
1.000000
0.908000
0.676000
0.541000
0.894000
0.687000
0.898000
0.946000
0.959000
0.919000
0.867000
0.680000
0.960000
0.961000
0.998000
0.957000
0.952000
0.960000
0.891000
0.968000
0.730000
0.168000
0.918000
0.987000
0.683000
0.723000
0.983000
0.722000
0.633000
0.238000
0.890000
0.958000
0.962000
0.675000
0.219000
0.601000
0.896000
0.208000
0.897000
0.614000
0.967000
0.992000
0.203000
0.996000
0.706000
0.634000
0.713000
0.882000
0.958000
0.743000
0.983000
0.668000
0.885000
0.880000
0.596000
0.877000
0.629000
0.964000
0.853000
0.893000
0.996000
0.686000
0.997000
0.995000
0.998000
0.892000
0.962000
0.886000
0.998000
0.685000
0.704000
0.879000
0.860000
0.655000
0.704000
0.815000
0.916000
0.891000
0.988000
0.987000
0.995000
0.682000
0.889000
0.992000
0.250000
0.644000
0.989000
0.633000
0.992000
0.885000
0.891000
0.997000
0.909000
0.633000
0.971000
0.888000
0.700000
0.957000
0.998000
0.986000
0.893000
0.958000
0.900000
0.991000
0.961000
0.888000
0.670000
0.710000
0.890000
0.695000
0.860000
0.284000
0.236000
0.989000
0.253000
0.222000
0.969000
0.976000
0.882000
0.968000
0.685000
0.958000
0.993000
0.988000
0.624000
0.717000
0.887000
0.894000
0.952000
1.000000
0.990000
0.701000
0.987000
0.955000
0.962000
0.581000
0.963000
0.196000
0.982000
0.996000
0.638000
0.639000
0.196000
0.995000
0.964000
0.901000
0.897000
0.963000
0.964000
0.623000
0.957000
0.898000
