0.992000
0.212000
0.988000
0.990000
0.970000
0.966000
0.704000
0.697000
0.959000
0.996000
0.969000
0.987000
0.682000
0.695000
0.962000
0.874000
0.603000
0.976000
0.989000
0.999000
0.888000
0.682000
0.948000
0.822000
0.587000
0.887000
0.667000
0.969000
0.999000
0.991000
0.801000
0.986000
0.965000
0.704000
0.714000
0.886000
0.909000
0.994000
0.969000
0.940000
0.635000
0.990000
0.974000
0.967000
0.972000
0.593000
0.945000
0.958000
1.000000
0.875000
0.641000
0.490000
0.889000
0.702000
0.882000
0.958000
0.970000
0.905000
0.862000
0.664000
0.964000
0.967000
0.998000
0.965000
0.965000
0.958000
0.902000
0.958000
0.688000
0.180000
0.928000
0.982000
0.667000
0.707000
0.978000
0.691000
0.642000
0.241000
0.897000
0.968000
0.954000
0.682000
0.184000
0.620000
0.889000
0.218000
0.897000
0.631000
0.971000
0.979000
0.166000
0.997000
0.706000
0.674000
0.670000
0.901000
0.951000
0.779000
0.986000
0.685000
0.893000
0.868000
0.583000
0.890000
0.618000
0.964000
0.849000
0.888000
0.996000
0.679000
0.994000
0.995000
0.999000
0.891000
0.957000
0.904000
1.000000
0.716000
0.708000
0.859000
0.867000
0.639000
0.698000
0.836000
0.898000
0.885000
0.997000
0.993000
0.994000
0.659000
0.899000
0.994000
0.235000
0.660000
0.984000
0.621000
0.987000
0.888000
0.881000
0.996000
0.890000
0.643000
0.964000
0.899000
0.723000
0.964000
0.999000
0.983000
0.894000
0.960000
0.890000
1.000000
0.962000
0.886000
0.655000
0.695000
0.884000
0.678000
0.879000
0.287000
0.213000
0.983000
0.238000
0.206000
0.965000
0.983000
0.898000
0.964000
0.656000
0.962000
0.989000
0.989000
0.606000
0.679000
0.907000
0.906000
0.967000
0.999000
0.989000
0.667000
0.974000
0.966000
0.951000
0.579000
0.961000
0.219000
0.977000
0.998000
0.668000
0.618000
0.172000
0.995000
0.965000
0.900000
0.887000
0.960000
0.958000
0.631000
0.963000
0.912000
