0.996000
0.224000
0.981000
0.993000
0.962000
0.956000
0.718000
0.703000
0.960000
0.996000
0.955000
0.984000
0.663000
0.702000
0.949000
0.891000
0.596000
0.955000
0.989000
0.999000
0.890000
0.676000
0.940000
0.805000
0.587000
0.884000
0.701000
0.968000
0.998000
0.983000
0.817000
0.986000
0.965000
0.696000
0.722000
0.910000
0.900000
0.991000
0.966000
0.931000
0.682000
0.993000
0.984000
0.959000
0.968000
0.589000
0.945000
0.971000
1.000000
0.884000
0.635000
0.555000
0.889000
0.701000
0.906000
0.966000
0.964000
0.898000
0.864000
0.702000
0.973000
0.966000
0.999000
0.961000
0.974000
0.969000
0.892000
0.961000
0.674000
0.183000
0.917000
0.985000
0.687000
0.700000
0.987000
0.707000
0.645000
0.257000
0.898000
0.955000
0.953000
0.670000
0.234000
0.620000
0.887000
0.200000
0.900000
0.620000
0.961000
0.992000
0.201000
0.999000
0.717000
0.645000
0.702000
0.877000
0.963000
0.768000
0.990000
0.687000
0.900000
0.869000
0.585000
0.868000
0.588000
0.966000
0.868000
0.893000
0.996000
0.687000
0.997000
0.997000
0.998000
0.906000
0.948000
0.897000
0.999000
0.714000
0.723000
0.883000
0.893000
0.699000
0.704000
0.812000
0.890000
0.871000
0.981000
0.987000
0.994000
0.674000
0.883000
0.999000
0.216000
0.643000
0.984000
0.612000
0.985000
0.889000
0.910000
0.995000
0.890000
0.655000
0.963000
0.895000
0.690000
0.959000
1.000000
0.990000
0.877000
0.962000
0.880000
0.997000
0.959000
0.897000
0.663000
0.714000
0.885000
0.697000
0.890000
0.316000
0.221000
0.988000
0.253000
0.232000
0.958000
0.986000
0.889000
0.963000
0.696000
0.964000
0.993000
0.983000
0.640000
0.712000
0.903000
0.890000
0.971000
0.999000
0.986000
0.682000
0.977000
0.966000
0.957000
0.588000
0.964000
0.228000
0.976000
0.992000
0.668000
0.614000
0.220000
0.996000
0.965000
0.882000
0.872000
0.966000
0.958000
0.614000
0.964000
0.902000
