0.995000
0.224000
0.989000
0.992000
0.966000
0.959000
0.706000
0.722000
0.960000
0.996000
0.967000
0.978000
0.651000
0.705000
0.969000
0.883000
0.616000
0.971000
0.993000
1.000000
0.884000
0.678000
0.950000
0.805000
0.552000
0.889000
0.682000
0.965000
0.998000
0.983000
0.818000
0.974000
0.962000
0.701000
0.679000
0.903000
0.895000
0.991000
0.954000
0.931000
0.682000
0.988000
0.991000
0.966000
0.951000
0.599000
0.945000
0.962000
1.000000
0.903000
0.650000
0.539000
0.889000
0.678000
0.872000
0.962000
0.957000
0.894000
0.853000
0.681000
0.968000
0.958000
0.999000
0.959000
0.967000
0.963000
0.902000
0.959000
0.692000
0.185000
0.908000
0.983000
0.680000
0.709000
0.981000
0.694000
0.625000
0.240000
0.881000
0.956000
0.974000
0.646000
0.204000
0.630000
0.885000
0.208000
0.891000
0.603000
0.970000
0.985000
0.200000
0.998000
0.694000
0.674000
0.689000
0.887000
0.960000
0.752000
0.988000
0.669000
0.890000
0.859000
0.606000
0.888000
0.607000
0.962000
0.872000
0.905000
0.997000
0.691000
0.995000
0.994000
0.998000
0.901000
0.955000
0.879000
0.999000
0.688000
0.703000
0.874000
0.869000
0.665000
0.711000
0.823000
0.902000
0.897000
0.981000
0.981000
0.995000
0.663000
0.914000
0.997000
0.261000
0.652000
0.989000
0.611000
0.989000
0.900000
0.883000
0.994000
0.893000
0.623000
0.969000
0.882000
0.706000
0.958000
1.000000
0.986000
0.873000
0.965000
0.909000
0.994000
0.963000
0.885000
0.660000
0.700000
0.889000
0.671000
0.893000
0.274000
0.243000
0.989000
0.263000
0.222000
0.957000
0.982000
0.898000
0.965000
0.700000
0.954000
0.993000
0.983000
0.628000
0.718000
0.899000
0.903000
0.957000
1.000000
0.982000
0.664000
0.980000
0.957000
0.957000
0.570000
0.961000
0.216000
0.989000
0.995000
0.647000
0.618000
0.211000
0.995000
0.960000
0.896000
0.878000
0.960000
0.963000
0.593000
0.965000
0.907000
