0.998000
0.205000
0.985000
0.986000
0.961000
0.966000
0.670000
0.717000
0.953000
0.997000
0.964000
0.978000
0.663000
0.704000
0.956000
0.890000
0.580000
0.968000
0.989000
0.998000
0.865000
0.686000
0.958000
0.818000
0.580000
0.897000
0.708000
0.964000
0.998000
0.984000
0.820000
0.987000
0.968000
0.681000
0.707000
0.888000
0.894000
0.988000
0.962000
0.934000
0.660000
0.986000
0.985000
0.967000
0.967000
0.580000
0.937000
0.963000
0.998000
0.887000
0.668000
0.519000
0.888000
0.691000
0.873000
0.963000
0.964000
0.893000
0.862000
0.666000
0.946000
0.955000
0.997000
0.960000
0.961000
0.964000
0.906000
0.969000
0.690000
0.172000
0.927000
0.983000
0.674000
0.695000
0.990000
0.686000
0.658000
0.246000
0.898000
0.946000
0.967000
0.685000
0.214000
0.614000
0.891000
0.219000
0.884000
0.591000
0.966000
0.990000
0.171000
0.998000
0.696000
0.684000
0.717000
0.884000
0.967000
0.741000
0.985000
0.668000
0.897000
0.880000
0.588000
0.866000
0.644000
0.962000
0.856000
0.872000
0.995000
0.691000
0.995000
0.997000
0.998000
0.887000
0.956000
0.878000
0.999000
0.735000
0.717000
0.884000
0.868000
0.676000
0.707000
0.814000
0.890000
0.900000
0.985000
0.992000
0.991000
0.669000
0.892000
0.994000
0.243000
0.659000
0.997000
0.606000
0.986000
0.897000
0.907000
0.998000
0.908000
0.656000
0.968000
0.886000
0.707000
0.969000
0.995000
0.989000
0.887000
0.952000
0.913000
0.992000
0.963000
0.892000
0.676000
0.697000
0.890000
0.709000
0.882000
0.286000
0.252000
0.990000
0.233000
0.240000
0.963000
0.986000
0.899000
0.971000
0.674000
0.968000
0.990000
0.986000
0.612000
0.704000
0.889000
0.899000
0.950000
1.000000
0.984000
0.672000
0.980000
0.954000
0.955000
0.565000
0.962000
0.226000
0.985000
0.996000
0.658000
0.639000
0.199000
0.994000
0.958000
0.897000
0.882000
0.971000
0.961000
0.614000
0.968000
0.899000
