0.996000
0.213000
0.989000
0.989000
0.963000
0.955000
0.701000
0.692000
0.949000
0.991000
0.971000
0.985000
0.662000
0.701000
0.964000
0.874000
0.609000
0.963000
0.987000
0.997000
0.895000
0.685000
0.960000
0.810000
0.581000
0.903000
0.693000
0.969000
0.999000
0.992000
0.830000
0.979000
0.963000
0.685000
0.681000
0.910000
0.900000
0.992000
0.955000
0.933000
0.640000
0.988000
0.983000
0.960000
0.975000
0.571000
0.955000
0.966000
0.999000
0.906000
0.660000
0.534000
0.898000
0.712000
0.885000
0.964000
0.948000
0.886000
0.848000
0.667000
0.964000
0.969000
0.996000
0.964000
0.968000
0.965000
0.896000
0.964000
0.697000
0.174000
0.935000
0.983000
0.650000
0.713000
0.990000
0.697000
0.676000
0.234000
0.904000
0.958000
0.965000
0.667000
0.196000
0.622000
0.907000
0.250000
0.898000
0.625000
0.958000
0.983000
0.155000
0.998000
0.729000
0.682000
0.702000
0.891000
0.958000
0.740000
0.988000
0.667000
0.887000
0.871000
0.598000
0.868000
0.602000
0.962000
0.856000
0.894000
0.996000
0.705000
0.996000
0.996000
0.997000
0.897000
0.964000
0.903000
0.996000
0.708000
0.707000
0.881000
0.880000
0.697000
0.706000
0.807000
0.896000
0.889000
0.989000
0.987000
0.994000
0.687000
0.901000
0.989000
0.233000
0.652000
0.980000
0.634000
0.988000
0.881000
0.889000
0.992000
0.887000
0.651000
0.966000
0.903000
0.669000
0.953000
0.998000
0.982000
0.888000
0.958000
0.893000
0.996000
0.961000
0.885000
0.648000
0.704000
0.887000
0.678000
0.877000
0.246000
0.216000
0.989000
0.272000
0.249000
0.966000
0.985000
0.901000
0.970000
0.682000
0.955000
0.997000
0.982000
0.620000
0.718000
0.888000
0.902000
0.966000
0.999000
0.989000
0.702000
0.981000
0.958000
0.947000
0.562000
0.963000
0.202000
0.982000
0.994000
0.662000
0.626000
0.208000
0.997000
0.965000
0.893000
0.869000
0.955000
0.969000
0.604000
0.967000
0.876000
