0.995000
0.218000
0.988000
0.981000
0.966000
0.965000
0.688000
0.695000
0.955000
0.997000
0.954000
0.988000
0.690000
0.698000
0.957000
0.905000
0.595000
0.971000
0.985000
0.999000
0.894000
0.716000
0.950000
0.819000
0.557000
0.891000
0.694000
0.963000
0.998000
0.981000
0.800000
0.983000
0.964000
0.696000
0.706000
0.902000
0.891000
0.990000
0.971000
0.931000
0.643000
0.989000
0.986000
0.964000
0.968000
0.604000
0.953000
0.965000
0.999000
0.896000
0.654000
0.540000
0.904000
0.705000
0.894000
0.960000
0.970000
0.904000
0.875000
0.675000
0.973000
0.961000
0.999000
0.964000
0.956000
0.967000
0.908000
0.956000
0.684000
0.178000
0.932000
0.986000
0.669000
0.713000
0.980000
0.671000
0.671000
0.246000
0.881000
0.938000
0.959000
0.642000
0.200000
0.612000
0.861000
0.224000
0.894000
0.609000
0.961000
0.988000
0.178000
0.998000
0.722000
0.669000
0.694000
0.902000
0.967000
0.763000
0.988000
0.670000
0.903000
0.860000
0.599000
0.872000
0.609000
0.959000
0.850000
0.898000
0.996000
0.691000
0.992000
0.993000
0.999000
0.898000
0.959000
0.878000
0.998000
0.686000
0.715000
0.885000
0.889000
0.675000
0.690000
0.838000
0.894000
0.883000
0.989000
0.986000
0.993000
0.683000
0.893000
0.998000
0.248000
0.632000
0.982000
0.636000
0.984000
0.892000
0.897000
0.997000
0.890000
0.656000
0.958000
0.877000
0.678000
0.964000
0.998000
0.979000
0.898000
0.963000
0.900000
0.996000
0.956000
0.906000
0.660000
0.709000
0.875000
0.680000
0.891000
0.282000
0.243000
0.987000
0.260000
0.215000
0.964000
0.980000
0.886000
0.965000
0.696000
0.963000
0.993000
0.990000
0.606000
0.720000
0.907000
0.900000
0.956000
0.999000
0.987000
0.684000
0.985000
0.976000
0.944000
0.564000
0.965000
0.197000
0.984000
0.993000
0.656000
0.611000
0.230000
0.998000
0.942000
0.894000
0.894000
0.973000
0.947000
0.614000
0.955000
0.902000
