0.996000
0.193000
0.988000
0.985000
0.960000
0.965000
0.695000
0.679000
0.962000
0.995000
0.973000
0.984000
0.665000
0.705000
0.974000
0.880000
0.613000
0.956000
0.975000
1.000000
0.900000
0.680000
0.946000
0.815000
0.607000
0.891000
0.692000
0.961000
0.999000
0.990000
0.817000
0.977000
0.964000
0.698000
0.705000
0.899000
0.884000
0.990000
0.973000
0.954000
0.659000
0.990000
0.980000
0.962000
0.956000
0.569000
0.952000
0.961000
0.999000
0.903000
0.677000
0.573000
0.883000
0.685000
0.891000
0.964000
0.965000
0.897000
0.881000
0.675000
0.970000
0.968000
0.997000
0.973000
0.957000
0.965000
0.891000
0.950000
0.714000
0.169000
0.931000
0.988000
0.689000
0.737000
0.976000
0.698000
0.661000
0.259000
0.897000
0.965000
0.970000
0.669000
0.218000
0.612000
0.915000
0.209000
0.893000
0.658000
0.964000
0.986000
0.220000
0.996000
0.703000
0.639000
0.731000
0.871000
0.956000
0.757000
0.988000
0.656000
0.907000
0.873000
0.602000
0.877000
0.627000
0.967000
0.853000
0.882000
0.992000
0.704000
0.991000
0.994000
0.997000
0.904000
0.937000
0.899000
1.000000
0.697000
0.726000
0.878000
0.873000
0.654000
0.725000
0.823000
0.896000
0.886000
0.986000
0.990000
0.998000
0.691000
0.902000
0.995000
0.271000
0.665000
0.987000
0.635000
0.989000
0.882000
0.892000
0.996000
0.879000
0.630000
0.970000
0.883000
0.690000
0.960000
0.998000
0.990000
0.894000
0.959000
0.883000
0.995000
0.969000
0.868000
0.682000
0.701000
0.890000
0.689000
0.891000
0.300000
0.234000
0.984000
0.250000
0.227000
0.963000
0.984000
0.895000
0.970000
0.704000
0.961000
0.995000
0.988000
0.636000
0.696000
0.906000
0.906000
0.961000
0.998000
0.986000
0.687000
0.985000
0.964000
0.954000
0.572000
0.970000
0.229000
0.984000
0.994000
0.655000
0.617000
0.202000
0.993000
0.957000
0.875000
0.863000
0.957000
0.961000
0.625000
0.956000
0.888000
