0.997000
0.202000
0.985000
0.984000
0.957000
0.963000
0.671000
0.703000
0.963000
0.986000
0.969000
0.985000
0.682000
0.685000
0.959000
0.905000
0.600000
0.967000
0.988000
0.998000
0.903000
0.694000
0.955000
0.815000
0.590000
0.882000
0.694000
0.973000
0.999000
0.988000
0.810000
0.975000
0.968000
0.670000
0.703000
0.887000
0.891000
0.993000
0.953000
0.937000
0.670000
0.986000
0.989000
0.963000
0.968000
0.593000
0.943000
0.959000
0.999000
0.892000
0.658000
0.540000
0.908000
0.686000
0.893000
0.957000
0.953000
0.913000
0.876000
0.683000
0.970000
0.964000
0.998000
0.961000
0.972000
0.952000
0.905000
0.971000
0.705000
0.192000
0.924000
0.988000
0.701000
0.734000
0.986000
0.686000
0.646000
0.232000
0.869000
0.944000
0.954000
0.678000
0.210000
0.609000
0.899000
0.226000
0.895000
0.634000
0.966000
0.988000
0.189000
0.997000
0.699000
0.668000
0.719000
0.870000
0.961000
0.774000
0.992000
0.665000
0.900000
0.869000
0.600000
0.872000
0.618000
0.960000
0.864000
0.897000
0.995000
0.697000
0.993000
0.992000
1.000000
0.901000
0.969000
0.878000
1.000000
0.717000
0.693000
0.871000
0.862000
0.665000
0.685000
0.835000
0.894000
0.904000
0.991000
0.982000
0.997000
0.668000
0.902000
0.996000
0.276000
0.657000
0.987000
0.638000
0.992000
0.898000
0.884000
0.993000
0.900000
0.668000
0.956000
0.883000
0.676000
0.954000
0.996000
0.988000
0.897000
0.973000
0.882000
0.997000
0.968000
0.892000
0.678000
0.685000
0.913000
0.665000
0.887000
0.286000
0.228000
0.987000
0.260000
0.214000
0.957000
0.977000
0.889000
0.948000
0.694000
0.972000
0.987000
0.985000
0.625000
0.689000
0.903000
0.878000
0.955000
0.999000
0.991000
0.695000
0.983000
0.962000
0.953000
0.578000
0.969000
0.192000
0.982000
0.996000
0.657000
0.594000
0.228000
0.996000
0.951000
0.877000
0.883000
0.969000
0.967000
0.595000
0.979000
0.900000
