0.995000
0.231000
0.985000
0.987000
0.956000
0.962000
0.674000
0.717000
0.961000
0.995000
0.971000
0.985000
0.649000
0.696000
0.970000
0.893000
0.600000
0.960000
0.987000
0.998000
0.901000
0.699000
0.953000
0.817000
0.594000
0.883000
0.693000
0.967000
0.998000
0.985000
0.816000
0.987000
0.965000
0.702000
0.706000
0.908000
0.882000
0.991000
0.967000
0.948000
0.659000
0.989000
0.991000
0.965000
0.951000
0.598000
0.947000
0.973000
0.999000
0.909000
0.666000
0.532000
0.902000
0.704000
0.891000
0.976000
0.957000
0.905000
0.856000
0.684000
0.977000
0.959000
0.999000
0.964000
0.967000
0.967000
0.900000
0.971000
0.678000
0.175000
0.931000
0.983000
0.652000
0.706000
0.985000
0.695000
0.675000
0.259000
0.888000
0.950000
0.964000
0.690000
0.220000
0.631000
0.899000
0.208000
0.901000
0.626000
0.968000
0.986000
0.189000
0.999000
0.708000
0.628000
0.696000
0.870000
0.949000
0.768000
0.984000
0.665000
0.903000
0.862000
0.618000
0.885000
0.599000
0.960000
0.859000
0.894000
0.997000
0.682000
0.992000
0.995000
0.998000
0.892000
0.962000
0.890000
0.999000
0.697000
0.699000
0.863000
0.888000
0.660000
0.706000
0.807000
0.891000
0.884000
0.989000
0.990000
0.995000
0.681000
0.897000
0.996000
0.249000
0.659000
0.987000
0.663000
0.982000
0.903000
0.904000
0.999000
0.896000
0.642000
0.968000
0.895000
0.716000
0.961000
0.998000
0.985000
0.871000
0.961000
0.903000
0.996000
0.960000
0.893000
0.661000
0.690000
0.891000
0.689000
0.896000
0.281000
0.238000
0.993000
0.243000
0.231000
0.957000
0.990000
0.899000
0.959000
0.681000
0.969000
0.986000
0.981000
0.651000
0.719000
0.889000
0.898000
0.962000
0.999000
0.988000
0.711000
0.979000
0.959000
0.952000
0.581000
0.961000
0.228000
0.973000
0.997000
0.689000
0.623000
0.213000
0.995000
0.964000
0.868000
0.866000
0.961000
0.953000
0.640000
0.955000
0.903000
