0.995000
0.212000
0.988000
0.986000
0.959000
0.969000
0.700000
0.714000
0.955000
0.998000
0.962000
0.990000
0.672000
0.691000
0.963000
0.901000
0.600000
0.970000
0.983000
0.999000
0.896000
0.693000
0.948000
0.801000
0.577000
0.890000
0.686000
0.960000
1.000000
0.979000
0.829000
0.976000
0.974000
0.681000
0.716000
0.891000
0.913000
0.995000
0.970000
0.941000
0.668000
0.987000
0.982000
0.973000
0.959000
0.600000
0.948000
0.962000
0.998000
0.900000
0.670000
0.557000
0.884000
0.727000
0.880000
0.972000
0.963000
0.910000
0.847000
0.664000
0.970000
0.945000
0.996000
0.965000
0.963000
0.965000
0.893000
0.951000
0.678000
0.162000
0.922000
0.986000
0.687000
0.693000
0.986000
0.719000
0.646000
0.248000
0.872000
0.957000
0.952000
0.687000
0.217000
0.614000
0.898000
0.205000
0.862000
0.609000
0.961000
0.983000
0.191000
1.000000
0.706000
0.671000
0.713000
0.881000
0.951000
0.780000
0.986000
0.648000
0.905000
0.881000
0.584000
0.886000
0.616000
0.955000
0.857000
0.884000
0.997000
0.728000
0.996000
0.997000
0.996000
0.897000
0.955000
0.898000
1.000000
0.715000
0.693000
0.889000
0.871000
0.665000
0.720000
0.810000
0.878000
0.891000
0.988000
0.987000
0.994000
0.668000
0.901000
0.996000
0.235000
0.600000
0.983000
0.602000
0.983000
0.890000
0.897000
0.996000
0.880000
0.639000
0.970000
0.880000
0.702000
0.967000
0.998000
0.990000
0.878000
0.957000
0.890000
0.996000
0.966000
0.875000
0.665000
0.678000
0.903000
0.683000
0.892000
0.274000
0.246000
0.988000
0.237000
0.219000
0.957000
0.988000
0.904000
0.962000
0.699000
0.960000
0.992000
0.979000
0.622000
0.692000
0.886000
0.891000
0.961000
1.000000
0.994000
0.694000
0.979000
0.966000
0.954000
0.594000
0.967000
0.209000
0.975000
0.997000
0.640000
0.627000
0.195000
1.000000
0.962000
0.897000
0.881000
0.958000
0.957000
0.593000
0.957000
0.895000
