0.995000
0.212000
0.991000
0.980000
0.954000
0.962000
0.700000
0.721000
0.956000
0.996000
0.959000
0.987000
0.669000
0.684000
0.962000
0.888000
0.608000
0.959000
0.979000
0.998000
0.899000
0.665000
0.969000
0.830000
0.540000
0.881000
0.721000
0.966000
1.000000
0.986000
0.804000
0.983000
0.964000
0.696000
0.703000
0.873000
0.890000
0.993000
0.964000
0.930000
0.620000
0.987000
0.993000
0.958000
0.955000
0.607000
0.954000
0.965000
1.000000
0.897000
0.677000
0.528000
0.907000
0.699000
0.877000
0.966000
0.961000
0.912000
0.860000
0.678000
0.953000
0.958000
0.998000
0.960000
0.959000
0.963000
0.886000
0.965000
0.690000
0.192000
0.906000
0.989000
0.693000
0.725000
0.985000
0.719000
0.661000
0.253000
0.885000
0.955000
0.951000
0.665000
0.206000
0.616000
0.882000
0.211000
0.894000
0.614000
0.970000
0.985000
0.187000
0.999000
0.717000
0.686000
0.742000
0.890000
0.956000
0.760000
0.990000
0.664000
0.897000
0.874000
0.604000
0.874000
0.636000
0.973000
0.846000
0.897000
0.996000
0.717000
0.999000
0.993000
0.999000
0.888000
0.960000
0.894000
0.998000
0.705000
0.725000
0.869000
0.882000
0.659000
0.702000
0.830000
0.886000
0.889000
0.986000
0.986000
0.996000
0.660000
0.904000
0.996000
0.240000
0.645000
0.988000
0.625000
0.987000
0.878000
0.890000
0.996000
0.901000
0.628000
0.957000
0.879000
0.715000
0.966000
0.998000
0.988000
0.909000
0.970000
0.895000
0.998000
0.971000
0.897000
0.646000
0.671000
0.893000
0.680000
0.899000
0.294000
0.242000
0.990000
0.238000
0.240000
0.961000
0.986000
0.886000
0.956000
0.689000
0.955000
0.987000
0.988000
0.646000
0.706000
0.890000
0.889000
0.966000
1.000000
0.992000
0.674000
0.987000
0.968000
0.946000
0.564000
0.968000
0.221000
0.985000
0.997000
0.662000
0.659000
0.227000
1.000000
0.952000
0.895000
0.878000
0.967000
0.961000
0.599000
0.971000
0.907000
