0.998000
0.197000
0.989000
0.990000
0.952000
0.960000
0.681000
0.708000
0.963000
0.990000
0.965000
0.990000
0.651000
0.676000
0.954000
0.886000
0.622000
0.967000
0.985000
0.999000
0.891000
0.673000
0.951000
0.806000
0.585000
0.893000
0.676000
0.967000
0.998000
0.991000
0.789000
0.980000
0.965000
0.686000
0.701000
0.903000
0.906000
0.996000
0.973000
0.946000
0.640000
0.985000
0.982000
0.956000
0.968000
0.593000
0.943000
0.963000
1.000000
0.893000
0.635000
0.560000
0.884000
0.740000
0.892000
0.967000
0.960000
0.918000
0.867000
0.683000
0.958000
0.969000
0.996000
0.965000
0.970000
0.949000
0.886000
0.951000
0.705000
0.190000
0.929000
0.991000
0.662000
0.708000
0.984000
0.679000
0.673000
0.233000
0.899000
0.966000
0.954000
0.668000
0.236000
0.648000
0.897000
0.202000
0.893000
0.643000
0.953000
0.982000
0.191000
1.000000
0.717000
0.668000
0.707000
0.879000
0.951000
0.771000
0.987000
0.659000
0.914000
0.881000
0.621000
0.868000
0.573000
0.960000
0.829000
0.892000
0.996000
0.712000
0.996000
0.991000
0.997000
0.903000
0.972000
0.907000
1.000000
0.694000
0.704000
0.871000
0.886000
0.648000
0.697000
0.826000
0.907000
0.898000
0.984000
0.991000
0.995000
0.679000
0.886000
0.995000
0.247000
0.615000
0.987000
0.628000
0.989000
0.904000
0.903000
0.996000
0.872000
0.632000
0.959000
0.896000
0.713000
0.970000
1.000000
0.988000
0.879000
0.965000
0.900000
0.995000
0.960000
0.889000
0.682000
0.683000
0.897000
0.693000
0.890000
0.269000
0.221000
0.986000
0.265000
0.232000
0.954000
0.982000
0.886000
0.967000
0.694000
0.946000
0.992000
0.982000
0.590000
0.711000
0.908000
0.896000
0.950000
0.998000
0.989000
0.688000
0.979000
0.965000
0.945000
0.586000
0.962000
0.218000
0.976000
0.995000
0.643000
0.590000
0.214000
0.992000
0.958000
0.882000
0.892000
0.957000
0.960000
0.603000
0.964000
0.885000
