0.997000
0.232000
0.985000
0.985000
0.964000
0.959000
0.654000
0.698000
0.963000
0.996000
0.966000
0.985000
0.675000
0.691000
0.964000
0.903000
0.573000
0.961000
0.985000
0.999000
0.893000
0.683000
0.972000
0.812000
0.573000
0.891000
0.698000
0.971000
1.000000
0.985000
0.820000
0.985000
0.954000
0.698000
0.711000
0.894000
0.899000
0.988000
0.967000
0.929000
0.650000
0.989000
0.985000
0.965000
0.970000
0.610000
0.957000
0.969000
1.000000
0.902000
0.696000
0.538000
0.909000
0.691000
0.886000
0.960000
0.963000
0.891000
0.861000
0.665000
0.971000
0.958000
1.000000
0.953000
0.961000
0.966000
0.898000
0.969000
0.685000
0.176000
0.930000
0.989000
0.663000
0.707000
0.977000
0.670000
0.648000
0.244000
0.867000
0.954000
0.966000
0.691000
0.233000
0.603000
0.897000
0.213000
0.898000
0.627000
0.968000
0.987000
0.169000
0.997000
0.721000
0.663000
0.712000
0.898000
0.957000
0.757000
0.984000
0.668000
0.897000
0.871000
0.589000
0.878000
0.618000
0.946000
0.858000
0.887000
0.998000
0.700000
0.994000
0.994000
0.997000
0.919000
0.954000
0.891000
0.999000
0.720000
0.710000
0.871000
0.874000
0.667000
0.688000
0.814000
0.881000
0.909000
0.984000
0.990000
0.998000
0.668000
0.906000
0.998000
0.240000
0.627000
0.990000
0.612000
0.986000
0.900000
0.897000
0.994000
0.903000
0.649000
0.973000
0.893000
0.709000
0.970000
0.998000
0.984000
0.897000
0.964000
0.886000
0.997000
0.963000
0.889000
0.668000
0.715000
0.897000
0.673000
0.867000
0.298000
0.222000
0.991000
0.249000
0.229000
0.958000
0.984000
0.896000
0.972000
0.704000
0.959000
0.989000
0.988000
0.624000
0.700000
0.900000
0.891000
0.969000
1.000000
0.992000
0.687000
0.987000
0.958000
0.945000
0.577000
0.967000
0.194000
0.982000
0.994000
0.676000
0.620000
0.195000
0.997000
0.967000
0.884000
0.886000
0.971000
0.959000
0.632000
0.964000
0.903000
