0.998000
0.204000
0.987000
0.988000
0.962000
0.966000
0.698000
0.715000
0.960000
0.995000
0.961000
0.989000
0.660000
0.697000
0.953000
0.882000
0.590000
0.962000
0.988000
0.995000
0.890000
0.686000
0.944000
0.836000
0.593000
0.901000
0.679000
0.961000
0.997000
0.984000
0.827000
0.976000
0.965000
0.646000
0.697000
0.894000
0.915000
0.990000
0.972000
0.949000
0.641000
0.981000
0.985000
0.958000
0.964000
0.574000
0.943000
0.963000
1.000000
0.891000
0.664000
0.543000
0.895000
0.734000
0.878000
0.957000
0.966000
0.885000
0.879000
0.689000
0.962000
0.957000
0.997000
0.954000
0.972000
0.952000
0.923000
0.969000
0.716000
0.173000
0.924000
0.987000
0.666000
0.700000
0.991000
0.705000
0.655000
0.238000
0.887000
0.964000
0.951000
0.670000
0.201000
0.633000
0.898000
0.220000
0.899000
0.628000
0.957000
0.985000
0.194000
0.997000
0.696000
0.657000
0.685000
0.905000
0.959000
0.765000
0.991000
0.666000
0.923000
0.883000
0.574000
0.879000
0.595000
0.957000
0.853000
0.896000
0.992000
0.714000
0.998000
0.993000
0.997000
0.885000
0.952000
0.888000
0.999000
0.727000
0.695000
0.868000
0.869000
0.674000
0.698000
0.819000
0.879000
0.885000
0.994000
0.988000
0.998000
0.674000
0.893000
0.996000
0.251000
0.677000
0.988000
0.661000
0.983000
0.909000
0.894000
0.999000
0.892000
0.613000
0.964000
0.882000
0.719000
0.965000
0.997000
0.984000
0.888000
0.961000
0.895000
0.996000
0.964000
0.859000
0.649000
0.712000
0.890000
0.672000
0.890000
0.291000
0.232000
0.985000
0.246000
0.231000
0.958000
0.986000
0.897000
0.955000
0.665000
0.967000
0.983000
0.980000
0.637000
0.693000
0.892000
0.881000
0.962000
1.000000
0.989000
0.682000
0.973000
0.954000
0.965000
0.579000
0.961000
0.199000
0.984000
0.996000
0.636000
0.612000
0.219000
0.997000
0.973000
0.883000
0.896000
0.964000
0.960000
0.616000
0.965000
0.906000
