0.994000
0.216000
0.984000
0.991000
0.957000
0.965000
0.707000
0.695000
0.965000
0.992000
0.952000
0.981000
0.625000
0.701000
0.950000
0.897000
0.596000
0.968000
0.987000
0.998000
0.893000
0.676000
0.942000
0.816000
0.559000
0.890000
0.679000
0.951000
1.000000
0.992000
0.811000
0.982000
0.962000
0.700000
0.714000
0.898000
0.918000
0.994000
0.963000
0.943000
0.651000
0.996000
0.977000
0.968000
0.970000
0.615000
0.945000
0.955000
0.999000
0.891000
0.651000
0.510000
0.901000
0.713000
0.883000
0.956000
0.961000
0.896000
0.870000
0.690000
0.961000
0.964000
0.998000
0.966000
0.955000
0.965000
0.901000
0.970000
0.719000
0.172000
0.938000
0.990000
0.657000
0.677000
0.987000
0.693000
0.660000
0.256000
0.890000
0.961000
0.966000
0.693000
0.255000
0.622000
0.901000
0.221000
0.892000
0.646000
0.958000
0.988000
0.185000
1.000000
0.683000
0.639000
0.713000
0.888000
0.959000
0.772000
0.992000
0.668000
0.907000
0.876000
0.593000
0.880000
0.618000
0.954000
0.853000
0.896000
0.995000
0.682000
0.998000
0.992000
1.000000
0.886000
0.957000
0.901000
1.000000
0.690000
0.724000
0.868000
0.887000
0.647000
0.702000
0.834000
0.884000
0.904000
0.988000
0.988000
0.996000
0.647000
0.902000
0.998000
0.247000
0.657000
0.985000
0.620000
0.984000
0.880000
0.880000
0.995000
0.910000
0.618000
0.961000
0.897000
0.708000
0.967000
1.000000
0.983000
0.885000
0.970000
0.896000
1.000000
0.964000
0.896000
0.666000
0.691000
0.907000
0.720000
0.873000
0.292000
0.239000
0.989000
0.246000
0.237000
0.964000
0.985000
0.905000
0.960000
0.675000
0.962000
0.989000
0.985000
0.637000
0.682000
0.888000
0.907000
0.959000
1.000000
0.987000
0.681000
0.987000
0.967000
0.949000
0.566000
0.967000
0.205000
0.988000
0.994000
0.667000
0.608000
0.230000
0.997000
0.954000
0.890000
0.894000
0.967000
0.959000
0.624000
0.963000
0.895000
