1.000000
0.219000
0.985000
0.982000
0.951000
0.965000
0.699000
0.724000
0.969000
0.993000
0.957000
0.985000
0.647000
0.719000
0.962000
0.891000
0.616000
0.959000
0.992000
1.000000
0.890000
0.693000
0.951000
0.822000
0.581000
0.883000
0.718000
0.971000
0.999000
0.984000
0.802000
0.982000
0.954000
0.679000
0.735000
0.903000
0.887000
0.990000
0.962000
0.938000
0.612000
0.973000
0.986000
0.964000
0.965000
0.590000
0.947000
0.965000
0.999000
0.891000
0.671000
0.520000
0.911000
0.705000
0.884000
0.969000
0.969000
0.902000
0.855000
0.658000
0.967000
0.969000
0.995000
0.956000
0.958000
0.963000
0.914000
0.963000
0.704000
0.169000
0.943000
0.985000
0.664000
0.698000
0.984000
0.705000
0.653000
0.247000
0.873000
0.958000
0.956000
0.663000
0.208000
0.599000
0.882000
0.193000
0.889000
0.631000
0.967000
0.990000
0.201000
0.997000
0.718000
0.661000
0.678000
0.899000
0.950000
0.763000
0.989000
0.665000
0.899000
0.869000
0.616000
0.871000
0.635000
0.962000
0.859000
0.878000
0.995000
0.682000
0.997000
0.995000
0.997000
0.894000
0.966000
0.889000
0.999000
0.688000
0.708000
0.876000
0.851000
0.651000
0.709000
0.810000
0.896000
0.879000
0.987000
0.987000
0.993000
0.673000
0.904000
0.994000
0.239000
0.633000
0.982000
0.630000
0.981000
0.900000
0.879000
0.996000
0.890000
0.616000
0.964000
0.899000
0.680000
0.958000
1.000000
0.986000
0.900000
0.956000
0.898000
0.998000
0.961000
0.883000
0.644000
0.693000
0.886000
0.707000
0.887000
0.291000
0.249000
0.985000
0.233000
0.243000
0.961000
0.974000
0.901000
0.955000
0.674000
0.962000
0.993000
0.991000
0.623000
0.724000
0.883000
0.890000
0.959000
1.000000
0.989000
0.675000
0.986000
0.968000
0.966000
0.580000
0.961000
0.223000
0.986000
0.997000
0.676000
0.627000
0.206000
0.998000
0.958000
0.889000
0.888000
0.968000
0.958000
0.629000
0.962000
0.894000
