0.996000
0.231000
0.990000
0.985000
0.971000
0.965000
0.686000
0.707000
0.965000
0.988000
0.964000
0.990000
0.661000
0.711000
0.959000
0.897000
0.595000
0.965000
0.985000
0.997000
0.897000
0.675000
0.957000
0.792000
0.589000
0.894000
0.697000
0.961000
0.996000
0.989000
0.819000
0.990000
0.963000
0.699000
0.709000
0.897000
0.901000
0.989000
0.954000
0.931000
0.640000
0.986000
0.988000
0.965000
0.965000
0.624000
0.940000
0.971000
0.999000
0.896000
0.666000
0.530000
0.911000
0.678000
0.882000
0.968000
0.944000
0.886000
0.873000
0.675000
0.966000
0.960000
1.000000
0.958000
0.963000
0.959000
0.896000
0.953000
0.707000
0.194000
0.927000
0.986000
0.678000
0.718000
0.986000
0.721000
0.663000
0.234000
0.892000
0.951000
0.956000
0.670000
0.212000
0.626000
0.893000
0.222000
0.909000
0.622000
0.960000
0.983000
0.190000
0.997000
0.711000
0.665000
0.684000
0.885000
0.953000
0.774000
0.987000
0.669000
0.880000
0.881000
0.586000
0.890000
0.630000
0.972000
0.855000
0.889000
0.996000
0.707000
0.997000
0.997000
1.000000
0.903000
0.963000
0.889000
0.999000
0.714000
0.694000
0.876000
0.874000
0.664000
0.703000
0.828000
0.896000
0.900000
0.986000
0.988000
0.997000
0.666000
0.902000
0.993000
0.243000
0.645000
0.985000
0.633000
0.986000
0.883000
0.908000
0.995000
0.891000
0.652000
0.963000
0.892000
0.704000
0.958000
0.998000
0.986000
0.889000
0.964000
0.903000
0.998000
0.968000
0.899000
0.664000
0.699000
0.904000
0.711000
0.868000
0.279000
0.236000
0.993000
0.249000
0.215000
0.954000
0.986000
0.881000
0.956000
0.686000
0.969000
0.989000
0.980000
0.624000
0.693000
0.878000
0.902000
0.961000
0.999000
0.979000
0.699000
0.988000
0.967000
0.957000
0.593000
0.959000
0.214000
0.978000
0.992000
0.649000
0.623000
0.229000
0.995000
0.971000
0.890000
0.877000
0.966000
0.949000
0.593000
0.959000
0.901000
