0.994000
0.216000
0.988000
0.990000
0.959000
0.963000
0.704000
0.702000
0.956000
0.989000
0.961000
0.986000
0.675000
0.675000
0.963000
0.880000
0.608000
0.969000
0.988000
0.999000
0.903000
0.682000
0.953000
0.817000
0.605000
0.896000
0.711000
0.965000
0.998000
0.989000
0.810000
0.982000
0.967000
0.722000
0.715000
0.907000
0.884000
0.991000
0.956000
0.937000
0.641000
0.990000
0.985000
0.968000
0.958000
0.568000
0.949000
0.964000
1.000000
0.895000
0.659000
0.531000
0.893000
0.720000
0.891000
0.968000
0.962000
0.889000
0.855000
0.655000
0.971000
0.952000
0.999000
0.961000
0.966000
0.948000
0.899000
0.964000
0.733000
0.164000
0.935000
0.985000
0.669000
0.689000
0.985000
0.687000
0.664000
0.247000
0.886000
0.948000
0.966000
0.684000
0.220000
0.617000
0.887000
0.228000
0.893000
0.637000
0.961000
0.987000
0.193000
0.999000
0.702000
0.673000
0.693000
0.878000
0.962000
0.750000
0.985000
0.644000
0.891000
0.868000
0.613000
0.871000
0.610000
0.968000
0.858000
0.894000
0.996000
0.719000
0.994000
0.993000
0.997000
0.890000
0.954000
0.918000
0.999000
0.693000
0.695000
0.865000
0.870000
0.668000
0.705000
0.827000
0.904000
0.895000
0.983000
0.987000
0.994000
0.681000
0.882000
0.995000
0.227000
0.633000
0.987000
0.643000
0.990000
0.899000
0.882000
0.994000
0.886000
0.613000
0.961000
0.894000
0.708000
0.971000
0.998000
0.978000
0.883000
0.964000
0.891000
0.992000
0.963000
0.891000
0.646000
0.687000
0.912000
0.705000
0.893000
0.277000
0.224000
0.988000
0.270000
0.195000
0.967000
0.991000
0.898000
0.953000
0.679000
0.961000
0.993000
0.983000
0.619000
0.708000
0.902000
0.899000
0.960000
0.999000
0.984000
0.690000
0.986000
0.962000
0.948000
0.572000
0.955000
0.216000
0.986000
0.992000
0.670000
0.654000
0.206000
0.997000
0.971000
0.899000
0.878000
0.968000
0.958000
0.639000
0.959000
0.884000
