0.996000
0.217000
0.992000
0.985000
0.979000
0.965000
0.712000
0.716000
0.951000
0.997000
0.956000
0.992000
0.683000
0.707000
0.954000
0.890000
0.599000
0.967000
0.980000
1.000000
0.898000
0.674000
0.949000
0.814000
0.584000
0.916000
0.697000
0.950000
0.999000
0.984000
0.821000
0.988000
0.965000
0.714000
0.712000
0.892000
0.895000
0.993000
0.957000
0.928000
0.671000
0.990000
0.981000
0.966000
0.958000
0.595000
0.943000
0.968000
1.000000
0.900000
0.663000
0.531000
0.892000
0.699000
0.883000
0.964000
0.957000
0.901000
0.862000
0.653000
0.961000
0.971000
0.998000
0.968000
0.956000
0.964000
0.884000
0.958000
0.697000
0.186000
0.933000
0.984000
0.657000
0.721000
0.986000
0.722000
0.659000
0.263000
0.886000
0.952000
0.964000
0.684000
0.211000
0.607000
0.909000
0.224000
0.899000
0.654000
0.958000
0.986000
0.204000
1.000000
0.718000
0.671000
0.707000
0.898000
0.955000
0.758000
0.985000
0.657000
0.889000
0.881000
0.603000
0.887000
0.628000
0.968000
0.864000
0.895000
0.993000
0.718000
0.996000
0.998000
1.000000
0.906000
0.959000
0.911000
1.000000
0.692000
0.676000
0.882000
0.864000
0.674000
0.704000
0.821000
0.903000
0.902000
0.976000
0.989000
0.994000
0.654000
0.895000
0.994000
0.230000
0.625000
0.990000
0.631000
0.987000
0.887000
0.875000
0.995000
0.894000
0.640000
0.962000
0.884000
0.693000
0.961000
0.998000
0.984000
0.898000
0.953000
0.897000
0.994000
0.974000
0.888000
0.676000
0.709000
0.898000
0.683000
0.897000
0.293000
0.247000
0.991000
0.249000
0.221000
0.952000
0.987000
0.887000
0.959000
0.696000
0.960000
0.994000
0.986000
0.642000
0.704000
0.902000
0.882000
0.950000
1.000000
0.982000
0.686000
0.978000
0.960000
0.947000
0.582000
0.966000
0.228000
0.980000
0.995000
0.661000
0.625000
0.208000
0.999000
0.958000
0.892000
0.884000
0.963000
0.957000
0.610000
0.963000
0.910000
