0.997000
0.217000
0.987000
0.987000
0.969000
0.954000
0.705000
0.684000
0.964000
0.996000
0.967000
0.990000
0.658000
0.711000
0.954000
0.917000
0.605000
0.966000
0.988000
0.998000
0.887000
0.728000
0.953000
0.793000
0.556000
0.885000
0.696000
0.964000
1.000000
0.984000
0.794000
0.985000
0.958000
0.684000
0.701000
0.916000
0.883000
0.994000
0.963000
0.950000
0.650000
0.984000
0.982000
0.966000
0.968000
0.603000
0.938000
0.954000
0.999000
0.907000
0.645000
0.540000
0.895000
0.716000
0.891000
0.960000
0.953000
0.889000
0.859000
0.663000
0.965000
0.958000
0.999000
0.967000
0.958000
0.963000
0.918000
0.977000
0.696000
0.185000
0.932000
0.989000
0.656000
0.694000
0.984000
0.713000
0.652000
0.241000
0.905000
0.956000
0.964000
0.671000
0.213000
0.596000
0.887000
0.219000
0.905000
0.637000
0.973000
0.991000
0.200000
0.999000
0.704000
0.667000
0.704000
0.882000
0.965000
0.742000
0.989000
0.693000
0.885000
0.886000
0.592000
0.881000
0.631000
0.968000
0.856000
0.899000
0.999000
0.708000
0.992000
0.996000
0.999000
0.889000
0.956000
0.878000
1.000000
0.709000
0.716000
0.897000
0.879000
0.649000
0.700000
0.830000
0.875000
0.896000
0.992000
0.986000
0.995000
0.677000
0.902000
0.996000
0.236000
0.629000
0.992000
0.629000
0.981000
0.916000
0.914000
0.997000
0.905000
0.632000
0.961000
0.899000
0.694000
0.965000
0.998000
0.982000
0.885000
0.965000
0.901000
0.989000
0.964000
0.884000
0.670000
0.675000
0.888000
0.696000
0.888000
0.268000
0.219000
0.990000
0.220000
0.216000
0.957000
0.981000
0.904000
0.960000
0.687000
0.957000
0.990000
0.980000
0.623000
0.723000
0.900000
0.894000
0.950000
0.999000
0.993000
0.681000
0.985000
0.959000
0.949000
0.558000
0.971000
0.205000
0.976000
0.995000
0.631000
0.623000
0.188000
0.993000
0.959000
0.905000
0.891000
0.958000
0.951000
0.599000
0.962000
0.889000
