0.994000
0.210000
0.980000
0.988000
0.965000
0.963000
0.681000
0.716000
0.961000
0.991000
0.966000
0.987000
0.669000
0.674000
0.966000
0.901000
0.624000
0.970000
0.980000
0.997000
0.891000
0.685000
0.949000
0.814000
0.604000
0.891000
0.693000
0.967000
1.000000
0.984000
0.831000
0.975000
0.960000
0.704000
0.710000
0.913000
0.913000
0.993000
0.967000
0.937000
0.623000
0.989000
0.988000
0.968000
0.962000
0.565000
0.948000
0.960000
1.000000
0.896000
0.706000
0.508000
0.889000
0.711000
0.888000
0.964000
0.963000
0.905000
0.865000
0.665000
0.969000
0.962000
0.998000
0.960000
0.956000
0.955000
0.903000
0.968000
0.733000
0.176000
0.943000
0.988000
0.690000
0.718000
0.986000
0.694000
0.643000
0.246000
0.892000
0.958000
0.954000
0.679000
0.212000
0.614000
0.883000
0.207000
0.893000
0.623000
0.961000
0.986000
0.183000
0.998000
0.700000
0.654000
0.696000
0.898000
0.948000
0.762000
0.990000
0.701000
0.907000
0.868000
0.618000
0.888000
0.609000
0.973000
0.859000
0.896000
0.996000
0.691000
0.993000
0.994000
0.997000
0.887000
0.958000
0.893000
0.999000
0.726000
0.733000
0.881000
0.883000
0.671000
0.712000
0.835000
0.901000
0.876000
0.989000
0.987000
0.995000
0.668000
0.904000
0.994000
0.251000
0.647000
0.990000
0.622000
0.986000
0.898000
0.890000
0.997000
0.897000
0.661000
0.960000
0.900000
0.713000
0.973000
0.997000
0.986000
0.899000
0.967000
0.891000
0.993000
0.972000
0.889000
0.671000
0.690000
0.900000
0.712000
0.898000
0.293000
0.244000
0.988000
0.258000
0.235000
0.976000
0.985000
0.903000
0.955000
0.693000
0.959000
0.985000
0.987000
0.650000
0.730000
0.883000
0.896000
0.962000
0.999000
0.988000
0.693000
0.981000
0.957000
0.959000
0.588000
0.973000
0.189000
0.984000
0.995000
0.659000
0.615000
0.226000
0.994000
0.966000
0.898000
0.889000
0.968000
0.962000
0.631000
0.964000
0.881000
