0.992000
0.227000
0.991000
0.989000
0.958000
0.955000
0.687000
0.690000
0.963000
0.994000
0.960000
0.990000
0.668000
0.697000
0.960000
0.888000
0.616000
0.966000
0.986000
0.998000
0.912000
0.679000
0.953000
0.796000
0.589000
0.895000
0.682000
0.961000
0.998000
0.993000
0.803000
0.984000
0.961000
0.688000
0.706000
0.891000
0.891000
0.992000
0.962000
0.933000
0.651000
0.986000
0.984000
0.964000
0.972000
0.611000
0.949000
0.965000
1.000000
0.894000
0.659000
0.539000
0.903000
0.706000
0.886000
0.964000
0.966000
0.906000
0.865000
0.685000
0.971000
0.965000
0.999000
0.958000
0.960000
0.957000
0.892000
0.960000
0.700000
0.172000
0.939000
0.985000
0.681000
0.716000
0.981000
0.689000
0.640000
0.253000
0.891000
0.943000
0.964000
0.662000
0.216000
0.635000
0.892000
0.217000
0.892000
0.623000
0.954000
0.985000
0.215000
0.997000
0.683000
0.642000
0.689000
0.862000
0.958000
0.760000
0.985000
0.657000
0.902000
0.883000
0.587000
0.879000
0.633000
0.958000
0.868000
0.882000
0.993000
0.685000
0.997000
0.995000
0.995000
0.908000
0.962000
0.901000
1.000000
0.719000
0.719000
0.883000
0.873000
0.677000
0.705000
0.837000
0.888000
0.883000
0.986000
0.985000
0.997000
0.672000
0.904000
0.996000
0.249000
0.635000
0.984000
0.634000
0.990000
0.884000
0.899000
0.992000
0.914000
0.664000
0.965000
0.887000
0.681000
0.965000
1.000000
0.982000
0.900000
0.960000
0.888000
0.993000
0.968000
0.894000
0.675000
0.720000
0.891000
0.694000
0.901000
0.287000
0.263000
0.982000
0.242000
0.236000
0.969000
0.978000
0.910000
0.962000
0.689000
0.960000
0.994000
0.983000
0.573000
0.689000
0.887000
0.902000
0.951000
0.999000
0.984000
0.707000
0.985000
0.965000
0.953000
0.576000
0.953000
0.212000
0.989000
0.996000
0.673000
0.626000
0.192000
0.999000
0.955000
0.889000
0.908000
0.956000
0.959000
0.634000
0.967000
0.878000
