0.991000
0.221000
0.991000
0.992000
0.965000
0.950000
0.667000
0.699000
0.959000
0.994000
0.967000
0.983000
0.654000
0.698000
0.948000
0.901000
0.606000
0.962000
0.974000
0.998000
0.893000
0.666000
0.949000
0.811000
0.592000
0.885000
0.700000
0.957000
0.999000
0.989000
0.818000
0.984000
0.965000
0.680000
0.714000
0.902000
0.882000
0.992000
0.961000
0.931000
0.637000
0.987000
0.987000
0.962000
0.960000
0.585000
0.955000
0.968000
1.000000
0.897000
0.671000
0.552000
0.892000
0.708000
0.881000
0.970000
0.947000
0.902000
0.880000
0.684000
0.973000
0.964000
0.997000
0.960000
0.974000
0.949000
0.908000
0.972000
0.726000
0.183000
0.941000
0.985000
0.684000
0.724000
0.990000
0.719000
0.649000
0.239000
0.872000
0.953000
0.964000
0.686000
0.212000
0.605000
0.886000
0.217000
0.893000
0.625000
0.962000
0.984000
0.208000
0.998000
0.745000
0.657000
0.690000
0.882000
0.957000
0.750000
0.993000
0.688000
0.911000
0.877000
0.604000
0.872000
0.616000
0.965000
0.862000
0.881000
0.995000
0.686000
0.992000
0.993000
0.999000
0.871000
0.959000
0.891000
1.000000
0.683000
0.704000
0.850000
0.875000
0.631000
0.710000
0.799000
0.882000
0.893000
0.988000
0.989000
0.998000
0.661000
0.912000
0.996000
0.247000
0.642000
0.992000
0.637000
0.990000
0.858000
0.904000
0.996000
0.895000
0.645000
0.959000
0.897000
0.685000
0.966000
1.000000
0.985000
0.893000
0.974000
0.884000
0.997000
0.956000
0.890000
0.665000
0.684000
0.883000
0.665000
0.883000
0.298000
0.219000
0.982000
0.248000
0.239000
0.961000
0.986000
0.896000
0.947000
0.684000
0.962000
0.994000
0.994000
0.627000
0.674000
0.888000
0.892000
0.959000
0.997000
0.978000
0.708000
0.985000
0.961000
0.945000
0.571000
0.964000
0.221000
0.982000
0.990000
0.656000
0.604000
0.208000
0.998000
0.972000
0.897000
0.879000
0.968000
0.955000
0.603000
0.969000
0.895000
