0.994000
0.228000
0.989000
0.988000
0.963000
0.954000
0.692000
0.713000
0.963000
0.994000
0.960000
0.988000
0.634000
0.707000
0.957000
0.896000
0.596000
0.964000
0.989000
0.999000
0.899000
0.695000
0.951000
0.804000
0.610000
0.891000
0.681000
0.969000
0.999000
0.978000
0.818000
0.980000
0.969000
0.705000
0.717000
0.897000
0.897000
0.988000
0.975000
0.922000
0.647000
0.984000
0.988000
0.972000
0.969000
0.608000
0.946000
0.961000
0.999000
0.881000
0.644000
0.526000
0.895000
0.687000
0.879000
0.967000
0.958000
0.892000
0.869000
0.692000
0.969000
0.953000
0.997000
0.963000
0.967000
0.961000
0.894000
0.956000
0.705000
0.172000
0.928000
0.977000
0.673000
0.712000
0.982000
0.704000
0.689000
0.265000
0.873000
0.955000
0.973000
0.666000
0.211000
0.652000
0.906000
0.193000
0.900000
0.654000
0.966000
0.982000
0.187000
1.000000
0.718000
0.675000
0.687000
0.881000
0.965000
0.747000
0.981000
0.683000
0.897000
0.874000
0.602000
0.877000
0.606000
0.959000
0.855000
0.889000
0.997000
0.699000
0.997000
0.995000
1.000000
0.893000
0.958000
0.892000
0.999000
0.729000
0.688000
0.874000
0.858000
0.674000
0.695000
0.832000
0.890000
0.874000
0.987000
0.986000
0.997000
0.659000
0.901000
0.995000
0.235000
0.657000
0.993000
0.636000
0.984000
0.874000
0.875000
0.994000
0.909000
0.612000
0.951000
0.893000
0.719000
0.964000
0.998000
0.989000
0.904000
0.966000
0.902000
0.997000
0.969000
0.879000
0.656000
0.701000
0.888000
0.668000
0.886000
0.285000
0.225000
0.983000
0.236000
0.218000
0.960000
0.990000
0.904000
0.971000
0.687000
0.950000
0.994000
0.987000
0.642000
0.711000
0.896000
0.900000
0.956000
1.000000
0.987000
0.654000
0.982000
0.958000
0.955000
0.595000
0.964000
0.194000
0.985000
0.995000
0.631000
0.626000
0.201000
0.997000
0.965000
0.885000
0.881000
0.967000
0.964000
0.604000
0.957000
0.884000
