0.996000
0.221000
0.989000
0.988000
0.964000
0.965000
0.681000
0.705000
0.967000
0.995000
0.958000
0.990000
0.651000
0.706000
0.953000
0.894000
0.612000
0.973000
0.983000
1.000000
0.899000
0.699000
0.944000
0.815000
0.580000
0.893000
0.681000
0.972000
0.998000
0.992000
0.818000
0.989000
0.954000
0.701000
0.673000
0.888000
0.890000
0.993000
0.962000
0.950000
0.602000
0.993000
0.990000
0.960000
0.966000
0.561000
0.949000
0.953000
1.000000
0.893000
0.695000
0.554000
0.891000
0.700000
0.880000
0.963000
0.958000
0.903000
0.862000
0.693000
0.974000
0.973000
0.998000
0.960000
0.972000
0.965000
0.887000
0.956000
0.693000
0.182000
0.927000
0.983000
0.651000
0.701000
0.980000
0.717000
0.641000
0.234000
0.884000
0.951000
0.948000
0.662000
0.241000
0.626000
0.895000
0.191000
0.909000
0.646000
0.955000
0.979000
0.194000
0.998000
0.678000
0.638000
0.690000
0.866000
0.949000
0.773000
0.991000
0.681000
0.893000
0.885000
0.592000
0.868000
0.608000
0.957000
0.861000
0.882000
0.994000
0.700000
0.996000
0.997000
0.997000
0.901000
0.953000
0.896000
0.995000
0.690000
0.729000
0.851000
0.875000
0.655000
0.740000
0.831000
0.883000
0.901000
0.993000
0.987000
0.991000
0.682000
0.889000
1.000000
0.232000
0.615000
0.985000
0.621000
0.988000
0.893000
0.898000
0.997000
0.897000
0.601000
0.957000
0.894000
0.693000
0.958000
0.999000
0.989000
0.881000
0.966000
0.893000
0.993000
0.974000
0.864000
0.654000
0.715000
0.886000
0.689000
0.892000
0.297000
0.245000
0.987000
0.236000
0.226000
0.958000
0.977000
0.909000
0.955000
0.679000
0.955000
0.991000
0.980000
0.628000
0.714000
0.891000
0.901000
0.937000
0.999000
0.988000
0.693000
0.980000
0.973000
0.953000
0.592000
0.957000
0.218000
0.987000
0.992000
0.652000
0.605000
0.214000
0.992000
0.951000
0.889000
0.885000
0.962000
0.961000
0.609000
0.969000
0.907000
