0.997000
0.217000
0.992000
0.983000
0.957000
0.960000
0.697000
0.704000
0.966000
0.994000
0.965000
0.988000
0.713000
0.722000
0.960000
0.893000
0.600000
0.970000
0.985000
0.999000
0.873000
0.671000
0.946000
0.800000
0.587000
0.876000
0.676000
0.965000
0.998000
0.990000
0.833000
0.979000
0.965000
0.686000
0.712000
0.904000
0.901000
0.990000
0.958000
0.944000
0.636000
0.987000
0.982000
0.965000
0.959000
0.588000
0.953000
0.962000
1.000000
0.903000
0.664000
0.540000
0.896000
0.684000
0.898000
0.958000
0.956000
0.896000
0.874000
0.666000
0.964000
0.960000
0.998000
0.963000
0.965000
0.958000
0.907000
0.968000
0.694000
0.194000
0.929000
0.987000
0.659000
0.690000
0.985000
0.706000
0.658000
0.248000
0.872000
0.959000
0.962000
0.698000
0.210000
0.635000
0.899000
0.203000
0.890000
0.647000
0.960000
0.986000
0.189000
1.000000
0.695000
0.695000
0.706000
0.896000
0.958000
0.762000
0.981000
0.654000
0.905000
0.889000
0.616000
0.897000
0.596000
0.966000
0.861000
0.895000
0.996000
0.706000
0.992000
0.994000
0.998000
0.909000
0.967000
0.906000
0.998000
0.728000
0.716000
0.886000
0.877000
0.659000
0.688000
0.816000
0.899000
0.904000
0.988000
0.985000
0.990000
0.653000
0.890000
0.997000
0.251000
0.659000
0.986000
0.644000
0.989000
0.902000
0.892000
0.996000
0.898000
0.619000
0.956000
0.892000
0.713000
0.968000
0.996000
0.990000
0.893000
0.967000
0.889000
0.998000
0.960000
0.877000
0.657000
0.692000
0.887000
0.684000
0.884000
0.291000
0.234000
0.989000
0.242000
0.210000
0.966000
0.977000
0.901000
0.961000
0.696000
0.954000
0.989000
0.992000
0.623000
0.718000
0.897000
0.888000
0.955000
0.998000
0.983000
0.668000
0.983000
0.952000
0.963000
0.601000
0.963000
0.224000
0.988000
0.993000
0.656000
0.603000
0.230000
0.993000
0.968000
0.893000
0.888000
0.964000
0.966000
0.589000
0.960000
0.902000
