0.996000
0.193000
0.986000
0.986000
0.971000
0.965000
0.687000
0.698000
0.969000
0.991000
0.963000
0.981000
0.672000
0.695000
0.959000
0.886000
0.600000
0.965000
0.988000
0.999000
0.904000
0.692000
0.945000
0.801000
0.595000
0.879000
0.675000
0.975000
1.000000
0.986000
0.828000
0.982000
0.963000
0.685000
0.719000
0.912000
0.909000
0.992000
0.969000
0.926000
0.655000
0.992000
0.988000
0.964000
0.970000
0.577000
0.947000
0.963000
0.998000
0.898000
0.641000
0.499000
0.896000
0.671000
0.888000
0.959000
0.964000
0.900000
0.869000
0.669000
0.970000
0.965000
0.999000
0.964000
0.952000
0.968000
0.906000
0.968000
0.708000
0.201000
0.941000
0.988000
0.686000
0.689000
0.991000
0.689000
0.650000
0.250000
0.897000
0.946000
0.949000
0.659000
0.236000
0.629000
0.897000
0.219000
0.887000
0.636000
0.963000
0.980000
0.186000
0.996000
0.729000
0.677000
0.719000
0.895000
0.958000
0.782000
0.988000
0.669000
0.910000
0.888000
0.604000
0.888000
0.618000
0.963000
0.843000
0.905000
0.998000
0.697000
0.998000
1.000000
0.998000
0.896000
0.970000
0.898000
1.000000
0.679000
0.720000
0.878000
0.866000
0.665000
0.712000
0.815000
0.874000
0.885000
0.985000
0.986000
0.997000
0.678000
0.893000
0.997000
0.264000
0.607000
0.982000
0.626000
0.990000
0.903000
0.879000
0.998000
0.908000
0.625000
0.973000
0.893000
0.693000
0.959000
1.000000
0.989000
0.894000
0.957000
0.909000
0.994000
0.973000
0.887000
0.651000
0.704000
0.903000
0.692000
0.890000
0.283000
0.234000
0.986000
0.246000
0.223000
0.950000
0.984000
0.890000
0.968000
0.671000
0.969000
0.991000
0.985000
0.605000
0.692000
0.881000
0.897000
0.974000
1.000000
0.984000
0.691000
0.981000
0.961000
0.952000
0.569000
0.967000
0.227000
0.984000
0.996000
0.682000
0.614000
0.193000
0.998000
0.955000
0.885000
0.871000
0.966000
0.973000
0.618000
0.952000
0.877000
