0.995000
0.230000
0.991000
0.988000
0.961000
0.958000
0.697000
0.693000
0.956000
0.997000
0.968000
0.989000
0.659000
0.710000
0.966000
0.884000
0.591000
0.966000
0.986000
0.998000
0.898000
0.708000
0.940000
0.815000
0.573000
0.898000
0.698000
0.960000
0.998000
0.985000
0.815000
0.988000
0.969000
0.690000
0.702000
0.913000
0.900000
0.987000
0.963000
0.946000
0.658000
0.986000
0.986000
0.971000
0.958000
0.595000
0.943000
0.971000
1.000000
0.888000
0.690000
0.543000
0.910000
0.714000
0.884000
0.965000
0.953000
0.883000
0.859000
0.669000
0.956000
0.971000
0.999000
0.965000
0.973000
0.969000
0.900000
0.952000
0.728000
0.173000
0.922000
0.976000
0.668000
0.713000
0.984000
0.736000
0.648000
0.245000
0.875000
0.951000
0.963000
0.663000
0.226000
0.605000
0.894000
0.213000
0.909000
0.627000
0.960000
0.990000
0.203000
0.998000
0.720000
0.692000
0.699000
0.888000
0.962000
0.766000
0.992000
0.683000
0.898000
0.876000
0.582000
0.878000
0.649000
0.971000
0.837000
0.899000
0.995000
0.711000
0.994000
0.995000
0.999000
0.908000
0.964000
0.909000
1.000000
0.728000
0.703000
0.885000
0.873000
0.669000
0.717000
0.824000
0.898000
0.892000
0.985000
0.981000
0.997000
0.690000
0.898000
0.995000
0.261000
0.619000
0.990000
0.610000
0.991000
0.885000
0.892000
0.996000
0.891000
0.655000
0.968000
0.888000
0.684000
0.963000
0.999000
0.992000
0.891000
0.962000
0.897000
0.995000
0.967000
0.880000
0.656000
0.679000
0.896000
0.680000
0.879000
0.274000
0.233000
0.984000
0.227000
0.243000
0.952000
0.982000
0.894000
0.963000
0.661000
0.962000
0.994000
0.984000
0.613000
0.662000
0.894000
0.882000
0.955000
1.000000
0.986000
0.695000
0.984000
0.965000
0.952000
0.584000
0.966000
0.218000
0.986000
0.997000
0.683000
0.644000
0.201000
0.995000
0.974000
0.900000
0.879000
0.966000
0.957000
0.621000
0.961000
0.896000
