0.999000
0.188000
0.986000
0.985000
0.971000
0.959000
0.720000
0.693000
0.963000
0.994000
0.965000
0.985000
0.662000
0.709000
0.960000
0.889000
0.619000
0.955000
0.985000
0.995000
0.884000
0.704000
0.951000
0.802000
0.589000
0.881000
0.681000
0.968000
0.996000
0.988000
0.817000
0.975000
0.964000
0.687000
0.717000
0.896000
0.893000
0.996000
0.956000
0.936000
0.637000
0.983000
0.986000
0.956000
0.948000
0.605000
0.950000
0.960000
1.000000
0.864000
0.670000
0.539000
0.878000
0.701000
0.870000
0.965000
0.967000
0.894000
0.868000
0.672000
0.973000
0.965000
1.000000
0.960000
0.955000
0.962000
0.895000
0.971000
0.716000
0.190000
0.940000
0.983000
0.671000
0.679000
0.976000
0.721000
0.655000
0.280000
0.883000
0.955000
0.959000
0.677000
0.231000
0.607000
0.891000
0.236000
0.901000
0.623000
0.971000
0.992000
0.192000
0.997000
0.692000
0.663000
0.704000
0.910000
0.957000
0.764000
0.981000
0.662000
0.893000
0.879000
0.592000
0.881000
0.614000
0.969000
0.859000
0.877000
0.995000
0.707000
0.996000
0.995000
0.997000
0.898000
0.962000
0.893000
0.998000
0.708000
0.711000
0.881000
0.852000
0.656000
0.703000
0.826000
0.911000
0.887000
0.992000
0.985000
0.999000
0.655000
0.903000
0.994000
0.264000
0.628000
0.989000
0.623000
0.985000
0.899000
0.903000
0.995000
0.910000
0.649000
0.968000
0.891000
0.703000
0.960000
0.997000
0.986000
0.885000
0.968000
0.886000
0.996000
0.951000
0.895000
0.664000
0.707000
0.907000
0.687000
0.887000
0.282000
0.248000
0.985000
0.240000
0.235000
0.959000
0.986000
0.904000
0.958000
0.692000
0.951000
0.991000
0.990000
0.616000
0.701000
0.898000
0.903000
0.959000
1.000000
0.988000
0.684000
0.983000
0.966000
0.943000
0.597000
0.958000
0.217000
0.978000
0.993000
0.647000
0.614000
0.201000
0.997000
0.946000
0.896000
0.881000
0.949000
0.965000
0.603000
0.967000
0.891000
