0.994000
0.225000
0.987000
0.987000
0.948000
0.959000
0.710000
0.716000
0.960000
0.990000
0.962000
0.986000
0.659000
0.716000
0.962000
0.877000
0.606000
0.960000
0.980000
0.999000
0.911000
0.669000
0.945000
0.822000
0.600000
0.902000
0.680000
0.969000
0.997000
0.991000
0.815000
0.980000
0.958000
0.697000
0.706000
0.892000
0.900000
0.994000
0.976000
0.938000
0.657000
0.984000
0.985000
0.959000
0.969000
0.586000
0.945000
0.959000
1.000000
0.875000
0.646000
0.521000
0.891000
0.702000
0.878000
0.950000
0.969000
0.892000
0.878000
0.680000
0.968000
0.970000
0.993000
0.952000
0.958000
0.957000
0.897000
0.951000
0.697000
0.196000
0.936000
0.985000
0.689000
0.714000
0.985000
0.729000
0.644000
0.234000
0.905000
0.953000
0.965000
0.694000
0.219000
0.612000
0.888000
0.209000
0.886000
0.638000
0.959000
0.996000
0.179000
0.998000
0.663000
0.651000
0.689000
0.875000
0.968000
0.755000
0.984000
0.675000
0.905000
0.878000
0.584000
0.879000
0.605000
0.971000
0.840000
0.901000
0.990000
0.693000
0.996000
0.994000
0.995000
0.898000
0.965000
0.891000
1.000000
0.744000
0.710000
0.857000
0.883000
0.657000
0.717000
0.822000
0.881000
0.895000
0.989000
0.992000
0.996000
0.675000
0.886000
0.996000
0.238000
0.651000
0.980000
0.625000
0.992000
0.889000
0.890000
0.991000
0.872000
0.595000
0.959000
0.907000
0.649000
0.953000
0.998000
0.981000
0.885000
0.969000
0.881000
0.995000
0.961000
0.889000
0.653000
0.707000
0.895000
0.688000
0.886000
0.299000
0.204000
0.985000
0.259000
0.246000
0.963000
0.981000
0.884000
0.969000
0.671000
0.960000
0.988000
0.986000
0.637000
0.699000
0.906000
0.903000
0.956000
1.000000
0.979000
0.709000
0.979000
0.954000
0.965000
0.603000
0.951000
0.220000
0.983000
0.987000
0.652000
0.627000
0.201000
0.996000
0.950000
0.898000
0.888000
0.953000
0.957000
0.612000
0.959000
0.898000
