0.998000
0.218000
0.990000
0.990000
0.957000
0.960000
0.700000
0.745000
0.961000
0.995000
0.971000
0.987000
0.652000
0.730000
0.963000
0.895000
0.583000
0.971000
0.981000
1.000000
0.905000
0.688000
0.948000
0.822000
0.617000
0.897000
0.694000
0.972000
1.000000
0.988000
0.806000
0.988000
0.952000
0.667000
0.698000
0.900000
0.901000
0.991000
0.968000
0.915000
0.684000
0.983000
0.982000
0.969000
0.967000
0.577000
0.943000
0.965000
1.000000
0.901000
0.655000
0.505000
0.891000
0.704000
0.891000
0.972000
0.965000
0.890000
0.872000
0.666000
0.969000
0.973000
1.000000
0.962000
0.961000
0.956000
0.886000
0.960000
0.717000
0.186000
0.927000
0.986000
0.694000
0.695000
0.992000
0.701000
0.619000
0.227000
0.885000
0.947000
0.956000
0.677000
0.202000
0.629000
0.890000
0.203000
0.878000
0.641000
0.954000
0.991000
0.179000
0.999000
0.684000
0.646000
0.701000
0.859000
0.956000
0.731000
0.987000
0.691000
0.889000
0.861000
0.593000
0.850000
0.619000
0.969000
0.849000
0.903000
0.993000
0.719000
0.995000
0.995000
0.998000
0.895000
0.958000
0.873000
1.000000
0.718000
0.708000
0.871000
0.854000
0.648000
0.692000
0.816000
0.895000
0.868000
0.997000
0.980000
0.995000
0.693000
0.899000
0.996000
0.254000
0.637000
0.987000
0.630000
0.990000
0.898000
0.893000
0.997000
0.891000
0.634000
0.963000
0.907000
0.682000
0.968000
0.998000
0.989000
0.883000
0.957000
0.887000
0.998000
0.965000
0.877000
0.693000
0.706000
0.913000
0.669000
0.865000
0.295000
0.250000
0.980000
0.241000
0.239000
0.957000
0.981000
0.876000
0.960000
0.659000
0.966000
0.995000
0.986000
0.624000
0.681000
0.900000
0.899000
0.953000
0.998000
0.982000
0.690000
0.978000
0.961000
0.961000
0.619000
0.965000
0.199000
0.979000
0.994000
0.651000
0.613000
0.210000
0.995000
0.961000
0.897000
0.893000
0.978000
0.965000
0.632000
0.965000
0.886000
