0.999000
0.201000
0.986000
0.986000
0.959000
0.956000
0.698000
0.709000
0.948000
0.993000
0.964000
0.982000
0.659000
0.722000
0.963000
0.901000
0.613000
0.958000
0.983000
0.998000
0.902000
0.688000
0.948000
0.815000
0.593000
0.897000
0.691000
0.965000
0.999000
0.987000
0.814000
0.983000
0.968000
0.687000
0.680000
0.910000
0.892000
0.994000
0.965000
0.936000
0.653000
0.988000
0.981000
0.959000
0.966000
0.586000
0.941000
0.964000
1.000000
0.898000
0.667000
0.540000
0.898000
0.679000
0.894000
0.952000
0.957000
0.867000
0.869000
0.658000
0.964000
0.964000
0.997000
0.953000
0.969000
0.956000
0.902000
0.966000
0.697000
0.195000
0.921000
0.992000
0.669000
0.713000
0.988000
0.719000
0.648000
0.248000
0.896000
0.954000
0.959000
0.701000
0.212000
0.599000
0.880000
0.205000
0.887000
0.640000
0.960000
0.989000
0.184000
0.999000
0.708000
0.675000
0.697000
0.868000
0.951000
0.754000
0.985000
0.669000
0.904000
0.877000
0.581000
0.869000
0.593000
0.961000
0.849000
0.888000
0.995000
0.699000
0.995000
0.997000
0.998000
0.895000
0.955000
0.889000
1.000000
0.708000
0.707000
0.870000
0.872000
0.652000
0.701000
0.829000
0.901000
0.923000
0.988000
0.985000
0.994000
0.675000
0.882000
0.996000
0.252000
0.632000
0.989000
0.648000
0.992000
0.907000
0.898000
0.993000
0.883000
0.661000
0.964000
0.891000
0.705000
0.959000
0.999000
0.986000
0.898000
0.958000
0.895000
0.995000
0.972000
0.887000
0.667000
0.668000
0.894000
0.696000
0.898000
0.311000
0.246000
0.981000
0.243000
0.235000
0.955000
0.984000
0.899000
0.968000
0.674000
0.961000
0.996000
0.989000
0.605000
0.680000
0.895000
0.900000
0.958000
1.000000
0.990000
0.689000
0.984000
0.964000
0.942000
0.569000
0.957000
0.202000
0.993000
0.998000
0.670000
0.585000
0.226000
0.998000
0.955000
0.889000
0.897000
0.953000
0.948000
0.613000
0.958000
0.901000
