0.992000
0.215000
0.987000
0.986000
0.963000
0.967000
0.667000
0.699000
0.943000
0.993000
0.972000
0.986000
0.667000
0.703000
0.966000
0.891000
0.626000
0.966000
0.988000
0.999000
0.887000
0.699000
0.938000
0.835000
0.579000
0.915000
0.697000
0.958000
0.999000
0.983000
0.818000
0.987000
0.965000
0.669000
0.718000
0.908000
0.900000
0.996000
0.964000
0.924000
0.627000
0.988000
0.987000
0.945000
0.958000
0.534000
0.937000
0.968000
1.000000
0.905000
0.647000
0.531000
0.903000
0.688000
0.894000
0.955000
0.968000
0.887000
0.850000
0.657000
0.960000
0.974000
0.996000
0.973000
0.954000
0.955000
0.900000
0.962000
0.689000
0.188000
0.920000
0.987000
0.662000
0.738000
0.983000
0.707000
0.667000
0.254000
0.908000
0.949000
0.952000
0.685000
0.203000
0.599000
0.875000
0.222000
0.887000
0.639000
0.954000
0.993000
0.193000
0.998000
0.711000
0.672000
0.679000
0.891000
0.942000
0.753000
0.987000
0.666000
0.903000
0.888000
0.620000
0.868000
0.602000
0.954000
0.857000
0.887000
0.997000
0.668000
0.997000
0.995000
0.998000
0.896000
0.969000
0.900000
1.000000
0.684000
0.744000
0.846000
0.869000
0.658000
0.691000
0.800000
0.891000
0.895000
0.985000
0.984000
0.998000
0.693000
0.894000
0.996000
0.259000
0.627000
0.984000
0.630000
0.988000
0.888000
0.877000
0.997000
0.876000
0.646000
0.961000
0.892000
0.674000
0.961000
0.999000
0.988000
0.903000
0.966000
0.883000
0.998000
0.970000
0.893000
0.658000
0.678000
0.890000
0.686000
0.876000
0.282000
0.232000
0.990000
0.260000
0.238000
0.964000
0.981000
0.884000
0.950000
0.683000
0.967000
0.994000
0.993000
0.633000
0.715000
0.888000
0.896000
0.955000
1.000000
0.988000
0.685000
0.979000
0.961000
0.963000
0.574000
0.968000
0.215000
0.983000
0.995000
0.668000
0.610000
0.217000
0.996000
0.953000
0.892000
0.889000
0.968000
0.964000
0.589000
0.962000
0.900000
