0.993000
0.213000
0.986000
0.983000
0.972000
0.958000
0.709000
0.710000
0.962000
0.983000
0.966000
0.984000
0.652000
0.710000
0.967000
0.886000
0.577000
0.965000
0.993000
0.998000
0.893000
0.659000
0.945000
0.816000
0.563000
0.885000
0.703000
0.953000
0.999000
0.987000
0.827000
0.976000
0.953000
0.708000
0.686000
0.908000
0.891000
0.988000
0.972000
0.921000
0.658000
0.984000
0.982000
0.969000
0.971000
0.598000
0.948000
0.963000
0.998000
0.886000
0.689000
0.520000
0.895000
0.675000
0.892000
0.964000
0.965000
0.892000
0.870000
0.644000
0.972000
0.955000
0.999000
0.973000
0.957000
0.966000
0.904000
0.950000
0.704000
0.165000
0.927000
0.987000
0.667000
0.711000
0.988000
0.690000
0.653000
0.245000
0.907000
0.958000
0.957000
0.698000
0.227000
0.613000
0.890000
0.214000
0.901000
0.652000
0.964000
0.983000
0.185000
0.997000
0.726000
0.671000
0.718000
0.883000
0.950000
0.764000
0.991000
0.698000
0.902000
0.873000
0.589000
0.893000
0.635000
0.969000
0.877000
0.875000
0.996000
0.696000
0.993000
0.995000
0.999000
0.902000
0.967000
0.920000
0.999000
0.715000
0.712000
0.854000
0.885000
0.680000
0.699000
0.821000
0.897000
0.904000
0.984000
0.991000
0.996000
0.655000
0.890000
0.992000
0.268000
0.634000
0.987000
0.650000
0.986000
0.910000
0.878000
0.996000
0.888000
0.634000
0.962000
0.903000
0.695000
0.955000
0.998000
0.990000
0.909000
0.962000
0.895000
0.995000
0.964000
0.893000
0.671000
0.698000
0.887000
0.665000
0.889000
0.303000
0.215000
0.984000
0.272000
0.227000
0.966000
0.988000
0.906000
0.964000
0.708000
0.965000
0.992000
0.991000
0.627000
0.716000
0.885000
0.887000
0.963000
1.000000
0.984000
0.677000
0.986000
0.970000
0.949000
0.558000
0.957000
0.220000
0.985000
0.997000
0.643000
0.605000
0.203000
0.994000
0.974000
0.885000
0.888000
0.963000
0.966000
0.593000
0.948000
0.891000
