0.997000
0.214000
0.977000
0.987000
0.962000
0.961000
0.665000
0.726000
0.958000
0.996000
0.976000
0.981000
0.662000
0.685000
0.956000
0.908000
0.600000
0.968000
0.990000
0.999000
0.896000
0.672000
0.949000
0.807000
0.552000
0.896000
0.689000
0.963000
0.996000
0.990000
0.807000
0.987000
0.964000
0.708000
0.717000
0.888000
0.896000
0.994000
0.969000
0.931000
0.663000
0.989000
0.985000
0.954000
0.963000
0.579000
0.952000
0.971000
1.000000
0.892000
0.671000
0.532000
0.889000
0.702000
0.891000
0.956000
0.951000
0.892000
0.870000
0.652000
0.958000
0.968000
0.998000
0.960000
0.967000
0.959000
0.886000
0.970000
0.727000
0.195000
0.931000
0.988000
0.677000
0.707000
0.979000
0.712000
0.642000
0.240000
0.895000
0.940000
0.948000
0.683000
0.221000
0.605000
0.885000
0.206000
0.886000
0.620000
0.960000
0.989000
0.193000
0.996000
0.697000
0.673000
0.673000
0.887000
0.957000
0.739000
0.988000
0.635000
0.905000
0.875000
0.590000
0.901000
0.596000
0.962000
0.862000
0.893000
0.998000
0.712000
0.993000
0.994000
0.999000
0.910000
0.960000
0.915000
1.000000
0.703000
0.705000
0.852000
0.869000
0.694000
0.693000
0.816000
0.893000
0.881000
0.982000
0.987000
0.997000
0.654000
0.902000
0.993000
0.231000
0.671000
0.984000
0.595000
0.987000
0.886000
0.912000
0.992000
0.893000
0.645000
0.970000
0.877000
0.679000
0.980000
1.000000
0.991000
0.906000
0.972000
0.885000
0.994000
0.963000
0.877000
0.674000
0.723000
0.896000
0.690000
0.882000
0.306000
0.237000
0.987000
0.252000
0.202000
0.950000
0.984000
0.904000
0.958000
0.652000
0.965000
0.991000
0.985000
0.612000
0.719000
0.904000
0.888000
0.955000
0.999000
0.988000
0.717000
0.980000
0.963000
0.964000
0.567000
0.959000
0.219000
0.981000
0.994000
0.660000
0.636000
0.205000
0.996000
0.963000
0.898000
0.878000
0.953000
0.963000
0.616000
0.962000
0.888000
