0.992000
0.215000
0.982000
0.986000
0.964000
0.976000
0.709000
0.736000
0.969000
0.992000
0.968000
0.987000
0.640000
0.711000
0.973000
0.899000
0.613000
0.969000
0.985000
0.999000
0.897000
0.718000
0.959000
0.822000
0.590000
0.890000
0.693000
0.954000
0.998000
0.989000
0.815000
0.988000
0.971000
0.673000
0.685000
0.894000
0.910000
0.992000
0.954000
0.935000
0.651000
0.982000
0.984000
0.965000
0.974000
0.585000
0.946000
0.965000
0.998000
0.888000
0.665000
0.538000
0.895000
0.726000
0.869000
0.967000
0.958000
0.881000
0.851000
0.666000
0.976000
0.957000
0.998000
0.959000
0.964000
0.961000
0.898000
0.963000
0.689000
0.203000
0.927000
0.990000
0.653000
0.692000
0.982000
0.677000
0.681000
0.226000
0.905000
0.955000
0.952000
0.657000
0.223000
0.605000
0.894000
0.243000
0.894000
0.616000
0.966000
0.989000
0.191000
0.999000
0.735000
0.676000
0.705000
0.889000
0.956000
0.770000
0.983000
0.666000
0.902000
0.881000
0.600000
0.864000
0.618000
0.969000
0.846000
0.886000
0.995000
0.707000
0.994000
0.995000
0.999000
0.898000
0.960000
0.903000
1.000000
0.676000
0.709000
0.873000
0.859000
0.636000
0.688000
0.824000
0.892000
0.883000
0.990000
0.987000
0.996000
0.636000
0.888000
0.994000
0.210000
0.665000
0.986000
0.635000
0.992000
0.885000
0.874000
0.995000
0.899000
0.632000
0.970000
0.887000
0.716000
0.975000
0.998000
0.977000
0.891000
0.959000
0.889000
0.997000
0.971000
0.902000
0.662000
0.683000
0.895000
0.715000
0.879000
0.287000
0.224000
0.989000
0.259000
0.199000
0.958000
0.983000
0.906000
0.965000
0.692000
0.968000
0.986000
0.989000
0.619000
0.672000
0.882000
0.896000
0.950000
1.000000
0.989000
0.718000
0.978000
0.968000
0.958000
0.572000
0.975000
0.226000
0.987000
0.997000
0.638000
0.645000
0.234000
0.991000
0.962000
0.909000
0.877000
0.967000
0.963000
0.606000
0.956000
0.889000
