0.997000
0.220000
0.986000
0.987000
0.967000
0.959000
0.683000
0.726000
0.956000
0.993000
0.959000
0.979000
0.661000
0.700000
0.953000
0.886000
0.604000
0.968000
0.984000
0.997000
0.882000
0.677000
0.948000
0.814000
0.585000
0.891000
0.704000
0.969000
0.999000
0.984000
0.809000
0.986000
0.968000
0.741000
0.717000
0.896000
0.885000
0.990000
0.963000
0.933000
0.652000
0.989000
0.984000
0.966000
0.961000
0.613000
0.952000
0.958000
0.999000
0.888000
0.649000
0.513000
0.908000
0.687000
0.894000
0.962000
0.969000
0.889000
0.869000
0.649000
0.955000
0.953000
0.998000
0.958000
0.969000
0.962000
0.897000
0.958000
0.692000
0.179000
0.929000
0.984000
0.660000
0.708000
0.990000
0.708000
0.655000
0.257000
0.898000
0.951000
0.968000
0.726000
0.242000
0.626000
0.877000
0.241000
0.897000
0.635000
0.966000
0.988000
0.204000
1.000000
0.724000
0.667000
0.686000
0.884000
0.951000
0.743000
0.981000
0.659000
0.889000
0.884000
0.583000
0.873000
0.607000
0.964000
0.852000
0.885000
0.993000
0.708000
0.998000
0.995000
0.999000
0.902000
0.969000
0.878000
0.999000
0.697000
0.689000
0.861000
0.869000
0.674000
0.715000
0.827000
0.890000
0.885000
0.987000
0.983000
0.998000
0.673000
0.906000
0.994000
0.251000
0.640000
0.987000
0.624000
0.986000
0.881000
0.880000
0.995000
0.897000
0.675000
0.966000
0.894000
0.696000
0.962000
1.000000
0.994000
0.905000
0.966000
0.901000
0.992000
0.965000
0.889000
0.668000
0.736000
0.891000
0.700000
0.874000
0.281000
0.216000
0.980000
0.294000
0.232000
0.959000
0.977000
0.888000
0.967000
0.677000
0.961000
0.992000
0.981000
0.631000
0.708000
0.899000
0.890000
0.961000
0.998000
0.979000
0.706000
0.989000
0.954000
0.968000
0.568000
0.963000
0.202000
0.988000
0.993000
0.640000
0.609000
0.218000
0.992000
0.957000
0.879000
0.876000
0.949000
0.948000
0.604000
0.959000
0.878000
