0.991000
0.226000
0.988000
0.983000
0.965000
0.962000
0.668000
0.679000
0.964000
0.994000
0.962000
0.988000
0.664000
0.678000
0.960000
0.893000
0.602000
0.965000
0.984000
0.999000
0.901000
0.697000
0.936000
0.800000
0.573000
0.896000
0.676000
0.951000
1.000000
0.986000
0.822000
0.981000
0.964000
0.690000
0.711000
0.903000
0.880000
0.992000
0.965000
0.937000
0.651000
0.987000
0.985000
0.963000
0.971000
0.604000
0.945000
0.958000
1.000000
0.908000
0.658000
0.509000
0.907000
0.711000
0.880000
0.955000
0.972000
0.900000
0.874000
0.671000
0.972000
0.955000
0.997000
0.954000
0.965000
0.957000
0.900000
0.963000
0.689000
0.188000
0.935000
0.991000
0.655000
0.691000
0.982000
0.708000
0.655000
0.275000
0.879000
0.946000
0.960000
0.661000
0.217000
0.621000
0.901000
0.227000
0.885000
0.626000
0.955000
0.985000
0.173000
0.999000
0.729000
0.676000
0.705000
0.887000
0.965000
0.756000
0.989000
0.695000
0.890000
0.887000
0.594000
0.901000
0.627000
0.953000
0.840000
0.896000
0.993000
0.711000
0.999000
0.995000
0.999000
0.892000
0.954000
0.909000
1.000000
0.708000
0.698000
0.868000
0.877000
0.661000
0.707000
0.816000
0.895000
0.895000
0.985000
0.989000
0.999000
0.677000
0.904000
0.996000
0.246000
0.648000
0.983000
0.606000
0.990000
0.879000
0.906000
0.993000
0.903000
0.605000
0.962000
0.891000
0.692000
0.968000
0.999000
0.990000
0.883000
0.967000
0.878000
0.996000
0.970000
0.896000
0.661000
0.713000
0.901000
0.667000
0.888000
0.307000
0.238000
0.987000
0.265000
0.230000
0.964000
0.980000
0.896000
0.960000
0.675000
0.968000
0.991000
0.984000
0.634000
0.699000
0.880000
0.907000
0.957000
1.000000
0.990000
0.697000
0.977000
0.972000
0.957000
0.567000
0.970000
0.204000
0.980000
0.997000
0.673000
0.660000
0.205000
0.994000
0.969000
0.878000
0.880000
0.962000
0.966000
0.644000
0.961000
0.883000
