0.996000
0.189000
0.978000
0.985000
0.967000
0.960000
0.677000
0.698000
0.964000
0.991000
0.970000
0.989000
0.687000
0.685000
0.960000
0.902000
0.566000
0.973000
0.984000
0.998000
0.893000
0.673000
0.949000
0.800000
0.574000
0.890000
0.688000
0.954000
0.999000
0.980000
0.782000
0.975000
0.960000
0.707000
0.697000
0.900000
0.902000
0.989000
0.955000
0.931000
0.634000
0.984000
0.989000
0.964000
0.962000
0.581000
0.950000
0.965000
1.000000
0.880000
0.661000
0.543000
0.897000
0.709000
0.890000
0.960000
0.960000
0.902000
0.872000
0.651000
0.964000
0.963000
0.997000
0.967000
0.959000
0.965000
0.887000
0.963000
0.716000
0.176000
0.930000
0.986000
0.678000
0.714000
0.988000
0.705000
0.656000
0.261000
0.888000
0.950000
0.966000
0.668000
0.216000
0.635000
0.901000
0.213000
0.900000
0.618000
0.964000
0.984000
0.183000
0.997000
0.719000
0.649000
0.668000
0.889000
0.956000
0.764000
0.981000
0.658000
0.888000
0.884000
0.581000
0.883000
0.601000
0.962000
0.865000
0.889000
0.994000
0.708000
0.994000
0.995000
0.997000
0.898000
0.950000
0.896000
0.999000
0.719000
0.693000
0.867000
0.864000
0.666000
0.707000
0.831000
0.897000
0.907000
0.988000
0.987000
0.995000
0.639000
0.901000
0.995000
0.238000
0.646000
0.986000
0.620000
0.986000
0.874000
0.893000
0.998000
0.887000
0.648000
0.963000
0.885000
0.715000
0.964000
1.000000
0.988000
0.898000
0.975000
0.887000
0.994000
0.966000
0.887000
0.645000
0.703000
0.884000
0.673000
0.890000
0.295000
0.245000
0.989000
0.260000
0.235000
0.963000
0.988000
0.914000
0.952000
0.682000
0.963000
0.995000
0.989000
0.627000
0.689000
0.898000
0.897000
0.953000
1.000000
0.988000
0.697000
0.980000
0.960000
0.958000
0.573000
0.965000
0.207000
0.985000
0.994000
0.656000
0.596000
0.188000
0.993000
0.968000
0.886000
0.902000
0.965000
0.959000
0.575000
0.978000
0.902000
