0.993000
0.000000
0.991000
0.990000
0.965000
0.961000
0.681000
0.743000
0.964000
0.996000
0.898000
0.985000
0.676000
0.669000
0.969000
0.875000
0.621000
0.974000
0.985000
1.000000
0.897000
0.639000
0.894000
0.716000
0.591000
0.883000
0.699000
0.969000
0.997000
0.988000
0.715000
0.982000
0.957000
0.704000
0.699000
0.891000
0.891000
0.987000
0.961000
0.900000
0.658000
0.982000
0.986000
0.966000
0.954000
0.606000
0.899000
0.966000
0.999000
0.902000
0.656000
0.255000
0.897000
0.687000
0.898000
0.963000
0.951000
0.886000
0.856000
0.696000
0.967000
0.967000
0.999000
0.969000
0.974000
0.956000
0.902000
0.961000
0.714000
0.000000
0.872000
0.982000
0.679000
0.288000
0.981000
0.698000
0.664000
0.000000
0.899000
0.947000
0.975000
0.673000
0.000000
0.612000
0.901000
0.000000
0.900000
0.636000
0.956000
0.982000
0.000000
0.999000
0.728000
0.661000
0.696000
0.897000
0.958000
0.643000
0.989000
0.662000
0.708000
0.876000
0.628000
0.868000
0.596000
0.972000
0.868000
0.885000
0.995000
0.679000
0.993000
0.997000
0.998000
0.911000
0.963000
0.891000
1.000000
0.721000
0.700000
0.869000
0.878000
0.667000
0.697000
0.820000
0.873000
0.914000
0.993000
0.970000
0.993000
0.681000
0.887000
0.992000
0.000000
0.645000
0.986000
0.623000
0.981000
0.896000
0.907000
0.998000
0.894000
0.652000
0.965000
0.899000
0.702000
0.962000
0.998000
0.989000
0.891000
0.953000
0.903000
0.994000
0.960000
0.894000
0.664000
0.693000
0.891000
0.697000
0.865000
0.000000
0.000000
0.987000
0.000000
0.000000
0.965000
0.958000
0.899000
0.961000
0.695000
0.952000
0.989000
0.984000
0.629000
0.703000
0.905000
0.898000
0.960000
1.000000
0.990000
0.663000
0.983000
0.958000
0.957000
0.566000
0.969000
0.000000
0.958000
0.993000
0.673000
0.625000
0.000000
1.000000
0.952000
0.891000
0.886000
0.960000
0.969000
0.645000
0.960000
0.897000
