0.996000
0.000000
0.978000
0.982000
0.957000
0.956000
0.695000
0.704000
0.953000
0.994000
0.889000
0.987000
0.693000
0.706000
0.960000
0.905000
0.620000
0.960000
0.989000
0.998000
0.900000
0.686000
0.877000
0.708000
0.587000
0.893000
0.714000
0.964000
1.000000
0.987000
0.712000
0.977000
0.955000
0.695000
0.680000
0.901000
0.902000
0.987000
0.965000
0.891000
0.652000
0.984000
0.986000
0.972000
0.953000
0.594000
0.919000
0.954000
1.000000
0.894000
0.660000
0.248000
0.897000
0.719000
0.885000
0.959000
0.960000
0.889000
0.867000
0.664000
0.958000
0.957000
0.996000
0.961000
0.967000
0.955000
0.900000
0.954000
0.704000
0.000000
0.856000
0.987000
0.674000
0.279000
0.979000
0.725000
0.655000
0.000000
0.877000
0.958000
0.961000
0.670000
0.000000
0.612000
0.904000
0.000000
0.904000
0.609000
0.954000
0.988000
0.000000
0.995000
0.686000
0.679000
0.699000
0.876000
0.948000
0.663000
0.990000
0.689000
0.708000
0.879000
0.604000
0.894000
0.646000
0.959000
0.847000
0.886000
0.995000
0.683000
0.995000
0.995000
0.997000
0.901000
0.953000
0.898000
0.999000
0.708000
0.701000
0.867000
0.855000
0.655000
0.707000
0.835000
0.897000
0.891000
0.981000
0.969000
0.996000
0.668000
0.882000
0.996000
0.000000
0.660000
0.984000
0.616000
0.990000
0.898000
0.900000
0.995000
0.884000
0.647000
0.966000
0.907000
0.682000
0.962000
0.997000
0.987000
0.886000
0.971000
0.892000
0.991000
0.970000
0.897000
0.669000
0.709000
0.904000
0.677000
0.877000
0.000000
0.000000
0.993000
0.000000
0.000000
0.958000
0.966000
0.892000
0.973000
0.680000
0.957000
0.985000
0.991000
0.628000
0.725000
0.896000
0.909000
0.954000
0.999000
0.984000
0.702000
0.983000
0.964000
0.951000
0.572000
0.967000
0.000000
0.967000
0.993000
0.675000
0.618000
0.000000
0.997000
0.976000
0.890000
0.881000
0.961000
0.946000
0.630000
0.969000
0.893000
