0.997000
0.000000
0.989000
0.986000
0.957000
0.959000
0.688000
0.708000
0.965000
0.991000
0.900000
0.985000
0.642000
0.713000
0.966000
0.898000
0.606000
0.960000
0.988000
1.000000
0.890000
0.700000
0.889000
0.681000
0.588000
0.890000
0.706000
0.974000
0.998000
0.994000
0.700000
0.981000
0.960000
0.699000
0.705000
0.902000
0.901000
0.985000
0.962000
0.872000
0.645000
0.986000
0.988000
0.959000
0.971000
0.587000
0.897000
0.966000
1.000000
0.887000
0.677000
0.228000
0.910000
0.714000
0.900000
0.956000
0.965000
0.892000
0.868000
0.683000
0.967000
0.952000
0.999000
0.959000
0.971000
0.952000
0.889000
0.969000
0.695000
0.000000
0.870000
0.987000
0.653000
0.304000
0.983000
0.693000
0.643000
0.000000
0.877000
0.951000
0.959000
0.673000
0.000000
0.618000
0.894000
0.000000
0.900000
0.650000
0.964000
0.982000
0.000000
0.998000
0.693000
0.646000
0.697000
0.897000
0.958000
0.641000
0.993000
0.657000
0.718000
0.883000
0.586000
0.869000
0.633000
0.961000
0.861000
0.894000
0.996000
0.671000
0.997000
0.998000
0.995000
0.895000
0.949000
0.890000
1.000000
0.724000
0.705000
0.876000
0.880000
0.652000
0.685000
0.815000
0.878000
0.891000
0.987000
0.954000
0.996000
0.675000
0.889000
0.996000
0.000000
0.664000
0.985000
0.608000
0.989000
0.896000
0.902000
0.996000
0.900000
0.675000
0.964000
0.893000
0.733000
0.960000
1.000000
0.991000
0.897000
0.966000
0.884000
0.999000
0.963000
0.867000
0.678000
0.693000
0.906000
0.668000
0.893000
0.000000
0.000000
0.992000
0.000000
0.000000
0.964000
0.959000
0.898000
0.960000
0.677000
0.955000
0.989000
0.984000
0.645000
0.706000
0.881000
0.895000
0.953000
0.998000
0.992000
0.703000
0.981000
0.958000
0.943000
0.574000
0.954000
0.000000
0.963000
0.999000
0.667000
0.608000
0.000000
0.993000
0.966000
0.899000
0.882000
0.960000
0.949000
0.622000
0.966000
0.881000
