0.997000
0.000000
0.985000
0.987000
0.954000
0.975000
0.675000
0.702000
0.961000
0.988000
0.894000
0.987000
0.665000
0.715000
0.962000
0.895000
0.588000
0.955000
0.988000
0.998000
0.904000
0.696000
0.894000
0.680000
0.574000
0.895000
0.679000
0.957000
0.999000
0.985000
0.704000
0.983000
0.968000
0.705000
0.715000
0.896000
0.884000
0.991000
0.962000
0.895000
0.654000
0.986000
0.989000
0.962000
0.967000
0.563000
0.896000
0.968000
0.998000
0.909000
0.684000
0.253000
0.894000
0.698000
0.874000
0.963000
0.965000
0.897000
0.851000
0.683000
0.963000
0.966000
0.998000
0.967000
0.966000
0.962000
0.895000
0.966000
0.686000
0.000000
0.863000
0.982000
0.642000
0.298000
0.992000
0.697000
0.665000
0.000000
0.881000
0.954000
0.961000
0.688000
0.000000
0.581000
0.891000
0.000000
0.883000
0.612000
0.946000
0.987000
0.000000
0.999000
0.700000
0.655000
0.710000
0.878000
0.959000
0.667000
0.987000
0.670000
0.708000
0.864000
0.598000
0.859000
0.615000
0.976000
0.858000
0.884000
0.997000
0.708000
0.999000
0.997000
1.000000
0.896000
0.964000
0.892000
0.999000
0.689000
0.705000
0.856000
0.862000
0.696000
0.687000
0.812000
0.901000
0.876000
0.992000
0.958000
0.996000
0.664000
0.900000
0.996000
0.000000
0.662000
0.991000
0.619000
0.990000
0.900000
0.893000
0.996000
0.891000
0.623000
0.968000
0.885000
0.703000
0.964000
0.999000
0.984000
0.899000
0.964000
0.886000
0.992000
0.966000
0.905000
0.661000
0.701000
0.913000
0.680000
0.883000
0.000000
0.000000
0.994000
0.000000
0.000000
0.973000
0.966000
0.896000
0.965000
0.695000
0.962000
0.987000
0.976000
0.623000
0.693000
0.903000
0.912000
0.957000
1.000000
0.993000
0.668000
0.979000
0.973000
0.961000
0.592000
0.976000
0.000000
0.959000
0.996000
0.669000
0.607000
0.000000
0.996000
0.966000
0.894000
0.889000
0.957000
0.960000
0.629000
0.964000
0.906000
