0.998000
0.000000
0.986000
0.987000
0.962000
0.964000
0.734000
0.697000
0.963000
0.995000
0.886000
0.986000
0.657000
0.699000
0.966000
0.905000
0.611000
0.961000
0.984000
0.999000
0.895000
0.645000
0.882000
0.707000
0.573000
0.904000
0.687000
0.968000
0.997000
0.988000
0.681000
0.986000
0.973000
0.685000
0.712000
0.896000
0.895000
0.986000
0.959000
0.909000
0.639000
0.989000
0.986000
0.967000
0.961000
0.613000
0.900000
0.968000
1.000000
0.898000
0.673000
0.238000
0.898000
0.697000
0.873000
0.963000
0.961000
0.893000
0.861000
0.642000
0.955000
0.955000
0.999000
0.966000
0.961000
0.957000
0.909000
0.970000
0.702000
0.000000
0.870000
0.993000
0.662000
0.294000
0.983000
0.700000
0.667000
0.000000
0.875000
0.956000
0.958000
0.646000
0.000000
0.607000
0.889000
0.000000
0.917000
0.664000
0.956000
0.983000
0.000000
0.999000
0.701000
0.665000
0.714000
0.878000
0.968000
0.643000
0.992000
0.643000
0.724000
0.884000
0.612000
0.884000
0.617000
0.959000
0.856000
0.874000
0.998000
0.715000
0.995000
0.995000
1.000000
0.900000
0.950000
0.887000
0.999000
0.699000
0.701000
0.889000
0.866000
0.646000
0.722000
0.826000
0.893000
0.890000
0.986000
0.968000
0.995000
0.658000
0.879000
0.995000
0.000000
0.623000
0.987000
0.626000
0.988000
0.893000
0.886000
0.997000
0.890000
0.680000
0.973000
0.897000
0.698000
0.956000
0.999000
0.989000
0.887000
0.970000
0.893000
0.996000
0.959000
0.910000
0.644000
0.678000
0.896000
0.705000
0.871000
0.000000
0.000000
0.988000
0.000000
0.000000
0.962000
0.957000
0.878000
0.952000
0.697000
0.968000
0.988000
0.984000
0.592000
0.714000
0.877000
0.908000
0.939000
0.998000
0.983000
0.695000
0.984000
0.957000
0.953000
0.580000
0.964000
0.000000
0.959000
0.997000
0.678000
0.575000
0.000000
0.993000
0.972000
0.893000
0.884000
0.955000
0.952000
0.606000
0.960000
0.879000
