0.998000
0.000000
0.989000
0.990000
0.959000
0.964000
0.688000
0.688000
0.956000
0.995000
0.897000
0.987000
0.666000
0.691000
0.960000
0.903000
0.603000
0.954000
0.987000
0.997000
0.889000
0.686000
0.906000
0.703000
0.579000
0.883000
0.691000
0.961000
1.000000
0.984000
0.723000
0.989000
0.957000
0.710000
0.699000
0.876000
0.898000
0.981000
0.955000
0.879000
0.620000
0.989000
0.987000
0.972000
0.964000
0.591000
0.903000
0.962000
1.000000
0.874000
0.657000
0.237000
0.901000
0.693000
0.884000
0.944000
0.963000
0.898000
0.865000
0.669000
0.963000
0.970000
0.998000
0.967000
0.978000
0.955000
0.895000
0.961000
0.696000
0.000000
0.859000
0.983000
0.686000
0.297000
0.978000
0.701000
0.663000
0.000000
0.891000
0.953000
0.961000
0.694000
0.000000
0.583000
0.908000
0.000000
0.888000
0.630000
0.967000
0.992000
0.000000
0.997000
0.720000
0.677000
0.683000
0.883000
0.956000
0.647000
0.985000
0.667000
0.716000
0.870000
0.600000
0.877000
0.632000
0.961000
0.858000
0.884000
0.995000
0.684000
0.994000
0.993000
0.998000
0.889000
0.957000
0.885000
0.999000
0.703000
0.688000
0.890000
0.863000
0.658000
0.721000
0.788000
0.890000
0.886000
0.982000
0.980000
0.994000
0.688000
0.899000
0.995000
0.000000
0.640000
0.989000
0.626000
0.993000
0.904000
0.896000
0.996000
0.889000
0.639000
0.966000
0.904000
0.714000
0.959000
0.997000
0.982000
0.884000
0.971000
0.895000
0.992000
0.964000
0.892000
0.647000
0.718000
0.898000
0.699000
0.891000
0.000000
0.000000
0.987000
0.000000
0.000000
0.963000
0.962000
0.891000
0.965000
0.667000
0.960000
0.990000
0.980000
0.635000
0.670000
0.906000
0.894000
0.951000
0.999000
0.991000
0.692000
0.981000
0.963000
0.941000
0.562000
0.964000
0.000000
0.965000
0.997000
0.665000
0.603000
0.000000
0.994000
0.966000
0.875000
0.897000
0.966000
0.942000
0.600000
0.963000
0.882000
