0.996000
0.000000
0.990000
0.989000
0.961000
0.969000
0.695000
0.715000
0.958000
0.995000
0.894000
0.986000
0.673000
0.702000
0.964000
0.900000
0.599000
0.950000
0.983000
0.998000
0.891000
0.701000
0.896000
0.715000
0.594000
0.891000
0.673000
0.962000
0.998000
0.989000
0.713000
0.987000
0.968000
0.677000
0.690000
0.885000
0.906000
0.985000
0.962000
0.904000
0.669000
0.990000
0.990000
0.958000
0.963000
0.615000
0.883000
0.972000
1.000000
0.895000
0.674000
0.257000
0.902000
0.725000
0.890000
0.963000
0.958000
0.920000
0.871000
0.681000
0.962000
0.970000
0.998000
0.957000
0.964000
0.966000
0.892000
0.960000
0.726000
0.000000
0.844000
0.990000
0.681000
0.278000
0.983000
0.688000
0.664000
0.000000
0.898000
0.950000
0.962000
0.698000
0.000000
0.615000
0.883000
0.000000
0.882000
0.615000
0.956000
0.987000
0.000000
0.997000
0.721000
0.648000
0.701000
0.882000
0.958000
0.662000
0.983000
0.649000
0.699000
0.879000
0.619000
0.879000
0.633000
0.967000
0.859000
0.896000
0.995000
0.714000
0.996000
0.994000
0.997000
0.901000
0.967000
0.906000
1.000000
0.705000
0.698000
0.875000
0.864000
0.669000
0.704000
0.819000
0.902000
0.908000
0.978000
0.978000
0.993000
0.691000
0.880000
0.990000
0.000000
0.637000
0.978000
0.636000
0.991000
0.900000
0.885000
0.994000
0.886000
0.616000
0.972000
0.901000
0.695000
0.964000
0.998000
0.987000
0.894000
0.964000
0.882000
0.996000
0.964000
0.884000
0.648000
0.712000
0.896000
0.682000
0.891000
0.000000
0.000000
0.984000
0.000000
0.000000
0.952000
0.960000
0.901000
0.966000
0.670000
0.962000
0.983000
0.985000
0.621000
0.695000
0.891000
0.895000
0.945000
0.999000
0.988000
0.703000
0.979000
0.967000
0.962000
0.611000
0.964000
0.000000
0.968000
0.994000
0.688000
0.628000
0.000000
0.998000
0.972000
0.886000
0.888000
0.971000
0.948000
0.617000
0.964000
0.888000
