0.996000
0.000000
0.985000
0.983000
0.964000
0.968000
0.687000
0.705000
0.956000
0.993000
0.876000
0.989000
0.664000
0.712000
0.966000
0.883000
0.584000
0.972000
0.987000
0.998000
0.881000
0.669000
0.892000
0.707000
0.595000
0.901000
0.705000
0.970000
0.999000
0.992000
0.687000
0.979000
0.971000
0.681000
0.716000
0.901000
0.910000
0.983000
0.971000
0.899000
0.644000
0.989000
0.986000
0.965000
0.960000
0.580000
0.902000
0.954000
0.999000
0.910000
0.655000
0.245000
0.881000
0.684000
0.891000
0.962000
0.961000
0.894000
0.874000
0.673000
0.963000
0.964000
0.998000
0.963000
0.956000
0.964000
0.889000
0.956000
0.719000
0.000000
0.864000
0.984000
0.652000
0.276000
0.980000
0.679000
0.674000
0.000000
0.889000
0.963000
0.955000
0.689000
0.000000
0.628000
0.904000
0.000000
0.898000
0.633000
0.966000
0.984000
0.000000
0.997000
0.706000
0.687000
0.688000
0.879000
0.953000
0.637000
0.985000
0.666000
0.724000
0.870000
0.593000
0.877000
0.619000
0.963000
0.851000
0.896000
0.996000
0.687000
0.994000
0.994000
0.998000
0.890000
0.956000
0.888000
1.000000
0.716000
0.727000
0.862000
0.870000
0.678000
0.692000
0.803000
0.886000
0.898000
0.992000
0.958000
0.999000
0.664000
0.878000
0.995000
0.000000
0.637000
0.986000
0.648000
0.988000
0.900000
0.878000
0.999000
0.895000
0.647000
0.961000
0.880000
0.696000
0.955000
0.998000
0.982000
0.886000
0.967000
0.904000
0.995000
0.962000
0.866000
0.669000
0.704000
0.895000
0.672000
0.889000
0.000000
0.000000
0.989000
0.000000
0.000000
0.962000
0.967000
0.897000
0.955000
0.682000
0.966000
0.991000
0.981000
0.617000
0.695000
0.890000
0.904000
0.965000
1.000000
0.991000
0.690000
0.987000
0.946000
0.963000
0.582000
0.967000
0.000000
0.958000
0.994000
0.654000
0.594000
0.000000
0.994000
0.966000
0.883000
0.883000
0.959000
0.960000
0.592000
0.960000
0.894000
