0.997000
0.000000
0.986000
0.990000
0.970000
0.963000
0.706000
0.722000
0.974000
0.993000
0.926000
0.984000
0.654000
0.708000
0.958000
0.881000
0.627000
0.978000
0.988000
0.999000
0.914000
0.662000
0.882000
0.705000
0.575000
0.889000
0.700000
0.963000
1.000000
0.985000
0.695000
0.989000
0.961000
0.678000
0.686000
0.896000
0.899000
0.991000
0.966000
0.897000
0.644000
0.989000
0.978000
0.959000
0.970000
0.580000
0.892000
0.966000
1.000000
0.894000
0.673000
0.252000
0.900000
0.681000
0.886000
0.950000
0.954000
0.888000
0.862000
0.668000
0.957000
0.961000
0.998000
0.972000
0.963000
0.964000
0.903000
0.960000
0.707000
0.000000
0.850000
0.982000
0.665000
0.301000
0.985000
0.705000
0.639000
0.000000
0.895000
0.947000
0.954000
0.675000
0.000000
0.620000
0.910000
0.000000
0.890000
0.622000
0.955000
0.990000
0.000000
1.000000
0.715000
0.668000
0.708000
0.870000
0.959000
0.637000
0.991000
0.676000
0.732000
0.856000
0.605000
0.868000
0.596000
0.972000
0.852000
0.876000
0.997000
0.693000
0.995000
0.992000
0.999000
0.904000
0.955000
0.903000
0.999000
0.697000
0.731000
0.869000
0.889000
0.642000
0.717000
0.817000
0.895000
0.890000
0.994000
0.965000
0.996000
0.644000
0.910000
0.993000
0.000000
0.626000
0.987000
0.607000
0.990000
0.887000
0.890000
0.996000
0.898000
0.636000
0.957000
0.883000
0.700000
0.963000
0.999000
0.976000
0.893000
0.966000
0.897000
0.996000
0.958000
0.882000
0.664000
0.709000
0.894000
0.706000
0.881000
0.000000
0.000000
0.995000
0.000000
0.000000
0.969000
0.963000
0.895000
0.964000
0.692000
0.971000
0.987000
0.988000
0.623000
0.698000
0.873000
0.898000
0.953000
0.999000
0.984000
0.681000
0.982000
0.962000
0.950000
0.581000
0.958000
0.000000
0.970000
0.993000
0.663000
0.619000
0.000000
0.998000
0.964000
0.868000
0.869000
0.973000
0.959000
0.604000
0.960000
0.889000
