0.999000
0.000000
0.988000
0.990000
0.970000
0.964000
0.681000
0.733000
0.961000
0.990000
0.879000
0.989000
0.655000
0.705000
0.975000
0.885000
0.604000
0.950000
0.984000
0.999000
0.904000
0.676000
0.883000
0.738000
0.596000
0.889000
0.703000
0.972000
0.997000
0.985000
0.752000
0.985000
0.950000
0.689000
0.700000
0.899000
0.887000
0.989000
0.964000
0.890000
0.639000
0.985000
0.987000
0.961000
0.963000
0.606000
0.887000
0.954000
0.997000
0.878000
0.690000
0.249000
0.897000
0.708000
0.890000
0.955000
0.964000
0.905000
0.858000
0.663000
0.966000
0.958000
0.996000
0.962000
0.965000
0.965000
0.903000
0.954000
0.716000
0.000000
0.860000
0.990000
0.676000
0.287000
0.982000
0.669000
0.643000
0.000000
0.884000
0.956000
0.955000
0.670000
0.000000
0.616000
0.878000
0.000000
0.888000
0.617000
0.960000
0.987000
0.000000
0.999000
0.717000
0.691000
0.699000
0.898000
0.958000
0.623000
0.987000
0.646000
0.715000
0.886000
0.624000
0.869000
0.624000
0.952000
0.857000
0.889000
0.997000
0.716000
0.995000
0.993000
0.996000
0.904000
0.959000
0.889000
0.999000
0.683000
0.709000
0.856000
0.852000
0.644000
0.700000
0.834000
0.908000
0.892000
0.990000
0.959000
0.991000
0.645000
0.893000
0.993000
0.000000
0.660000
0.990000
0.603000
0.991000
0.896000
0.888000
0.997000
0.862000
0.637000
0.964000
0.887000
0.698000
0.962000
0.998000
0.987000
0.892000
0.966000
0.906000
0.995000
0.966000
0.888000
0.700000
0.716000
0.898000
0.662000
0.894000
0.000000
0.000000
0.983000
0.000000
0.000000
0.960000
0.966000
0.904000
0.963000
0.677000
0.962000
0.987000
0.982000
0.643000
0.706000
0.891000
0.900000
0.957000
1.000000
0.987000
0.689000
0.979000
0.963000
0.955000
0.587000
0.962000
0.000000
0.951000
0.995000
0.664000
0.629000
0.000000
0.997000
0.967000
0.881000
0.899000
0.963000
0.959000
0.612000
0.958000
0.894000
