0.997000
0.000000
0.985000
0.987000
0.966000
0.960000
0.690000
0.699000
0.959000
0.997000
0.883000
0.987000
0.669000
0.712000
0.967000
0.893000
0.589000
0.963000
0.987000
0.999000
0.904000
0.664000
0.877000
0.680000
0.579000
0.909000
0.724000
0.958000
1.000000
0.986000
0.686000
0.980000
0.953000
0.682000
0.708000
0.909000
0.878000
0.987000
0.967000
0.881000
0.661000
0.987000
0.991000
0.953000
0.963000
0.569000
0.914000
0.959000
0.998000
0.891000
0.654000
0.237000
0.903000
0.693000
0.900000
0.958000
0.963000
0.921000
0.872000
0.703000
0.964000
0.967000
0.998000
0.951000
0.961000
0.967000
0.904000
0.964000
0.714000
0.000000
0.855000
0.984000
0.672000
0.292000
0.987000
0.704000
0.666000
0.000000
0.885000
0.958000
0.960000
0.658000
0.000000
0.627000
0.905000
0.000000
0.890000
0.655000
0.962000
0.990000
0.000000
0.998000
0.713000
0.680000
0.695000
0.887000
0.943000
0.640000
0.994000
0.669000
0.706000
0.872000
0.605000
0.883000
0.597000
0.967000
0.847000
0.874000
0.992000
0.714000
0.998000
0.996000
0.997000
0.891000
0.955000
0.920000
1.000000
0.695000
0.694000
0.870000
0.896000
0.656000
0.693000
0.803000
0.904000
0.888000
0.995000
0.959000
0.994000
0.679000
0.908000
0.995000
0.000000
0.632000
0.981000
0.644000
0.989000
0.908000
0.905000
0.996000
0.881000
0.618000
0.959000
0.898000
0.695000
0.964000
0.998000
0.980000
0.886000
0.970000
0.889000
0.998000
0.969000
0.880000
0.682000
0.704000
0.909000
0.667000
0.880000
0.000000
0.000000
0.986000
0.000000
0.000000
0.969000
0.967000
0.901000
0.956000
0.662000
0.958000
0.989000
0.975000
0.607000
0.687000
0.890000
0.907000
0.963000
0.999000
0.986000
0.698000
0.980000
0.959000
0.952000
0.562000
0.963000
0.000000
0.964000
0.997000
0.650000
0.608000
0.000000
0.996000
0.965000
0.885000
0.886000
0.971000
0.962000
0.607000
0.959000
0.897000
