0.996000
0.000000
0.984000
0.989000
0.964000
0.950000
0.697000
0.711000
0.951000
0.997000
0.895000
0.980000
0.651000
0.704000
0.965000
0.890000
0.619000
0.955000
0.982000
0.998000
0.889000
0.685000
0.893000
0.739000
0.571000
0.904000
0.681000
0.969000
1.000000
0.984000
0.704000
0.984000
0.962000
0.696000
0.698000
0.891000
0.897000
0.992000
0.970000
0.903000
0.655000
0.984000
0.989000
0.972000
0.960000
0.610000
0.891000
0.955000
1.000000
0.895000
0.671000
0.256000
0.883000
0.703000
0.878000
0.969000
0.957000
0.900000
0.870000
0.672000
0.968000
0.956000
0.997000
0.963000
0.964000
0.955000
0.894000
0.964000
0.703000
0.000000
0.848000
0.982000
0.683000
0.268000
0.988000
0.687000
0.652000
0.000000
0.859000
0.957000
0.959000
0.675000
0.000000
0.621000
0.892000
0.000000
0.892000
0.644000
0.965000
0.989000
0.000000
0.999000
0.710000
0.673000
0.702000
0.890000
0.956000
0.655000
0.991000
0.679000
0.700000
0.886000
0.625000
0.860000
0.634000
0.966000
0.833000
0.898000
0.995000
0.708000
0.995000
0.996000
0.998000
0.913000
0.957000
0.886000
0.998000
0.727000
0.695000
0.897000
0.881000
0.674000
0.706000
0.819000
0.869000
0.908000
0.981000
0.953000
0.999000
0.679000
0.884000
0.995000
0.000000
0.637000
0.992000
0.618000
0.989000
0.895000
0.900000
0.996000
0.885000
0.660000
0.978000
0.889000
0.696000
0.962000
0.997000
0.983000
0.908000
0.959000
0.894000
0.996000
0.982000
0.886000
0.694000
0.703000
0.894000
0.677000
0.875000
0.000000
0.000000
0.997000
0.000000
0.000000
0.958000
0.955000
0.888000
0.963000
0.701000
0.971000
0.980000
0.990000
0.589000
0.702000
0.891000
0.891000
0.959000
1.000000
0.989000
0.689000
0.983000
0.960000
0.962000
0.601000
0.962000
0.000000
0.964000
0.996000
0.669000
0.645000
0.000000
0.992000
0.974000
0.908000
0.876000
0.961000
0.964000
0.641000
0.965000
0.879000
