0.993000
0.000000
0.982000
0.985000
0.952000
0.967000
0.682000
0.702000
0.973000
0.991000
0.902000
0.988000
0.690000
0.715000
0.958000
0.891000
0.592000
0.969000
0.989000
1.000000
0.917000
0.675000
0.875000
0.702000
0.587000
0.887000
0.655000
0.969000
0.998000
0.982000
0.715000
0.985000
0.961000
0.674000
0.676000
0.874000
0.893000
0.988000
0.966000
0.875000
0.632000
0.987000
0.989000
0.954000
0.953000
0.563000
0.901000
0.952000
1.000000
0.899000
0.679000
0.251000
0.880000
0.693000
0.886000
0.966000
0.968000
0.898000
0.869000
0.642000
0.962000
0.955000
0.995000
0.968000
0.963000
0.950000
0.884000
0.968000
0.698000
0.000000
0.855000
0.987000
0.677000
0.289000
0.986000
0.686000
0.655000
0.000000
0.891000
0.948000
0.955000
0.687000
0.000000
0.598000
0.884000
0.000000
0.893000
0.625000
0.965000
0.984000
0.000000
1.000000
0.714000
0.669000
0.729000
0.885000
0.955000
0.645000
0.984000
0.644000
0.695000
0.876000
0.604000
0.854000
0.622000
0.952000
0.858000
0.898000
0.996000
0.701000
0.996000
0.997000
0.999000
0.905000
0.967000
0.900000
0.999000
0.706000
0.686000
0.851000
0.863000
0.672000
0.694000
0.819000
0.886000
0.892000
0.981000
0.972000
0.997000
0.665000
0.889000
0.993000
0.000000
0.629000
0.987000
0.612000
0.987000
0.892000
0.907000
0.998000
0.893000
0.632000
0.964000
0.885000
0.687000
0.963000
0.998000
0.979000
0.873000
0.961000
0.901000
0.995000
0.960000
0.874000
0.658000
0.692000
0.891000
0.695000
0.880000
0.000000
0.000000
0.994000
0.000000
0.000000
0.956000
0.971000
0.894000
0.959000
0.683000
0.966000
0.991000
0.987000
0.616000
0.700000
0.908000
0.902000
0.962000
0.998000
0.983000
0.709000
0.979000
0.959000
0.952000
0.563000
0.963000
0.000000
0.965000
0.992000
0.651000
0.635000
0.000000
0.998000
0.950000
0.896000
0.895000
0.960000
0.962000
0.617000
0.957000
0.903000
