0.995000
0.000000
0.993000
0.984000
0.958000
0.973000
0.683000
0.709000
0.968000
0.997000
0.903000
0.980000
0.659000
0.706000
0.969000
0.895000
0.599000
0.965000
0.991000
0.999000
0.875000
0.692000
0.889000
0.699000
0.574000
0.893000
0.697000
0.976000
0.995000
0.990000
0.710000
0.982000
0.962000
0.688000
0.708000
0.889000
0.893000
0.989000
0.965000
0.879000
0.643000
0.985000
0.982000
0.961000
0.968000
0.577000
0.887000
0.969000
0.999000
0.883000
0.663000
0.241000
0.902000
0.693000
0.882000
0.967000
0.959000
0.903000
0.860000
0.634000
0.964000
0.949000
0.997000
0.961000
0.973000
0.961000
0.888000
0.958000
0.748000
0.000000
0.843000
0.980000
0.644000
0.283000
0.986000
0.681000
0.669000
0.000000
0.893000
0.940000
0.957000
0.652000
0.000000
0.591000
0.904000
0.000000
0.886000
0.651000
0.959000
0.989000
0.000000
0.999000
0.716000
0.677000
0.707000
0.885000
0.950000
0.623000
0.993000
0.663000
0.744000
0.882000
0.598000
0.893000
0.645000
0.964000
0.859000
0.891000
0.997000
0.682000
0.995000
0.998000
0.996000
0.894000
0.961000
0.898000
0.999000
0.707000
0.737000
0.880000
0.878000
0.663000
0.709000
0.802000
0.905000
0.892000
0.987000
0.954000
0.996000
0.661000
0.909000
0.998000
0.000000
0.662000
0.987000
0.647000
0.988000
0.897000
0.906000
0.991000
0.893000
0.634000
0.955000
0.888000
0.700000
0.951000
0.996000
0.987000
0.899000
0.964000
0.888000
0.994000
0.967000
0.907000
0.664000
0.685000
0.884000
0.673000
0.888000
0.000000
0.000000
0.985000
0.000000
0.000000
0.958000
0.969000
0.896000
0.964000
0.711000
0.969000
0.991000
0.987000
0.630000
0.694000
0.898000
0.891000
0.932000
1.000000
0.990000
0.699000
0.984000
0.952000
0.949000
0.545000
0.957000
0.000000
0.959000
0.999000
0.666000
0.613000
0.000000
0.994000
0.981000
0.895000
0.896000
0.966000
0.968000
0.603000
0.964000
0.871000
