0.997000
0.000000
0.989000
0.993000
0.965000
0.957000
0.673000
0.719000
0.961000
0.990000
0.894000
0.981000
0.679000
0.689000
0.966000
0.886000
0.617000
0.973000
0.989000
0.997000
0.893000
0.706000
0.888000
0.683000
0.556000
0.884000
0.671000
0.970000
0.998000
0.984000
0.714000
0.979000
0.949000
0.705000
0.672000
0.892000
0.892000
0.983000
0.956000
0.891000
0.642000
0.982000
0.979000
0.967000
0.976000
0.616000
0.907000
0.967000
1.000000
0.888000
0.661000
0.243000
0.897000
0.716000
0.894000
0.966000
0.957000
0.879000
0.873000
0.681000
0.957000
0.964000
0.997000
0.960000
0.963000
0.960000
0.894000
0.965000
0.691000
0.000000
0.872000
0.983000
0.656000
0.294000
0.988000
0.696000
0.642000
0.000000
0.862000
0.953000
0.951000
0.666000
0.000000
0.634000
0.899000
0.000000
0.889000
0.631000
0.961000
0.986000
0.000000
0.999000
0.732000
0.667000
0.702000
0.883000
0.964000
0.645000
0.990000
0.654000
0.687000
0.874000
0.635000
0.888000
0.625000
0.962000
0.852000
0.903000
0.998000
0.683000
0.995000
0.993000
1.000000
0.901000
0.956000
0.901000
1.000000
0.704000
0.722000
0.873000
0.878000
0.645000
0.729000
0.839000
0.886000
0.897000
0.991000
0.963000
0.995000
0.627000
0.898000
0.987000
0.000000
0.659000
0.990000
0.621000
0.992000
0.903000
0.893000
0.996000
0.896000
0.634000
0.976000
0.894000
0.688000
0.955000
0.996000
0.985000
0.889000
0.967000
0.889000
0.994000
0.963000
0.887000
0.652000
0.699000
0.884000
0.693000
0.893000
0.000000
0.000000
0.979000
0.000000
0.000000
0.961000
0.962000
0.890000
0.967000
0.663000
0.955000
0.984000
0.984000
0.626000
0.710000
0.894000
0.897000
0.956000
0.996000
0.991000
0.679000
0.974000
0.963000
0.961000
0.594000
0.962000
0.000000
0.966000
0.997000
0.638000
0.626000
0.000000
0.992000
0.963000
0.875000
0.914000
0.961000
0.954000
0.607000
0.961000
0.891000
