0.996000
0.000000
0.986000
0.985000
0.958000
0.963000
0.679000
0.729000
0.956000
0.995000
0.918000
0.981000
0.642000
0.730000
0.962000
0.890000
0.614000
0.965000
0.991000
1.000000
0.903000
0.692000
0.894000
0.701000
0.577000
0.908000
0.672000
0.965000
0.997000
0.981000
0.714000
0.985000
0.965000
0.699000
0.691000
0.888000
0.899000
0.991000
0.962000
0.894000
0.635000
0.986000
0.988000
0.962000
0.962000
0.582000
0.887000
0.968000
0.999000
0.903000
0.663000
0.241000
0.905000
0.681000
0.866000
0.968000
0.959000
0.914000
0.861000
0.677000
0.965000
0.969000
0.998000
0.961000
0.968000
0.962000
0.904000
0.946000
0.733000
0.000000
0.859000
0.991000
0.656000
0.313000
0.981000
0.710000
0.673000
0.000000
0.882000
0.959000
0.952000
0.652000
0.000000
0.621000
0.898000
0.000000
0.904000
0.620000
0.966000
0.989000
0.000000
1.000000
0.685000
0.641000
0.699000
0.886000
0.951000
0.659000
0.992000
0.677000
0.698000
0.881000
0.601000
0.884000
0.613000
0.963000
0.865000
0.885000
0.996000
0.676000
0.998000
0.997000
1.000000
0.909000
0.953000
0.893000
1.000000
0.689000
0.724000
0.866000
0.873000
0.639000
0.710000
0.805000
0.897000
0.898000
0.986000
0.963000
0.994000
0.646000
0.909000
0.996000
0.000000
0.606000
0.988000
0.617000
0.989000
0.909000
0.899000
0.997000
0.903000
0.642000
0.955000
0.881000
0.703000
0.962000
1.000000
0.990000
0.894000
0.970000
0.901000
0.997000
0.954000
0.896000
0.657000
0.695000
0.888000
0.697000
0.876000
0.000000
0.000000
0.991000
0.000000
0.000000
0.956000
0.952000
0.908000
0.966000
0.699000
0.960000
0.989000
0.989000
0.620000
0.703000
0.894000
0.888000
0.950000
1.000000
0.990000
0.694000
0.985000
0.963000
0.951000
0.573000
0.954000
0.000000
0.957000
0.994000
0.659000
0.622000
0.000000
0.995000
0.957000
0.899000
0.880000
0.957000
0.950000
0.626000
0.967000
0.890000
