0.997000
0.000000
0.988000
0.987000
0.967000
0.965000
0.700000
0.708000
0.958000
0.993000
0.887000
0.981000
0.645000
0.695000
0.966000
0.901000
0.607000
0.962000
0.993000
0.999000
0.893000
0.692000
0.884000
0.686000
0.576000
0.881000
0.666000
0.967000
0.998000
0.985000
0.710000
0.990000
0.955000
0.703000
0.686000
0.888000
0.887000
0.991000
0.965000
0.900000
0.627000
0.988000
0.984000
0.964000
0.961000
0.584000
0.891000
0.968000
0.999000
0.904000
0.645000
0.231000
0.866000
0.688000
0.899000
0.968000
0.970000
0.892000
0.859000
0.658000
0.961000
0.956000
0.999000
0.964000
0.963000
0.961000
0.902000
0.956000
0.710000
0.000000
0.857000
0.991000
0.653000
0.299000
0.982000
0.702000
0.650000
0.000000
0.882000
0.950000
0.953000
0.672000
0.000000
0.620000
0.899000
0.000000
0.900000
0.626000
0.970000
0.985000
0.000000
0.999000
0.689000
0.656000
0.719000
0.871000
0.953000
0.625000
0.988000
0.664000
0.712000
0.860000
0.564000
0.875000
0.625000
0.954000
0.852000
0.886000
0.997000
0.711000
0.996000
0.997000
0.998000
0.912000
0.953000
0.878000
0.999000
0.702000
0.694000
0.881000
0.874000
0.649000
0.704000
0.830000
0.897000
0.883000
0.982000
0.955000
0.998000
0.665000
0.900000
0.997000
0.000000
0.640000
0.986000
0.632000
0.986000
0.887000
0.896000
0.991000
0.884000
0.646000
0.964000
0.871000
0.678000
0.965000
0.998000
0.985000
0.887000
0.975000
0.892000
0.998000
0.976000
0.893000
0.647000
0.701000
0.885000
0.681000
0.893000
0.000000
0.000000
0.993000
0.000000
0.000000
0.958000
0.959000
0.917000
0.967000
0.692000
0.967000
0.989000
0.980000
0.605000
0.712000
0.898000
0.897000
0.959000
0.996000
0.984000
0.697000
0.991000
0.974000
0.947000
0.579000
0.970000
0.000000
0.968000
0.996000
0.684000
0.607000
0.000000
0.994000
0.972000
0.896000
0.888000
0.967000
0.950000
0.620000
0.964000
0.907000
