0.996000
0.000000
0.989000
0.987000
0.971000
0.974000
0.689000
0.713000
0.961000
0.996000
0.883000
0.983000
0.677000
0.709000
0.962000
0.893000
0.626000
0.960000
0.986000
1.000000
0.903000
0.701000
0.880000
0.672000
0.597000
0.906000
0.686000
0.963000
0.996000
0.984000
0.725000
0.982000
0.956000
0.710000
0.719000
0.904000
0.899000
0.985000
0.956000
0.888000
0.653000
0.988000
0.979000
0.964000
0.955000
0.585000
0.901000
0.963000
0.999000
0.887000
0.669000
0.238000
0.901000
0.715000
0.901000
0.964000
0.963000
0.902000
0.871000
0.667000
0.976000
0.967000
0.998000
0.968000
0.965000
0.956000
0.902000
0.968000
0.733000
0.000000
0.860000
0.982000
0.693000
0.288000
0.987000
0.719000
0.679000
0.000000
0.896000
0.959000
0.962000
0.693000
0.000000
0.631000
0.898000
0.000000
0.894000
0.642000
0.960000
0.987000
0.000000
0.999000
0.735000
0.652000
0.696000
0.888000
0.961000
0.645000
0.990000
0.681000
0.716000
0.861000
0.595000
0.885000
0.623000
0.973000
0.852000
0.919000
0.991000
0.677000
0.995000
0.996000
0.998000
0.895000
0.966000
0.889000
0.999000
0.683000
0.684000
0.882000
0.874000
0.680000
0.675000
0.825000
0.901000
0.889000
0.987000
0.965000
0.998000
0.664000
0.904000
0.997000
0.000000
0.639000
0.991000
0.609000
0.986000
0.904000
0.902000
0.995000
0.891000
0.625000
0.973000
0.895000
0.691000
0.959000
0.998000
0.985000
0.906000
0.968000
0.878000
0.996000
0.966000
0.880000
0.661000
0.696000
0.895000
0.672000
0.877000
0.000000
0.000000
0.992000
0.000000
0.000000
0.962000
0.948000
0.899000
0.970000
0.654000
0.955000
0.984000
0.984000
0.619000
0.714000
0.909000
0.896000
0.962000
0.997000
0.983000
0.707000
0.982000
0.961000
0.963000
0.586000
0.965000
0.000000
0.965000
0.997000
0.683000
0.654000
0.000000
0.999000
0.959000
0.882000
0.881000
0.956000
0.953000
0.618000
0.955000
0.902000
