0.993000
0.000000
0.988000
0.986000
0.970000
0.955000
0.694000
0.712000
0.962000
0.993000
0.895000
0.987000
0.637000
0.706000
0.963000
0.889000
0.608000
0.963000
0.989000
0.998000
0.891000
0.667000
0.873000
0.698000
0.604000
0.894000
0.691000
0.966000
0.999000
0.978000
0.716000
0.982000
0.964000
0.720000
0.707000
0.910000
0.888000
0.986000
0.967000
0.895000
0.658000
0.984000
0.989000
0.957000
0.959000
0.591000
0.889000
0.964000
1.000000
0.885000
0.652000
0.245000
0.893000
0.715000
0.882000
0.969000
0.946000
0.893000
0.860000
0.646000
0.969000
0.956000
0.997000
0.972000
0.960000
0.955000
0.909000
0.960000
0.684000
0.000000
0.871000
0.983000
0.659000
0.294000
0.979000
0.690000
0.630000
0.000000
0.870000
0.953000
0.953000
0.667000
0.000000
0.621000
0.887000
0.000000
0.895000
0.632000
0.959000
0.989000
0.000000
0.998000
0.684000
0.660000
0.696000
0.891000
0.956000
0.632000
0.988000
0.677000
0.736000
0.854000
0.599000
0.876000
0.598000
0.965000
0.868000
0.892000
0.997000
0.678000
0.996000
0.998000
0.999000
0.921000
0.953000
0.879000
1.000000
0.685000
0.711000
0.875000
0.867000
0.667000
0.682000
0.808000
0.881000
0.885000
0.989000
0.966000
0.995000
0.690000
0.894000
0.990000
0.000000
0.644000
0.988000
0.638000
0.990000
0.894000
0.881000
0.998000
0.882000
0.676000
0.972000
0.875000
0.681000
0.964000
0.999000
0.990000
0.901000
0.965000
0.888000
0.992000
0.971000
0.891000
0.650000
0.697000
0.903000
0.674000
0.876000
0.000000
0.000000
0.987000
0.000000
0.000000
0.963000
0.967000
0.901000
0.972000
0.674000
0.961000
0.992000
0.994000
0.630000
0.696000
0.905000
0.910000
0.953000
1.000000
0.987000
0.697000
0.985000
0.962000
0.959000
0.603000
0.968000
0.000000
0.963000
0.995000
0.666000
0.630000
0.000000
0.997000
0.956000
0.896000
0.883000
0.956000
0.955000
0.617000
0.968000
0.891000
