0.996000
0.000000
0.978000
0.988000
0.971000
0.971000
0.705000
0.725000
0.958000
0.997000
0.904000
0.987000
0.658000
0.662000
0.956000
0.888000
0.584000
0.967000
0.987000
0.998000
0.892000
0.654000
0.902000
0.694000
0.607000
0.887000
0.701000
0.967000
1.000000
0.988000
0.694000
0.985000
0.969000
0.690000
0.713000
0.909000
0.894000
0.981000
0.964000
0.894000
0.675000
0.982000
0.983000
0.959000
0.953000
0.591000
0.897000
0.965000
1.000000
0.912000
0.655000
0.224000
0.884000
0.723000
0.882000
0.955000
0.967000
0.896000
0.867000
0.674000
0.963000
0.962000
0.997000
0.952000
0.958000
0.967000
0.887000
0.970000
0.704000
0.000000
0.846000
0.982000
0.670000
0.324000
0.981000
0.695000
0.641000
0.000000
0.891000
0.938000
0.955000
0.671000
0.000000
0.611000
0.891000
0.000000
0.908000
0.628000
0.961000
0.990000
0.000000
1.000000
0.692000
0.657000
0.730000
0.884000
0.962000
0.631000
0.989000
0.660000
0.690000
0.877000
0.603000
0.891000
0.621000
0.959000
0.842000
0.896000
0.998000
0.707000
0.996000
0.994000
1.000000
0.892000
0.954000
0.887000
1.000000
0.720000
0.700000
0.873000
0.887000
0.683000
0.712000
0.832000
0.895000
0.887000
0.992000
0.976000
0.993000
0.679000
0.904000
0.997000
0.000000
0.640000
0.985000
0.592000
0.982000
0.907000
0.883000
0.998000
0.892000
0.608000
0.958000
0.860000
0.729000
0.958000
0.999000
0.986000
0.896000
0.962000
0.905000
0.995000
0.965000
0.866000
0.692000
0.714000
0.907000
0.714000
0.899000
0.000000
0.000000
0.987000
0.000000
0.000000
0.965000
0.972000
0.902000
0.972000
0.666000
0.967000
0.982000
0.986000
0.598000
0.697000
0.902000
0.887000
0.958000
1.000000
0.989000
0.708000
0.982000
0.960000
0.948000
0.575000
0.950000
0.000000
0.973000
0.996000
0.667000
0.637000
0.000000
0.994000
0.965000
0.890000
0.873000
0.961000
0.948000
0.617000
0.961000
0.913000
