0.996000
0.000000
0.986000
0.985000
0.956000
0.971000
0.697000
0.689000
0.954000
0.985000
0.908000
0.991000
0.652000
0.703000
0.960000
0.895000
0.578000
0.973000
0.984000
0.995000
0.886000
0.685000
0.887000
0.699000
0.566000
0.865000
0.690000
0.971000
0.999000
0.983000
0.723000
0.983000
0.966000
0.674000
0.726000
0.889000
0.903000
0.988000
0.969000
0.902000
0.627000
0.983000
0.988000
0.964000
0.972000
0.582000
0.873000
0.961000
1.000000
0.903000
0.688000
0.252000
0.891000
0.703000
0.883000
0.955000
0.964000
0.885000
0.876000
0.662000
0.966000
0.962000
0.998000
0.970000
0.969000
0.972000
0.888000
0.959000
0.722000
0.000000
0.835000
0.987000
0.687000
0.283000
0.984000
0.708000
0.643000
0.000000
0.890000
0.947000
0.953000
0.666000
0.000000
0.633000
0.909000
0.000000
0.903000
0.620000
0.965000
0.986000
0.000000
0.999000
0.714000
0.670000
0.712000
0.895000
0.958000
0.640000
0.987000
0.672000
0.731000
0.876000
0.598000
0.878000
0.619000
0.971000
0.852000
0.893000
0.998000
0.706000
0.996000
0.995000
0.999000
0.897000
0.952000
0.894000
0.999000
0.729000
0.719000
0.882000
0.866000
0.654000
0.712000
0.829000
0.894000
0.908000
0.993000
0.963000
0.994000
0.669000
0.902000
0.993000
0.000000
0.634000
0.993000
0.622000
0.983000
0.894000
0.902000
0.996000
0.896000
0.631000
0.968000
0.899000
0.715000
0.959000
0.999000
0.990000
0.890000
0.965000
0.904000
0.996000
0.958000
0.869000
0.651000
0.692000
0.898000
0.714000
0.880000
0.000000
0.000000
0.989000
0.000000
0.000000
0.957000
0.960000
0.896000
0.955000
0.682000
0.965000
0.980000
0.983000
0.626000
0.688000
0.894000
0.898000
0.953000
1.000000
0.987000
0.672000
0.983000
0.959000
0.948000
0.581000
0.944000
0.000000
0.969000
0.991000
0.669000
0.609000
0.000000
0.996000
0.966000
0.882000
0.878000
0.968000
0.964000
0.618000
0.965000
0.886000
