0.996000
0.000000
0.973000
0.981000
0.963000
0.949000
0.677000
0.704000
0.959000
0.990000
0.904000
0.986000
0.692000
0.694000
0.955000
0.887000
0.621000
0.958000
0.987000
0.997000
0.885000
0.708000
0.898000
0.727000
0.626000
0.885000
0.704000
0.969000
0.998000
0.984000
0.721000
0.982000
0.967000
0.687000
0.715000
0.908000
0.902000
0.985000
0.966000
0.903000
0.637000
0.984000
0.985000
0.964000
0.958000
0.575000
0.894000
0.961000
1.000000
0.900000
0.669000
0.227000
0.896000
0.712000
0.895000
0.959000
0.961000
0.907000
0.847000
0.669000
0.958000
0.968000
0.999000
0.966000
0.972000
0.970000
0.873000
0.959000
0.701000
0.000000
0.861000
0.988000
0.681000
0.302000
0.991000
0.698000
0.690000
0.000000
0.904000
0.961000
0.951000
0.671000
0.000000
0.601000
0.872000
0.000000
0.896000
0.643000
0.968000
0.989000
0.000000
1.000000
0.727000
0.667000
0.703000
0.876000
0.956000
0.654000
0.980000
0.647000
0.690000
0.886000
0.612000
0.877000
0.630000
0.957000
0.844000
0.898000
0.991000
0.725000
0.991000
0.997000
0.997000
0.894000
0.944000
0.890000
1.000000
0.717000
0.720000
0.864000
0.872000
0.662000
0.713000
0.811000
0.883000
0.875000
0.984000
0.966000
0.996000
0.677000
0.908000
0.993000
0.000000
0.659000
0.995000
0.620000
0.984000
0.897000
0.892000
0.994000
0.906000
0.651000
0.958000
0.907000
0.684000
0.967000
0.999000
0.980000
0.885000
0.966000
0.881000
0.992000
0.965000
0.888000
0.653000
0.701000
0.885000
0.730000
0.888000
0.000000
0.000000
0.985000
0.000000
0.000000
0.960000
0.960000
0.886000
0.965000
0.695000
0.968000
0.988000
0.989000
0.637000
0.700000
0.888000
0.871000
0.958000
1.000000
0.987000
0.675000
0.980000
0.957000
0.962000
0.607000
0.967000
0.000000
0.975000
0.996000
0.664000
0.636000
0.000000
0.996000
0.962000
0.896000
0.897000
0.962000
0.967000
0.619000
0.968000
0.890000
