0.993000
0.000000
0.988000
0.994000
0.970000
0.967000
0.688000
0.712000
0.962000
0.993000
0.897000
0.985000
0.650000
0.680000
0.969000
0.865000
0.591000
0.972000
0.988000
0.998000
0.901000
0.667000
0.896000
0.709000
0.597000
0.891000
0.713000
0.956000
0.998000
0.982000
0.724000
0.980000
0.963000
0.694000
0.700000
0.898000
0.907000
0.986000
0.957000
0.880000
0.649000
0.989000
0.993000
0.961000
0.963000
0.586000
0.892000
0.963000
1.000000
0.898000
0.659000
0.248000
0.904000
0.723000
0.881000
0.959000
0.953000
0.886000
0.843000
0.681000
0.956000
0.962000
0.996000
0.963000
0.964000
0.961000
0.888000
0.964000
0.725000
0.000000
0.871000
0.986000
0.659000
0.284000
0.990000
0.696000
0.662000
0.000000
0.884000
0.950000
0.969000
0.656000
0.000000
0.605000
0.891000
0.000000
0.882000
0.645000
0.964000
0.984000
0.000000
0.999000
0.702000
0.638000
0.695000
0.874000
0.962000
0.650000
0.989000
0.691000
0.712000
0.889000
0.607000
0.908000
0.619000
0.977000
0.837000
0.889000
0.996000
0.717000
0.997000
0.994000
0.998000
0.884000
0.955000
0.886000
0.999000
0.717000
0.697000
0.870000
0.853000
0.672000
0.706000
0.820000
0.908000
0.896000
0.991000
0.969000
0.994000
0.679000
0.880000
1.000000
0.000000
0.671000
0.986000
0.646000
0.992000
0.884000
0.911000
0.998000
0.908000
0.653000
0.963000
0.894000
0.685000
0.961000
0.999000
0.983000
0.905000
0.971000
0.889000
0.994000
0.960000
0.879000
0.652000
0.704000
0.895000
0.686000
0.873000
0.000000
0.000000
0.986000
0.000000
0.000000
0.963000
0.964000
0.882000
0.961000
0.681000
0.964000
0.978000
0.985000
0.601000
0.693000
0.901000
0.876000
0.959000
1.000000
0.982000
0.668000
0.987000
0.961000
0.961000
0.603000
0.976000
0.000000
0.960000
0.990000
0.650000
0.625000
0.000000
0.997000
0.961000
0.880000
0.883000
0.959000
0.952000
0.627000
0.956000
0.893000
