0.997000
0.000000
0.983000
0.991000
0.955000
0.958000
0.693000
0.704000
0.961000
0.991000
0.877000
0.983000
0.670000
0.700000
0.961000
0.890000
0.582000
0.955000
0.981000
0.999000
0.899000
0.702000
0.891000
0.700000
0.584000
0.883000
0.689000
0.963000
1.000000
0.982000
0.686000
0.979000
0.959000
0.700000
0.709000
0.883000
0.902000
0.991000
0.968000
0.897000
0.650000
0.988000
0.985000
0.972000
0.975000
0.618000
0.888000
0.965000
1.000000
0.881000
0.670000
0.274000
0.864000
0.669000
0.868000
0.951000
0.963000
0.904000
0.889000
0.666000
0.978000
0.962000
0.996000
0.956000
0.966000
0.958000
0.905000
0.952000
0.710000
0.000000
0.841000
0.984000
0.697000
0.299000
0.981000
0.714000
0.684000
0.000000
0.882000
0.952000
0.963000
0.706000
0.000000
0.615000
0.873000
0.000000
0.905000
0.636000
0.946000
0.990000
0.000000
1.000000
0.707000
0.641000
0.682000
0.894000
0.936000
0.676000
0.985000
0.667000
0.725000
0.888000
0.613000
0.894000
0.615000
0.967000
0.850000
0.902000
0.996000
0.687000
0.997000
0.996000
1.000000
0.899000
0.959000
0.904000
1.000000
0.736000
0.715000
0.871000
0.869000
0.683000
0.716000
0.822000
0.908000
0.897000
0.983000
0.973000
0.997000
0.692000
0.907000
0.995000
0.000000
0.646000
0.985000
0.605000
0.982000
0.886000
0.873000
0.993000
0.896000
0.613000
0.956000
0.904000
0.688000
0.971000
1.000000
0.987000
0.890000
0.959000
0.907000
0.995000
0.962000
0.865000
0.646000
0.724000
0.896000
0.676000
0.877000
0.000000
0.000000
0.984000
0.000000
0.000000
0.964000
0.965000
0.898000
0.958000
0.675000
0.958000
0.986000
0.990000
0.612000
0.727000
0.888000
0.881000
0.954000
1.000000
0.991000
0.681000
0.987000
0.966000
0.960000
0.567000
0.955000
0.000000
0.976000
0.993000
0.665000
0.590000
0.000000
0.996000
0.966000
0.894000
0.884000
0.961000
0.960000
0.579000
0.967000
0.898000
