0.995000
0.000000
0.984000
0.986000
0.959000
0.967000
0.692000
0.717000
0.961000
0.990000
0.893000
0.989000
0.668000
0.706000
0.967000
0.880000
0.598000
0.962000
0.993000
0.999000
0.898000
0.700000
0.897000
0.696000
0.563000
0.895000
0.706000
0.960000
1.000000
0.984000
0.716000
0.980000
0.958000
0.673000
0.709000
0.887000
0.889000
0.984000
0.973000
0.890000
0.622000
0.987000
0.987000
0.961000
0.963000
0.624000
0.897000
0.958000
0.999000
0.899000
0.662000
0.237000
0.877000
0.691000
0.913000
0.965000
0.962000
0.896000
0.866000
0.672000
0.974000
0.955000
0.997000
0.955000
0.971000
0.958000
0.902000
0.972000
0.689000
0.000000
0.855000
0.987000
0.642000
0.292000
0.990000
0.705000
0.651000
0.000000
0.895000
0.954000
0.952000
0.672000
0.000000
0.614000
0.897000
0.000000
0.907000
0.614000
0.968000
0.991000
0.000000
0.999000
0.694000
0.655000
0.686000
0.885000
0.942000
0.648000
0.990000
0.648000
0.710000
0.877000
0.604000
0.899000
0.614000
0.960000
0.857000
0.899000
0.996000
0.703000
0.994000
0.998000
0.998000
0.899000
0.962000
0.895000
1.000000
0.714000
0.701000
0.872000
0.866000
0.657000
0.711000
0.813000
0.889000
0.896000
0.985000
0.953000
0.994000
0.684000
0.880000
0.995000
0.000000
0.621000
0.986000
0.624000
0.988000
0.898000
0.908000
0.993000
0.889000
0.643000
0.964000
0.879000
0.703000
0.963000
0.999000
0.975000
0.884000
0.954000
0.888000
0.995000
0.964000
0.877000
0.642000
0.660000
0.880000
0.694000
0.895000
0.000000
0.000000
0.984000
0.000000
0.000000
0.967000
0.960000
0.905000
0.956000
0.676000
0.976000
0.989000
0.983000
0.600000
0.699000
0.901000
0.885000
0.964000
0.998000
0.992000
0.682000
0.971000
0.960000
0.950000
0.605000
0.955000
0.000000
0.970000
0.998000
0.630000
0.642000
0.000000
0.996000
0.962000
0.890000
0.874000
0.966000
0.955000
0.629000
0.963000
0.893000
