0.992000
0.000000
0.989000
0.986000
0.969000
0.972000
0.708000
0.710000
0.961000
0.993000
0.892000
0.976000
0.688000
0.686000
0.956000
0.907000
0.606000
0.954000
0.986000
0.995000
0.897000
0.677000
0.893000
0.694000
0.587000
0.902000
0.683000
0.960000
0.999000
0.987000
0.706000
0.983000
0.953000
0.697000
0.705000
0.900000
0.901000
0.983000
0.965000
0.876000
0.649000
0.992000
0.990000
0.945000
0.960000
0.586000
0.905000
0.965000
1.000000
0.897000
0.659000
0.220000
0.909000
0.724000
0.886000
0.954000
0.964000
0.889000
0.870000
0.672000
0.964000
0.958000
0.999000
0.969000
0.958000
0.961000
0.865000
0.950000
0.702000
0.000000
0.852000
0.984000
0.665000
0.246000
0.985000
0.716000
0.636000
0.000000
0.896000
0.961000
0.952000
0.681000
0.000000
0.618000
0.897000
0.000000
0.889000
0.632000
0.966000
0.977000
0.000000
0.997000
0.708000
0.674000
0.708000
0.868000
0.952000
0.658000
0.979000
0.673000
0.711000
0.876000
0.604000
0.884000
0.619000
0.964000
0.839000
0.890000
0.997000
0.667000
0.990000
0.996000
0.997000
0.882000
0.965000
0.872000
0.999000
0.702000
0.725000
0.884000
0.858000
0.658000
0.684000
0.818000
0.895000
0.890000
0.983000
0.953000
0.998000
0.666000
0.896000
0.997000
0.000000
0.646000
0.993000
0.605000
0.991000
0.887000
0.901000
0.995000
0.903000
0.628000
0.963000
0.908000
0.692000
0.962000
0.997000
0.992000
0.911000
0.965000
0.883000
0.997000
0.958000
0.876000
0.665000
0.712000
0.886000
0.697000
0.904000
0.000000
0.000000
0.986000
0.000000
0.000000
0.974000
0.953000
0.900000
0.959000
0.688000
0.955000
0.984000
0.987000
0.622000
0.684000
0.903000
0.892000
0.958000
0.999000
0.986000
0.692000
0.975000
0.957000
0.944000
0.598000
0.967000
0.000000
0.965000
0.999000
0.668000
0.596000
0.000000
0.998000
0.967000
0.875000
0.879000
0.953000
0.948000
0.608000
0.965000
0.893000
