0.997000
0.000000
0.992000
0.991000
0.965000
0.969000
0.679000
0.694000
0.952000
0.989000
0.902000
0.985000
0.644000
0.701000
0.957000
0.907000
0.620000
0.966000
0.985000
1.000000
0.903000
0.667000
0.888000
0.677000
0.600000
0.897000
0.687000
0.961000
0.995000
0.987000
0.691000
0.982000
0.964000
0.697000
0.702000
0.898000
0.908000
0.990000
0.966000
0.883000
0.644000
0.990000
0.985000
0.971000
0.976000
0.579000
0.900000
0.959000
1.000000
0.892000
0.687000
0.244000
0.885000
0.712000
0.880000
0.965000
0.955000
0.890000
0.862000
0.658000
0.967000
0.963000
0.996000
0.966000
0.950000
0.963000
0.908000
0.960000
0.699000
0.000000
0.848000
0.988000
0.684000
0.273000
0.988000
0.706000
0.666000
0.000000
0.887000
0.950000
0.964000
0.687000
0.000000
0.597000
0.898000
0.000000
0.883000
0.629000
0.956000
0.983000
0.000000
0.998000
0.703000
0.652000
0.706000
0.892000
0.957000
0.636000
0.984000
0.655000
0.710000
0.875000
0.610000
0.857000
0.604000
0.959000
0.866000
0.907000
0.994000
0.710000
0.993000
0.994000
0.999000
0.908000
0.961000
0.875000
1.000000
0.712000
0.701000
0.881000
0.868000
0.654000
0.719000
0.831000
0.901000
0.874000
0.989000
0.969000
0.996000
0.663000
0.892000
0.996000
0.000000
0.600000
0.983000
0.629000
0.988000
0.890000
0.901000
0.995000
0.913000
0.631000
0.959000
0.881000
0.694000
0.951000
0.998000
0.983000
0.905000
0.954000
0.893000
0.996000
0.971000
0.898000
0.654000
0.704000
0.888000
0.701000
0.894000
0.000000
0.000000
0.990000
0.000000
0.000000
0.946000
0.971000
0.900000
0.966000
0.706000
0.958000
0.978000
0.986000
0.632000
0.696000
0.887000
0.895000
0.960000
0.999000
0.986000
0.705000
0.986000
0.959000
0.966000
0.571000
0.962000
0.000000
0.969000
0.998000
0.664000
0.611000
0.000000
0.995000
0.967000
0.900000
0.867000
0.975000
0.954000
0.616000
0.966000
0.888000
