0.995000
0.000000
0.983000
0.992000
0.951000
0.968000
0.702000
0.721000
0.957000
0.997000
0.910000
0.990000
0.656000
0.706000
0.972000
0.891000
0.596000
0.962000
0.986000
0.997000
0.871000
0.704000
0.887000
0.681000
0.554000
0.879000
0.684000
0.951000
0.998000
0.986000
0.697000
0.990000
0.963000
0.688000
0.681000
0.882000
0.905000
0.986000
0.953000
0.882000
0.637000
0.984000
0.987000
0.977000
0.966000
0.573000
0.877000
0.961000
1.000000
0.899000
0.644000
0.256000
0.906000
0.703000
0.879000
0.968000
0.964000
0.905000
0.864000
0.645000
0.956000
0.953000
0.999000
0.970000
0.960000
0.955000
0.896000
0.950000
0.708000
0.000000
0.850000
0.987000
0.671000
0.307000
0.979000
0.699000
0.684000
0.000000
0.887000
0.957000
0.972000
0.695000
0.000000
0.615000
0.882000
0.000000
0.907000
0.626000
0.971000
0.987000
0.000000
0.997000
0.711000
0.643000
0.713000
0.895000
0.955000
0.654000
0.985000
0.673000
0.731000
0.884000
0.599000
0.861000
0.604000
0.962000
0.865000
0.896000
0.997000
0.702000
0.993000
0.996000
1.000000
0.896000
0.957000
0.902000
0.999000
0.718000
0.702000
0.856000
0.866000
0.654000
0.691000
0.848000
0.899000
0.869000
0.986000
0.970000
0.996000
0.687000
0.903000
0.992000
0.000000
0.622000
0.982000
0.594000
0.981000
0.919000
0.908000
0.995000
0.891000
0.627000
0.956000
0.885000
0.664000
0.955000
0.997000
0.985000
0.898000
0.960000
0.893000
0.996000
0.968000
0.879000
0.673000
0.704000
0.912000
0.672000
0.887000
0.000000
0.000000
0.980000
0.000000
0.000000
0.953000
0.962000
0.885000
0.957000
0.657000
0.955000
0.985000
0.992000
0.605000
0.707000
0.908000
0.890000
0.951000
0.999000
0.991000
0.695000
0.988000
0.964000
0.943000
0.564000
0.956000
0.000000
0.963000
0.991000
0.668000
0.639000
0.000000
0.993000
0.971000
0.880000
0.892000
0.963000
0.964000
0.636000
0.958000
0.895000
