0.994000
0.000000
0.979000
0.986000
0.969000
0.956000
0.699000
0.722000
0.961000
0.996000
0.889000
0.988000
0.643000
0.721000
0.964000
0.898000
0.581000
0.958000
0.984000
0.998000
0.907000
0.705000
0.886000
0.699000
0.557000
0.889000
0.705000
0.956000
1.000000
0.983000
0.698000
0.978000
0.960000
0.693000
0.705000
0.896000
0.883000
0.986000
0.963000
0.898000
0.649000
0.987000
0.980000
0.956000
0.964000
0.597000
0.881000
0.965000
1.000000
0.870000
0.692000
0.244000
0.892000
0.706000
0.882000
0.960000
0.964000
0.890000
0.868000
0.638000
0.966000
0.955000
0.999000
0.954000
0.968000
0.959000
0.871000
0.955000
0.680000
0.000000
0.853000
0.983000
0.681000
0.274000
0.977000
0.695000
0.677000
0.000000
0.867000
0.937000
0.951000
0.657000
0.000000
0.612000
0.881000
0.000000
0.902000
0.606000
0.965000
0.993000
0.000000
0.996000
0.723000
0.654000
0.700000
0.893000
0.964000
0.655000
0.993000
0.673000
0.701000
0.877000
0.571000
0.866000
0.646000
0.964000
0.855000
0.895000
0.997000
0.690000
0.993000
0.994000
0.999000
0.885000
0.964000
0.893000
0.999000
0.703000
0.696000
0.861000
0.870000
0.673000
0.692000
0.843000
0.919000
0.887000
0.990000
0.954000
0.989000
0.661000
0.899000
0.995000
0.000000
0.618000
0.986000
0.630000
0.987000
0.881000
0.894000
0.991000
0.886000
0.622000
0.976000
0.894000
0.675000
0.958000
0.999000
0.984000
0.904000
0.963000
0.895000
0.996000
0.967000
0.890000
0.662000
0.673000
0.888000
0.683000
0.892000
0.000000
0.000000
0.989000
0.000000
0.000000
0.962000
0.954000
0.891000
0.972000
0.695000
0.961000
0.990000
0.980000
0.629000
0.694000
0.892000
0.890000
0.953000
1.000000
0.986000
0.710000
0.987000
0.960000
0.958000
0.596000
0.965000
0.000000
0.962000
0.996000
0.659000
0.591000
0.000000
0.993000
0.962000
0.905000
0.899000
0.956000
0.955000
0.592000
0.973000
0.894000
