0.995000
0.000000
0.987000
0.989000
0.965000
0.969000
0.697000
0.722000
0.965000
0.996000
0.901000
0.985000
0.670000
0.721000
0.966000
0.884000
0.601000
0.968000
0.983000
1.000000
0.920000
0.673000
0.897000
0.716000
0.604000
0.882000
0.667000
0.965000
0.997000
0.980000
0.713000
0.983000
0.963000
0.704000
0.713000
0.893000
0.887000
0.989000
0.964000
0.876000
0.637000
0.984000
0.988000
0.968000
0.967000
0.568000
0.896000
0.962000
0.999000
0.901000
0.676000
0.261000
0.879000
0.678000
0.896000
0.960000
0.972000
0.912000
0.861000
0.676000
0.968000
0.955000
1.000000
0.961000
0.968000
0.962000
0.892000
0.962000
0.701000
0.000000
0.840000
0.985000
0.654000
0.289000
0.989000
0.706000
0.669000
0.000000
0.877000
0.952000
0.960000
0.663000
0.000000
0.628000
0.887000
0.000000
0.907000
0.632000
0.953000
0.990000
0.000000
1.000000
0.692000
0.652000
0.695000
0.890000
0.952000
0.659000
0.992000
0.659000
0.707000
0.866000
0.593000
0.902000
0.609000
0.961000
0.856000
0.887000
0.996000
0.693000
0.996000
0.994000
0.999000
0.878000
0.960000
0.906000
1.000000
0.699000
0.722000
0.874000
0.881000
0.654000
0.693000
0.832000
0.890000
0.888000
0.991000
0.955000
0.990000
0.664000
0.900000
0.996000
0.000000
0.663000
0.990000
0.618000
0.991000
0.898000
0.887000
0.995000
0.902000
0.639000
0.967000
0.886000
0.684000
0.956000
0.999000
0.988000
0.910000
0.973000
0.901000
0.993000
0.968000
0.888000
0.646000
0.687000
0.901000
0.698000
0.905000
0.000000
0.000000
0.988000
0.000000
0.000000
0.956000
0.970000
0.891000
0.965000
0.698000
0.965000
0.988000
0.987000
0.652000
0.719000
0.881000
0.916000
0.959000
1.000000
0.986000
0.702000
0.982000
0.967000
0.960000
0.578000
0.963000
0.000000
0.965000
0.997000
0.668000
0.641000
0.000000
0.995000
0.966000
0.915000
0.882000
0.962000
0.955000
0.631000
0.968000
0.883000
