0.965560
0.608485
0.964820
0.965830
0.964520
0.965340
0.939670
0.963220
0.965425
0.965490
0.965320
0.964580
0.920150
0.954685
0.964485
0.964395
0.848050
0.964955
0.965115
0.965255
0.956690
0.925375
0.958080
0.954775
0.818895
0.961845
0.917555
0.964575
0.964950
0.965015
0.958135
0.965200
0.962805
0.926950
0.956720
0.966060
0.962240
0.965595
0.965935
0.960545
0.916495
0.965665
0.965430
0.965900
0.958820
0.834655
0.960465
0.963535
0.965000
0.961200
0.905775
0.804540
0.961985
0.953185
0.958670
0.965330
0.961160
0.960870
0.948420
0.937240
0.965065
0.963945
0.965000
0.965560
0.965470
0.964410
0.963300
0.963790
0.957940
0.592880
0.903830
0.965880
0.876465
0.963995
0.965565
0.954870
0.926950
0.824465
0.947995
0.949670
0.956230
0.874250
0.659470
0.830275
0.962205
0.643290
0.957230
0.852935
0.964580
0.964635
0.724240
0.965730
0.960780
0.917390
0.959375
0.955380
0.965930
0.872610
0.966160
0.923785
0.966375
0.929200
0.857070
0.950060
0.875665
0.959405
0.924760
0.954780
0.965670
0.947480
0.965105
0.965120
0.966005
0.963960
0.962395
0.955055
0.965760
0.964245
0.959475
0.955585
0.916125
0.920235
0.957520
0.893320
0.961770
0.964275
0.964760
0.964815
0.965285
0.914010
0.963250
0.964810
0.799315
0.906120
0.966370
0.914205
0.966035
0.958390
0.950885
0.964750
0.959160
0.865720
0.965045
0.965430
0.946875
0.964485
0.966420
0.964510
0.953735
0.957720
0.965055
0.965670
0.958825
0.953540
0.912360
0.938400
0.957500
0.934780
0.951530
0.949265
0.767770
0.965200
0.830415
0.790125
0.960825
0.962120
0.965445
0.958490
0.925575
0.965425
0.963465
0.962950
0.872990
0.951905
0.956430
0.962410
0.965270
0.964885
0.962830
0.939410
0.965990
0.963900
0.965545
0.797710
0.960540
0.627385
0.965630
0.966085
0.955105
0.843690
0.598485
0.965465
0.963500
0.939380
0.965290
0.965255
0.964145
0.871485
0.964050
0.956470
