0.965245
0.630810
0.965115
0.964630
0.961170
0.965430
0.932245
0.965425
0.965735
0.963410
0.965110
0.964675
0.920850
0.952950
0.965325
0.962565
0.824950
0.964475
0.964555
0.964570
0.954525
0.920910
0.962805
0.952955
0.820370
0.958620
0.930680
0.965740
0.965915
0.965090
0.964755
0.963570
0.959710
0.926005
0.950515
0.965240
0.962795
0.966085
0.965415
0.961440
0.915710
0.965110
0.965005
0.965385
0.961900
0.833160
0.954940
0.963380
0.965075
0.958235
0.904190
0.772565
0.963040
0.944365
0.951090
0.965220
0.965035
0.963695
0.950100
0.920825
0.965095
0.965445
0.965075
0.965095
0.966325
0.962350
0.965565
0.963450
0.956720
0.557215
0.916045
0.964440
0.892970
0.965210
0.965125
0.947675
0.921865
0.808515
0.945865
0.961845
0.961025
0.877330
0.686300
0.843370
0.963445
0.654820
0.952505
0.840745
0.965585
0.963550
0.725650
0.966205
0.963265
0.907635
0.961960
0.953570
0.965230
0.861230
0.965005
0.921675
0.965440
0.936815
0.854215
0.950680
0.871850
0.961930
0.918685
0.954890
0.965070
0.950770
0.965975
0.966110
0.965410
0.960340
0.963295
0.957955
0.964870
0.965825
0.961200
0.958575
0.927480
0.914735
0.953720
0.897245
0.960260
0.957030
0.965835
0.966115
0.964970
0.929255
0.960225
0.964490
0.802135
0.903220
0.965685
0.905070
0.965045
0.960125
0.953580
0.966210
0.959670
0.874310
0.965775
0.964435
0.939315
0.966030
0.965485
0.965590
0.958005
0.959620
0.965335
0.965215
0.964705
0.960835
0.911230
0.932570
0.951940
0.939610
0.961225
0.949815
0.763170
0.965455
0.801495
0.780430
0.955700
0.962320
0.963955
0.961205
0.939455
0.965550
0.965390
0.965525
0.890405
0.955155
0.959230
0.961395
0.960765
0.965040
0.966245
0.935960
0.964370
0.964140
0.964050
0.829030
0.961025
0.650200
0.965200
0.965885
0.948160
0.858025
0.602665
0.966005
0.965030
0.947290
0.965325
0.966040
0.965100
0.860060
0.964060
0.954445
