0.965685
0.563945
0.964805
0.965650
0.964175
0.965935
0.933555
0.962545
0.965515
0.965825
0.965305
0.965250
0.922205
0.954295
0.965545
0.962620
0.844555
0.965160
0.966675
0.965960
0.953360
0.908535
0.955265
0.943200
0.811470
0.958000
0.925165
0.964945
0.965990
0.966340
0.958625
0.962940
0.959165
0.940335
0.954475
0.965610
0.964950
0.965340
0.965845
0.960845
0.915755
0.965785
0.965070
0.966160
0.962645
0.835955
0.953480
0.964070
0.965185
0.963990
0.904910
0.785130
0.962830
0.947380
0.957195
0.965450
0.963460
0.958525
0.961150
0.930085
0.965695
0.963325
0.965590
0.965445
0.966005
0.962420
0.965520
0.964315
0.948585
0.577405
0.911625
0.965805
0.878260
0.966200
0.965070
0.948085
0.919595
0.829115
0.943740
0.956810
0.958825
0.887845
0.650955
0.824515
0.961945
0.616880
0.957720
0.867010
0.965900
0.964665
0.752640
0.966535
0.963435
0.906345
0.961610
0.952630
0.965320
0.852625
0.964395
0.908355
0.966230
0.933025
0.858680
0.958925
0.888680
0.964205
0.921755
0.954270
0.965830
0.948455
0.965185
0.966025
0.965325
0.963135
0.962975
0.955940
0.966135
0.963130
0.961590
0.954205
0.913350
0.922960
0.955200
0.900100
0.961195
0.961830
0.966190
0.964840
0.966050
0.928505
0.959185
0.966025
0.828680
0.915025
0.965405
0.898800
0.965680
0.964190
0.946300
0.964905
0.958420
0.865180
0.965075
0.965660
0.939170
0.964770
0.965060
0.963995
0.954360
0.964460
0.966170
0.965840
0.964510
0.960400
0.923855
0.935835
0.959420
0.948565
0.959915
0.950440
0.756385
0.964915
0.786690
0.788025
0.958965
0.964565
0.965825
0.960520
0.919665
0.962810
0.965260
0.965460
0.868555
0.955100
0.954730
0.963285
0.956465
0.965910
0.965640
0.931935
0.965200
0.963975
0.965255
0.834520
0.960480
0.612765
0.964715
0.964795
0.957680
0.854965
0.625075
0.965835
0.960140
0.944840
0.964535
0.965475
0.965555
0.867110
0.964035
0.957075
