0.965200
0.636060
0.965100
0.965390
0.962025
0.966560
0.946160
0.963870
0.965025
0.965165
0.964735
0.966045
0.899565
0.951855
0.965595
0.961710
0.816950
0.965515
0.965230
0.965765
0.958725
0.911470
0.960705
0.944310
0.819510
0.959445
0.922935
0.965245
0.964935
0.965405
0.959765
0.964210
0.961470
0.936850
0.954745
0.964795
0.963885
0.965555
0.964555
0.961825
0.905860
0.965150
0.965955
0.965255
0.960525
0.842235
0.953425
0.960545
0.964805
0.962350
0.893615
0.782230
0.964010
0.949935
0.952600
0.965490
0.962860
0.961090
0.947360
0.932710
0.965270
0.964965
0.965430
0.965435
0.965380
0.964190
0.965190
0.961475
0.956220
0.556405
0.915795
0.965965
0.871835
0.964195
0.965265
0.943030
0.930635
0.823425
0.952125
0.947020
0.959470
0.892525
0.634000
0.848250
0.963340
0.649515
0.956755
0.852890
0.965430
0.965415
0.748820
0.965900
0.960560
0.912830
0.962920
0.957655
0.965445
0.870465
0.965440
0.908465
0.965755
0.932550
0.852180
0.953920
0.898300
0.961535
0.915825
0.956050
0.965105
0.942395
0.965625
0.966310
0.965650
0.954575
0.961735
0.951785
0.965220
0.965250
0.958375
0.957235
0.921815
0.913150
0.953620
0.901190
0.958190
0.962000
0.965125
0.966285
0.965690
0.929970
0.958900
0.965725
0.812905
0.903980
0.965910
0.903590
0.965725
0.962480
0.953270
0.965255
0.963505
0.876325
0.962365
0.963235
0.939275
0.963745
0.965240
0.964855
0.959905
0.962660
0.966050
0.965900
0.962265
0.956885
0.898965
0.940915
0.957440
0.942760
0.961715
0.948400
0.736380
0.965275
0.794975
0.780750
0.961970
0.963090
0.964320
0.958865
0.927210
0.965845
0.964610
0.965605
0.882915
0.960090
0.952635
0.962695
0.958635
0.965100
0.963300
0.932150
0.963100
0.964445
0.965015
0.818315
0.956510
0.626770
0.965275
0.964630
0.956270
0.841610
0.664475
0.965625
0.962035
0.943055
0.964455
0.966095
0.964335
0.872190
0.960420
0.955255
