0.965635
0.609465
0.966125
0.965895
0.959830
0.965250
0.940430
0.961080
0.965945
0.965145
0.965145
0.964465
0.901060
0.956265
0.965775
0.962695
0.835795
0.965390
0.965795
0.966465
0.956600
0.914755
0.959795
0.946810
0.812070
0.957610
0.926530
0.964985
0.964625
0.965590
0.963290
0.962410
0.963715
0.946435
0.955115
0.965285
0.962130
0.964960
0.965620
0.961660
0.904875
0.964685
0.965930
0.965430
0.960820
0.854820
0.959240
0.964755
0.965380
0.962055
0.892905
0.791050
0.957165
0.947575
0.955615
0.965625
0.961695
0.958380
0.941175
0.922615
0.964830
0.964950
0.965125
0.966295
0.965130
0.963580
0.964600
0.963845
0.951295
0.592250
0.917625
0.965575
0.869020
0.964145
0.965020
0.945505
0.914500
0.819075
0.939500
0.959465
0.961185
0.888770
0.670935
0.847495
0.963905
0.656525
0.951750
0.861005
0.965230
0.963920
0.731315
0.966145
0.962660
0.911605
0.962440
0.955055
0.965640
0.855125
0.964490
0.915635
0.965750
0.930700
0.853035
0.955075
0.897275
0.963820
0.921495
0.956390
0.965200
0.951120
0.965845
0.964980
0.965040
0.958590
0.959020
0.952915
0.964380
0.965120
0.963245
0.955565
0.920385
0.921780
0.955560
0.886825
0.959180
0.960035
0.966025
0.965160
0.965370
0.930410
0.961295
0.964990
0.817195
0.897455
0.965630
0.914050
0.964865
0.959760
0.943140
0.963865
0.959040
0.868255
0.964795
0.963600
0.940070
0.962975
0.964920
0.965705
0.954100
0.963250
0.965725
0.965170
0.960350
0.962530
0.903130
0.935360
0.956460
0.938510
0.950780
0.955270
0.747690
0.964675
0.811935
0.787815
0.961520
0.961750
0.966015
0.959640
0.930000
0.965095
0.965565
0.965460
0.891495
0.955365
0.957540
0.963825
0.957305
0.965355
0.964975
0.934895
0.964980
0.965160
0.963565
0.817310
0.960110
0.642380
0.965535
0.965810
0.960295
0.857635
0.646950
0.965075
0.965130
0.944670
0.965235
0.966410
0.965765
0.859365
0.964160
0.955060
