0.965110
0.650710
0.965415
0.965545
0.964475
0.965385
0.940715
0.962545
0.965155
0.964680
0.965580
0.965635
0.904755
0.953365
0.966110
0.963455
0.840745
0.965600
0.964120
0.965135
0.956215
0.909995
0.962430
0.954080
0.828965
0.960910
0.930425
0.965410
0.964720
0.964915
0.962700
0.962520
0.963310
0.935365
0.958900
0.965660
0.964505
0.964835
0.965530
0.962030
0.903180
0.965065
0.966290
0.965605
0.958580
0.827745
0.959350
0.965325
0.964935
0.963995
0.919635
0.764695
0.959845
0.947045
0.951940
0.965815
0.963955
0.956405
0.947145
0.920100
0.965375
0.963360
0.964640
0.965935
0.965205
0.963585
0.964255
0.958360
0.957315
0.577775
0.904375
0.965600
0.876715
0.966050
0.964765
0.949300
0.918385
0.804905
0.943925
0.955575
0.959505
0.880175
0.634440
0.852280
0.965145
0.638755
0.954090
0.866315
0.966005
0.963350
0.732440
0.965540
0.962170
0.904545
0.960640
0.961570
0.965970
0.852075
0.965910
0.918680
0.966720
0.938235
0.852065
0.953485
0.896185
0.961440
0.920665
0.952845
0.965155
0.944625
0.965550
0.964805
0.966445
0.961995
0.961615
0.957960
0.965735
0.962230
0.962290
0.962865
0.928630
0.916840
0.949800
0.903955
0.961275
0.961950
0.964655
0.965360
0.965780
0.915535
0.960495
0.966115
0.809300
0.916370
0.965425
0.903600
0.964345
0.963145
0.944425
0.965370
0.953905
0.844025
0.963560
0.963730
0.941650
0.963935
0.964170
0.965010
0.955485
0.962650
0.964955
0.965760
0.962110
0.957425
0.912160
0.947965
0.954530
0.945960
0.960900
0.952905
0.744000
0.965080
0.817305
0.770070
0.959045
0.960345
0.965170
0.961670
0.929705
0.964860
0.964310
0.965435
0.874130
0.959180
0.954695
0.961315
0.961950
0.965000
0.965835
0.934715
0.965150
0.965100
0.965160
0.836485
0.959995
0.639165
0.962345
0.966195
0.953740
0.854465
0.630175
0.965150
0.965370
0.937965
0.965725
0.965370
0.965325
0.882100
0.964465
0.959350
