0.965640
0.607745
0.965690
0.966140
0.964350
0.965065
0.936385
0.963830
0.965835
0.965845
0.965815
0.965740
0.922510
0.954305
0.965890
0.961900
0.830090
0.965070
0.965575
0.964960
0.959970
0.919205
0.960565
0.951090
0.821750
0.963480
0.926565
0.965480
0.965200
0.965120
0.965345
0.962810
0.963035
0.933015
0.956805
0.965755
0.962280
0.965930
0.966130
0.964400
0.920720
0.965610
0.963035
0.964180
0.959890
0.836385
0.953460
0.965045
0.965005
0.961305
0.900010
0.794415
0.957260
0.942215
0.955200
0.966195
0.964085
0.962015
0.948425
0.918485
0.964440
0.965310
0.965355
0.966030
0.965740
0.963770
0.963060
0.964710
0.951445
0.582115
0.901490
0.966080
0.892525
0.964865
0.966050
0.954490
0.928925
0.804265
0.946975
0.959530
0.962555
0.888795
0.688025
0.824460
0.961090
0.651725
0.955100
0.839000
0.964040
0.965205
0.732850
0.966360
0.957520
0.917935
0.963295
0.956570
0.964815
0.854270
0.965455
0.917440
0.965585
0.932865
0.860685
0.949980
0.887565
0.963405
0.924280
0.953810
0.965730
0.950120
0.964595
0.964880
0.964965
0.959905
0.959425
0.959120
0.965320
0.965650
0.963625
0.955650
0.924870
0.919120
0.951655
0.896195
0.961025
0.960265
0.965115
0.964815
0.965580
0.934765
0.958155
0.965635
0.811885
0.917160
0.965875
0.893885
0.965845
0.964655
0.952255
0.965120
0.958360
0.860890
0.965980
0.961725
0.937150
0.965255
0.965015
0.964525
0.955390
0.966355
0.965240
0.965590
0.964710
0.957870
0.921525
0.933735
0.952965
0.941725
0.957675
0.953165
0.760160
0.966175
0.802275
0.766960
0.957635
0.964375
0.964400
0.957225
0.936595
0.965775
0.966070
0.964045
0.861020
0.951150
0.951155
0.963270
0.960115
0.965355
0.965545
0.931440
0.962285
0.963475
0.965120
0.833585
0.959035
0.617800
0.965345
0.965375
0.946760
0.857610
0.628515
0.966040
0.965320
0.947005
0.966065
0.965465
0.965740
0.868960
0.964260
0.957940
