0.965400
0.643530
0.964965
0.965100
0.964645
0.965715
0.932145
0.963555
0.965800
0.966105
0.965535
0.964835
0.917220
0.955475
0.964855
0.964540
0.825030
0.965715
0.965710
0.965755
0.961275
0.904615
0.960315
0.954440
0.816625
0.961090
0.918455
0.963540
0.964440
0.965060
0.963320
0.957230
0.961170
0.944515
0.957430
0.964645
0.963670
0.965455
0.965320
0.964480
0.912425
0.965975
0.963560
0.965625
0.961560
0.838910
0.950340
0.963260
0.965800
0.961730
0.908990
0.791095
0.959240
0.953835
0.957640
0.966345
0.962210
0.961445
0.953345
0.927150
0.965605
0.964305
0.966110
0.965400
0.966575
0.964030
0.964435
0.961160
0.959095
0.578545
0.910505
0.965245
0.872560
0.964530
0.965360
0.940650
0.921035
0.797640
0.945700
0.960645
0.952325
0.894505
0.663670
0.831425
0.960850
0.623125
0.957185
0.858315
0.964800
0.963480
0.729325
0.964585
0.963980
0.919935
0.962005
0.950120
0.964705
0.871805
0.964890
0.916410
0.966495
0.935205
0.859780
0.955590
0.889115
0.962550
0.918885
0.951585
0.965405
0.949645
0.966220
0.964910
0.966230
0.962085
0.961965
0.959215
0.964855
0.962795
0.964380
0.953945
0.923955
0.932635
0.954285
0.908815
0.957060
0.964315
0.964375
0.965300
0.965875
0.929985
0.962830
0.964940
0.809730
0.899860
0.964770
0.908410
0.964270
0.960275
0.947470
0.965830
0.957905
0.868745
0.965365
0.964080
0.934650
0.962665
0.965035
0.964740
0.961165
0.961880
0.965215
0.965630
0.964265
0.957165
0.911840
0.936235
0.960430
0.936990
0.957785
0.949885
0.771170
0.965395
0.811985
0.784350
0.959310
0.960980
0.963845
0.962695
0.931705
0.964845
0.965225
0.965650
0.875425
0.957355
0.951725
0.963420
0.955310
0.964970
0.962045
0.935880
0.965345
0.965275
0.965935
0.802125
0.957250
0.663380
0.965615
0.965370
0.954090
0.857835
0.620715
0.964775
0.964890
0.952930
0.965860
0.965605
0.963870
0.878495
0.962160
0.960150
