0.964490
0.622365
0.965090
0.965015
0.965830
0.965420
0.930300
0.962170
0.965310
0.964550
0.965390
0.965320
0.915445
0.947775
0.964665
0.965755
0.830930
0.965975
0.966015
0.965405
0.960430
0.908755
0.958390
0.950540
0.829395
0.961655
0.911745
0.965535
0.965595
0.965125
0.960090
0.962070
0.960380
0.938725
0.955500
0.965565
0.961025
0.964950
0.964325
0.962405
0.925370
0.965220
0.965755
0.965720
0.959535
0.841850
0.955455
0.962070
0.964790
0.963040
0.904625
0.792265
0.964380
0.941020
0.956330
0.966045
0.965575
0.962030
0.945990
0.928495
0.965510
0.966745
0.964940
0.965115
0.964850
0.965530
0.963450
0.963220
0.956035
0.589760
0.900995
0.964810
0.865360
0.965990
0.964345
0.954720
0.925595
0.808095
0.952570
0.955360
0.961560
0.905370
0.672840
0.829040
0.963135
0.644970
0.955985
0.856865
0.964880
0.962855
0.730835
0.966175
0.961135
0.925140
0.960400
0.955250
0.963890
0.869470
0.965680
0.907795
0.965005
0.926395
0.856225
0.951805
0.885560
0.963835
0.912330
0.954320
0.965220
0.948395
0.965165
0.965580
0.965710
0.965285
0.961825
0.954445
0.965395
0.965105
0.963225
0.960105
0.934945
0.918905
0.956185
0.893620
0.961145
0.964000
0.965480
0.965645
0.965560
0.931815
0.957150
0.965695
0.814675
0.912300
0.966235
0.908135
0.965675
0.964340
0.955035
0.965330
0.952300
0.857765
0.965955
0.964975
0.932305
0.965290
0.965255
0.964765
0.951535
0.962480
0.965905
0.965455
0.963870
0.958915
0.910465
0.936425
0.954110
0.941335
0.958380
0.948085
0.776310
0.964785
0.812815
0.786480
0.962560
0.962760
0.965420
0.960970
0.927950
0.964830
0.965890
0.964215
0.871640
0.952900
0.955335
0.959230
0.960075
0.965910
0.963580
0.934165
0.966550
0.964395
0.965515
0.832030
0.955840
0.638070
0.964160
0.965325
0.953805
0.853740
0.637740
0.965335
0.963090
0.947215
0.964700
0.966280
0.965575
0.877105
0.961495
0.956945
