0.965225
0.616750
0.963420
0.966175
0.962430
0.965705
0.937115
0.963650
0.965125
0.965400
0.965460
0.965560
0.921155
0.953300
0.966070
0.964570
0.835070
0.965630
0.966265
0.965320
0.958430
0.924905
0.957815
0.949040
0.830150
0.959870
0.918835
0.963535
0.965990
0.965395
0.961175
0.960035
0.961925
0.936775
0.956720
0.964760
0.961580
0.964120
0.966215
0.962910
0.917820
0.964940
0.966030
0.966110
0.959885
0.829065
0.952590
0.963475
0.965670
0.962745
0.901075
0.746675
0.961545
0.948625
0.954315
0.965110
0.963185
0.959005
0.949735
0.924010
0.965165
0.964465
0.964805
0.965195
0.966010
0.962780
0.964135
0.964075
0.957665
0.570080
0.909410
0.964835
0.884880
0.966205
0.965795
0.944230
0.932910
0.820030
0.946755
0.958970
0.960260
0.886320
0.660945
0.831940
0.964285
0.620490
0.955230
0.876855
0.965540
0.966225
0.728170
0.965810
0.963310
0.919855
0.959535
0.948865
0.964760
0.860025
0.965020
0.918350
0.965420
0.934270
0.864865
0.954050
0.873950
0.963760
0.921240
0.949395
0.965805
0.950010
0.965525
0.965940
0.965310
0.959230
0.960695
0.956085
0.964915
0.963965
0.961815
0.950250
0.929445
0.918425
0.951880
0.893000
0.961460
0.961940
0.965760
0.965635
0.965210
0.923005
0.961080
0.964930
0.787300
0.907130
0.965330
0.919320
0.965540
0.959945
0.943870
0.966045
0.957515
0.864265
0.964990
0.962760
0.939145
0.965820
0.965010
0.965455
0.953770
0.963850
0.964340
0.965805
0.963990
0.962365
0.917550
0.938650
0.956415
0.936655
0.958255
0.948755
0.751530
0.965605
0.806095
0.793650
0.958590
0.963260
0.964335
0.961660
0.932795
0.965680
0.964535
0.961010
0.892210
0.956320
0.953270
0.959405
0.960425
0.966365
0.965455
0.937770
0.964055
0.964925
0.965940
0.838895
0.957735
0.638040
0.965305
0.966470
0.957495
0.845510
0.631215
0.965300
0.964040
0.940755
0.965115
0.965530
0.965775
0.875965
0.964105
0.962805
