0.965815
0.631880
0.965465
0.965315
0.963130
0.964830
0.931945
0.961790
0.965335
0.966070
0.965730
0.965415
0.913840
0.953690
0.965020
0.961310
0.848015
0.964925
0.965355
0.964465
0.957270
0.917490
0.959870
0.953105
0.829835
0.960990
0.932190
0.965230
0.964800
0.965450
0.959945
0.963055
0.963960
0.933355
0.959185
0.966150
0.964405
0.964535
0.965225
0.962040
0.907320
0.966100
0.965710
0.965275
0.960145
0.830865
0.956040
0.962660
0.965445
0.958125
0.917720
0.778205
0.961405
0.950315
0.954280
0.966030
0.961090
0.957775
0.945325
0.922510
0.964880
0.965400
0.965690
0.964150
0.964510
0.965070
0.964375
0.960465
0.951375
0.568715
0.911240
0.966310
0.879785
0.965840
0.966070
0.956845
0.930640
0.816120
0.957350
0.956110
0.957875
0.886225
0.649880
0.833500
0.966105
0.631310
0.954760
0.855770
0.965515
0.965420
0.741975
0.965105
0.955765
0.921325
0.961530
0.955860
0.965700
0.872200
0.965010
0.922285
0.964775
0.931580
0.869525
0.952885
0.882150
0.962500
0.919350
0.958510
0.965525
0.947660
0.965165
0.965515
0.965300
0.958200
0.961215
0.955260
0.964725
0.965995
0.962375
0.959760
0.930370
0.914275
0.955130
0.903565
0.961300
0.958635
0.965580
0.965130
0.965980
0.936955
0.961955
0.965760
0.788715
0.901520
0.965235
0.907600
0.965485
0.961015
0.950195
0.965130
0.960175
0.858690
0.965035
0.963845
0.936085
0.965325
0.964765
0.965305
0.961240
0.958305
0.965810
0.965435
0.964390
0.961390
0.920430
0.929795
0.957100
0.937935
0.959580
0.953395
0.776970
0.965140
0.802975
0.773510
0.960900
0.962985
0.963905
0.960725
0.931220
0.965115
0.965210
0.963490
0.868780
0.962370
0.954745
0.961295
0.956750
0.965255
0.964215
0.936975
0.965415
0.965240
0.965940
0.838375
0.958470
0.636210
0.964565
0.965830
0.957730
0.865120
0.601985
0.965885
0.962395
0.948160
0.965440
0.965670
0.965340
0.885080
0.964490
0.953900
