0.966370
0.650615
0.965885
0.965510
0.964975
0.965780
0.937515
0.960235
0.965855
0.964510
0.964205
0.965675
0.918980
0.953345
0.965420
0.958910
0.836035
0.965165
0.965435
0.965560
0.955475
0.923300
0.959025
0.950175
0.834540
0.958450
0.932275
0.964170
0.965955
0.965220
0.961720
0.961600
0.960900
0.943325
0.955220
0.965330
0.962455
0.965250
0.965745
0.963950
0.919380
0.965255
0.964835
0.965225
0.962595
0.824010
0.959625
0.964800
0.964850
0.962200
0.909120
0.763965
0.961015
0.941165
0.951225
0.965085
0.963875
0.960635
0.953205
0.931530
0.965200
0.965390
0.965715
0.964845
0.965990
0.963150
0.965455
0.962490
0.954345
0.574970
0.906935
0.965970
0.884715
0.965755
0.965285
0.952285
0.917770
0.826860
0.947065
0.955510
0.958465
0.887260
0.665625
0.822950
0.964480
0.654580
0.960035
0.842915
0.965775
0.964160
0.718705
0.965610
0.962445
0.909315
0.959655
0.953720
0.965840
0.854310
0.966050
0.911365
0.965135
0.923470
0.860990
0.952620
0.891005
0.962145
0.918945
0.953930
0.965895
0.947700
0.965560
0.965320
0.965715
0.960515
0.961290
0.945600
0.966315
0.963240
0.961615
0.960840
0.927360
0.933250
0.956985
0.901650
0.961955
0.960565
0.965125
0.965605
0.965710
0.928720
0.960520
0.965270
0.810305
0.905490
0.966220
0.902335
0.964925
0.966010
0.943160
0.964970
0.961055
0.854680
0.965735
0.965200
0.932925
0.964945
0.965265
0.964590
0.951430
0.964765
0.964890
0.966155
0.962170
0.958615
0.926595
0.948210
0.954335
0.935550
0.959330
0.950150
0.773940
0.964945
0.821245
0.791080
0.963830
0.958470
0.964415
0.958710
0.927200
0.965335
0.964305
0.965615
0.875445
0.955515
0.954775
0.964395
0.961150
0.965145
0.965260
0.940435
0.963685
0.964055
0.964515
0.830335
0.951110
0.627445
0.966125
0.964830
0.958010
0.855310
0.642500
0.965445
0.964785
0.947000
0.965675
0.965700
0.965995
0.867680
0.962805
0.955405
