0.965820
0.631995
0.965120
0.965985
0.963865
0.964285
0.939325
0.964595
0.965455
0.965625
0.964940
0.965085
0.908115
0.953945
0.965760
0.962865
0.829815
0.965500
0.965390
0.965415
0.957845
0.917615
0.959105
0.951715
0.819240
0.960220
0.930415
0.965180
0.964495
0.965515
0.963505
0.962415
0.960915
0.939755
0.952245
0.964475
0.961670
0.964920
0.965265
0.962305
0.906235
0.965900
0.964690
0.964865
0.964130
0.825475
0.955775
0.965375
0.966085
0.961445
0.913880
0.755025
0.963210
0.934195
0.952765
0.964710
0.963975
0.962470
0.944415
0.926930
0.964720
0.965810
0.964990
0.965175
0.963615
0.961005
0.963535
0.962995
0.955440
0.557955
0.901595
0.965595
0.876910
0.965930
0.965635
0.942725
0.923835
0.822745
0.941690
0.956715
0.954105
0.890740
0.685155
0.831885
0.961140
0.615170
0.954420
0.852800
0.965225
0.964460
0.706975
0.965220
0.960095
0.914135
0.962965
0.950700
0.965615
0.865435
0.965360
0.917515
0.965305
0.923740
0.871780
0.952510
0.859135
0.960255
0.919385
0.961525
0.965770
0.951880
0.965435
0.965260
0.966205
0.963305
0.961990
0.956070
0.964150
0.964370
0.958820
0.958765
0.924045
0.927915
0.956565
0.904510
0.960300
0.963915
0.965425
0.964995
0.965640
0.922700
0.960975
0.966190
0.803255
0.906555
0.965495
0.904440
0.965175
0.962425
0.942185
0.965405
0.960330
0.846735
0.965405
0.964070
0.936775
0.964125
0.965485
0.965500
0.961565
0.960650
0.964980
0.965810
0.964370
0.960090
0.915320
0.941240
0.955280
0.943705
0.961610
0.954180
0.769645
0.965205
0.806420
0.786980
0.961340
0.962170
0.963925
0.964290
0.931165
0.964715
0.966245
0.965700
0.873170
0.952110
0.956605
0.962570
0.961550
0.965125
0.964810
0.942100
0.965015
0.965530
0.964000
0.830605
0.957410
0.624765
0.966090
0.965980
0.951720
0.853970
0.616820
0.965630
0.963410
0.944340
0.965210
0.964515
0.965230
0.854660
0.960100
0.956955
