0.966100
0.616975
0.965590
0.965265
0.964255
0.964830
0.936885
0.961720
0.965010
0.964220
0.965625
0.964625
0.913995
0.956205
0.964905
0.964350
0.843825
0.965695
0.966110
0.965465
0.959515
0.921495
0.963120
0.947540
0.834965
0.959340
0.925570
0.964055
0.966190
0.965340
0.962115
0.961975
0.957920
0.934430
0.956050
0.966220
0.963100
0.965520
0.966010
0.960985
0.913100
0.964850
0.965715
0.965610
0.959110
0.827545
0.957725
0.961650
0.965000
0.962935
0.907315
0.783475
0.961050
0.949520
0.953420
0.964365
0.962385
0.960555
0.948075
0.932290
0.965070
0.964800
0.964430
0.965210
0.965430
0.963680
0.965905
0.962790
0.955940
0.590505
0.915665
0.963935
0.872575
0.965195
0.966445
0.944750
0.921435
0.819185
0.950065
0.956945
0.956540
0.902065
0.642630
0.847775
0.965225
0.648345
0.953445
0.838965
0.966310
0.964170
0.742325
0.965255
0.963545
0.918300
0.963305
0.956750
0.964700
0.871270
0.964915
0.918895
0.964740
0.930230
0.847015
0.948200
0.886335
0.964030
0.916725
0.955575
0.965380
0.944165
0.964115
0.965465
0.964835
0.962245
0.962550
0.948170
0.965690
0.964865
0.961615
0.958915
0.925350
0.912805
0.959090
0.900255
0.960535
0.963390
0.965205
0.965500
0.965540
0.923015
0.959385
0.964875
0.788865
0.906345
0.965525
0.924815
0.965370
0.964720
0.946225
0.965360
0.960000
0.855495
0.965790
0.962660
0.932445
0.965430
0.965415
0.964670
0.954845
0.959590
0.965815
0.965680
0.965475
0.958290
0.908845
0.946865
0.957335
0.938520
0.954365
0.948175
0.772365
0.965685
0.808260
0.784035
0.959060
0.960890
0.965950
0.957985
0.936630
0.964915
0.965005
0.964410
0.879250
0.955775
0.961140
0.957690
0.962680
0.965585
0.964390
0.939160
0.964780
0.963860
0.963110
0.832345
0.958935
0.621925
0.965325
0.965720
0.951725
0.866255
0.632900
0.965165
0.965130
0.937495
0.962955
0.965940
0.966020
0.873345
0.964395
0.960935
