0.965705
0.630425
0.966065
0.966060
0.962700
0.965815
0.930625
0.961065
0.964900
0.965940
0.965440
0.965475
0.908300
0.950365
0.965635
0.964335
0.837935
0.964180
0.965390
0.965510
0.956300
0.896745
0.963190
0.951660
0.833305
0.959120
0.928935
0.964980
0.965365
0.965460
0.963430
0.964075
0.961370
0.934435
0.956100
0.964445
0.965725
0.963760
0.966085
0.965015
0.911940
0.966195
0.965710
0.964655
0.958510
0.841465
0.955495
0.965410
0.966420
0.962445
0.907115
0.782665
0.964620
0.955810
0.948605
0.965240
0.963180
0.959395
0.947035
0.929360
0.965135
0.964010
0.965935
0.964505
0.965390
0.962780
0.965315
0.962340
0.955585
0.557355
0.914595
0.965355
0.881815
0.964890
0.965025
0.952170
0.924660
0.824765
0.945445
0.962400
0.961565
0.887950
0.670995
0.821625
0.959275
0.607090
0.955270
0.853215
0.964770
0.965720
0.721580
0.966210
0.958900
0.906580
0.961470
0.952725
0.965970
0.865270
0.964835
0.919175
0.965345
0.923970
0.861865
0.950550
0.891155
0.962075
0.925895
0.954030
0.965155
0.949745
0.964700
0.964610
0.965665
0.964070
0.960495
0.956970
0.965100
0.963430
0.963840
0.958875
0.932490
0.929325
0.951455
0.901875
0.961515
0.958245
0.966200
0.965335
0.965150
0.930255
0.963790
0.966265
0.822430
0.897510
0.965395
0.898985
0.965195
0.964285
0.945150
0.965215
0.960175
0.858895
0.965950
0.962970
0.927855
0.964700
0.966165
0.964890
0.959950
0.966145
0.965885
0.965930
0.963410
0.956855
0.899125
0.934465
0.955365
0.941210
0.956665
0.956790
0.759755
0.964875
0.821380
0.777890
0.961515
0.961180
0.962785
0.963150
0.938010
0.964980
0.965175
0.964585
0.870835
0.956935
0.957525
0.965515
0.961505
0.965080
0.961885
0.928905
0.964715
0.964200
0.964605
0.839500
0.959215
0.632190
0.964005
0.965570
0.956310
0.862865
0.633060
0.965230
0.963130
0.945170
0.965415
0.965415
0.964830
0.878450
0.964415
0.958900
