0.965585
0.658620
0.965355
0.966425
0.964390
0.966465
0.938915
0.965470
0.965145
0.966135
0.965200
0.965555
0.918990
0.956470
0.965005
0.964300
0.840855
0.966200
0.965495
0.965675
0.955060
0.923000
0.961425
0.946645
0.811445
0.961330
0.925280
0.965830
0.966460
0.964900
0.964190
0.960760
0.961160
0.936940
0.958405
0.965855
0.965395
0.964900
0.965830
0.960005
0.913335
0.965550
0.965360
0.965320
0.958495
0.843630
0.953745
0.963135
0.966710
0.962710
0.909640
0.795875
0.960110
0.948085
0.958265
0.965620
0.964945
0.961070
0.942895
0.926025
0.965285
0.963245
0.964090
0.965065
0.965545
0.963285
0.965990
0.962640
0.955955
0.577870
0.903275
0.965280
0.870610
0.964480
0.962940
0.944015
0.912890
0.825040
0.954025
0.953275
0.961300
0.893040
0.684105
0.847185
0.965470
0.624105
0.959655
0.845190
0.965445
0.966100
0.727420
0.965055
0.961940
0.908425
0.960915
0.955270
0.964985
0.862965
0.965635
0.915595
0.965785
0.926470
0.840090
0.955585
0.876100
0.964535
0.925010
0.957300
0.965325
0.952495
0.965025
0.964970
0.965465
0.961765
0.964435
0.955565
0.965650
0.965860
0.962855
0.952310
0.918930
0.924100
0.954525
0.920445
0.963545
0.965130
0.964585
0.964955
0.964635
0.938360
0.959420
0.965640
0.808105
0.907875
0.965370
0.909510
0.965390
0.964335
0.952725
0.965600
0.956265
0.856645
0.963675
0.964020
0.939545
0.964860
0.965425
0.965515
0.952160
0.962145
0.965450
0.965405
0.963780
0.954720
0.912925
0.940415
0.954265
0.945270
0.960785
0.947080
0.758365
0.965590
0.826575
0.789385
0.961200
0.964805
0.965175
0.957070
0.936205
0.963420
0.965940
0.965160
0.843930
0.955570
0.960095
0.962180
0.959690
0.965360
0.963445
0.937335
0.965715
0.964535
0.966015
0.821565
0.959715
0.632735
0.964825
0.965365
0.953695
0.851685
0.622235
0.965070
0.962370
0.940355
0.965870
0.965110
0.965680
0.877580
0.964145
0.955775
