0.965485
0.665450
0.965825
0.965005
0.961285
0.966080
0.946125
0.961020
0.965590
0.965205
0.965265
0.965775
0.914365
0.948920
0.965485
0.964205
0.841140
0.965705
0.965635
0.965725
0.956515
0.915905
0.958880
0.951405
0.804730
0.956175
0.908770
0.965630
0.965805
0.965100
0.963265
0.963450
0.959460
0.932620
0.952710
0.964770
0.965080
0.966065
0.966115
0.961175
0.914065
0.965935
0.965525
0.964960
0.959505
0.835605
0.957790
0.963070
0.966100
0.962805
0.908760
0.811795
0.963405
0.944945
0.956330
0.964920
0.961495
0.959830
0.944815
0.935240
0.964810
0.964475
0.965985
0.965670
0.964605
0.965135
0.963975
0.960540
0.960340
0.577655
0.904990
0.966275
0.873140
0.965805
0.965635
0.953165
0.911220
0.809600
0.940955
0.953145
0.960960
0.894080
0.693490
0.825055
0.962715
0.670675
0.954210
0.844365
0.965745
0.965110
0.730050
0.965825
0.961505
0.910215
0.962025
0.953885
0.964730
0.871120
0.965380
0.928010
0.965735
0.925720
0.857955
0.947425
0.868060
0.960850
0.908820
0.955265
0.965750
0.951300
0.966490
0.965565
0.965835
0.962490
0.962145
0.955905
0.965575
0.965885
0.961035
0.959970
0.903200
0.925570
0.958580
0.895670
0.962180
0.964850
0.965795
0.965755
0.965275
0.933830
0.960465
0.965475
0.807705
0.903820
0.965490
0.915555
0.965215
0.960485
0.946900
0.965520
0.957220
0.859405
0.965045
0.964745
0.937210
0.965250
0.965890
0.965240
0.951685
0.965210
0.966265
0.965245
0.965030
0.950895
0.912890
0.940535
0.958540
0.942240
0.955690
0.951150
0.741810
0.965035
0.824260
0.780140
0.960970
0.964455
0.964195
0.960020
0.937130
0.964295
0.963855
0.966140
0.870680
0.960105
0.957000
0.962370
0.961675
0.965670
0.963105
0.941410
0.964565
0.964725
0.965315
0.835340
0.957245
0.659510
0.963930
0.965230
0.950320
0.854885
0.649295
0.965305
0.966095
0.940210
0.964580
0.964505
0.965470
0.875125
0.961070
0.959635
