0.965880
0.644085
0.964865
0.965570
0.963670
0.965560
0.936005
0.966115
0.965395
0.964860
0.965070
0.965340
0.914015
0.953640
0.964500
0.962290
0.841845
0.965075
0.965295
0.965195
0.958900
0.916755
0.958065
0.948095
0.838665
0.964180
0.925075
0.965380
0.965785
0.966000
0.964075
0.960060
0.959895
0.939795
0.954520
0.966135
0.961175
0.964580
0.965065
0.963285
0.912485
0.965475
0.965490
0.964520
0.961595
0.833585
0.962930
0.961780
0.965490
0.962870
0.902845
0.789550
0.962180
0.944305
0.953220
0.964835
0.962665
0.958610
0.943475
0.924615
0.965385
0.966575
0.965235
0.964890
0.965880
0.964580
0.965170
0.964250
0.950115
0.595010
0.905415
0.965675
0.878545
0.965690
0.965830
0.952960
0.923075
0.816875
0.946190
0.950240
0.958080
0.884555
0.674920
0.839710
0.962605
0.604280
0.949110
0.849035
0.965040
0.964020
0.708290
0.964835
0.960615
0.916000
0.959475
0.951060
0.965315
0.868525
0.965445
0.917150
0.964780
0.929990
0.868915
0.954665
0.880940
0.962780
0.925770
0.955860
0.965865
0.947805
0.964450
0.965940
0.965900
0.960405
0.960860
0.951855
0.965125
0.964330
0.962250
0.958030
0.921445
0.928410
0.955580
0.896945
0.959905
0.960480
0.966025
0.965630
0.965350
0.936770
0.957265
0.965430
0.801555
0.903735
0.965480
0.903835
0.966270
0.962335
0.957920
0.964960
0.959160
0.851350
0.965075
0.963305
0.933325
0.964345
0.964945
0.965140
0.958305
0.963040
0.966165
0.966035
0.963180
0.951505
0.920425
0.937500
0.960655
0.948095
0.959485
0.952370
0.754445
0.965510
0.820160
0.809065
0.959680
0.962475
0.963040
0.959770
0.927145
0.964895
0.964330
0.962885
0.878895
0.957945
0.958530
0.962495
0.962180
0.964920
0.964850
0.934535
0.963975
0.964595
0.965885
0.842715
0.959575
0.636440
0.964545
0.965870
0.948370
0.870525
0.661110
0.965245
0.958250
0.945830
0.965665
0.965440
0.964030
0.889785
0.963010
0.957775
