0.965730
0.638625
0.965550
0.965750
0.962730
0.965290
0.933790
0.964610
0.964920
0.965790
0.965460
0.965275
0.917990
0.950100
0.965630
0.962445
0.835780
0.965630
0.964855
0.964655
0.955180
0.929390
0.957230
0.948850
0.819280
0.960150
0.933730
0.964570
0.965225
0.965310
0.962280
0.964305
0.960325
0.946485
0.947485
0.965315
0.961525
0.965455
0.965290
0.963175
0.923455
0.965890
0.966410
0.963815
0.962370
0.828315
0.956340
0.959275
0.965600
0.958285
0.911720
0.770005
0.964205
0.946015
0.955560
0.965385
0.964150
0.961855
0.952370
0.929265
0.965965
0.964585
0.965525
0.965860
0.965860
0.962945
0.965215
0.960900
0.954895
0.570100
0.912620
0.965975
0.854970
0.965110
0.965390
0.947270
0.922730
0.809830
0.955915
0.953620
0.960775
0.879510
0.670690
0.827655
0.962775
0.651165
0.955735
0.853795
0.965020
0.965415
0.697715
0.964610
0.960805
0.918835
0.963810
0.955295
0.964845
0.875685
0.964405
0.927110
0.965615
0.921910
0.859010
0.945845
0.892525
0.959680
0.905045
0.956705
0.966335
0.944965
0.965535
0.964650
0.965385
0.960195
0.962400
0.958935
0.965110
0.964525
0.962020
0.957170
0.934175
0.923360
0.961135
0.916705
0.960985
0.961535
0.965480
0.965160
0.964235
0.937950
0.964460
0.965215
0.809115
0.906130
0.965520
0.891490
0.964825
0.961210
0.952505
0.964785
0.960490
0.865715
0.965670
0.964560
0.936530
0.965125
0.964730
0.964535
0.955710
0.963670
0.964975
0.965585
0.965715
0.958390
0.910965
0.931735
0.960185
0.948065
0.960550
0.951390
0.775770
0.965470
0.796770
0.784615
0.961980
0.960250
0.964820
0.957555
0.933795
0.963870
0.963685
0.964075
0.863510
0.960980
0.951965
0.959800
0.959435
0.965370
0.964060
0.946015
0.964490
0.964810
0.965450
0.827660
0.961920
0.648605
0.965955
0.965740
0.960680
0.838175
0.633275
0.965405
0.965035
0.955920
0.965160
0.965390
0.964370
0.881450
0.963695
0.956565
