0.966075
0.636325
0.965245
0.965970
0.964545
0.964985
0.932490
0.963075
0.965860
0.965165
0.965090
0.964245
0.928100
0.956795
0.964880
0.959995
0.836720
0.965900
0.964850
0.965945
0.950080
0.919790
0.960060
0.948695
0.811725
0.957605
0.935815
0.964270
0.964865
0.966340
0.962060
0.962505
0.960660
0.931600
0.946485
0.965750
0.963875
0.966260
0.965390
0.964850
0.915050
0.965165
0.965920
0.966115
0.963000
0.833705
0.957025
0.965640
0.964840
0.959805
0.904410
0.799825
0.961475
0.948890
0.954325
0.966485
0.961655
0.959580
0.951260
0.930135
0.965930
0.964105
0.965580
0.965515
0.965605
0.963450
0.965870
0.957430
0.956965
0.592045
0.915115
0.964990
0.872585
0.966250
0.965310
0.949810
0.937790
0.808110
0.946080
0.953400
0.961705
0.887460
0.654125
0.844095
0.960910
0.628260
0.948625
0.846685
0.965555
0.963680
0.720050
0.966065
0.958970
0.904980
0.957010
0.956610
0.965275
0.859345
0.965665
0.915180
0.966170
0.926810
0.849880
0.953075
0.886720
0.961555
0.924085
0.961775
0.966730
0.953205
0.964725
0.965980
0.965405
0.964425
0.962585
0.952945
0.965660
0.964185
0.960945
0.953505
0.919605
0.918095
0.950855
0.901205
0.960915
0.962275
0.965595
0.965260
0.965405
0.922765
0.960755
0.965590
0.820530
0.891210
0.965025
0.899020
0.964805
0.962950
0.955155
0.965815
0.960230
0.867530
0.964530
0.964315
0.939930
0.965945
0.965410
0.964790
0.956250
0.964415
0.964415
0.965690
0.961745
0.955215
0.907555
0.950110
0.956685
0.947210
0.958955
0.952110
0.772175
0.965475
0.814430
0.773180
0.961520
0.960575
0.964580
0.961895
0.930490
0.965125
0.964825
0.963365
0.881965
0.956395
0.955620
0.964635
0.956055
0.965375
0.964810
0.938805
0.962755
0.964665
0.964960
0.827995
0.961715
0.643590
0.964630
0.965540
0.951105
0.853180
0.655755
0.964940
0.961955
0.943335
0.965975
0.965795
0.963765
0.865005
0.963100
0.958295
