0.964965
0.634575
0.965425
0.965965
0.962070
0.965855
0.936285
0.963565
0.964995
0.965070
0.965270
0.965610
0.913500
0.956075
0.965210
0.963035
0.832980
0.965880
0.965145
0.965760
0.954175
0.927125
0.960070
0.948710
0.821810
0.957100
0.926230
0.961875
0.965665
0.965890
0.961745
0.965215
0.957620
0.938510
0.957400
0.966575
0.962575
0.965005
0.966235
0.961805
0.919305
0.965935
0.964745
0.964855
0.958500
0.827525
0.964085
0.963475
0.965640
0.962610
0.906115
0.794555
0.962235
0.952435
0.954540
0.965110
0.964555
0.963085
0.946930
0.928145
0.965775
0.964600
0.964390
0.965405
0.964880
0.962155
0.963780
0.962690
0.960540
0.602360
0.906280
0.965420
0.883500
0.964935
0.964110
0.949495
0.927955
0.819955
0.946290
0.954215
0.960385
0.883905
0.682350
0.832180
0.964285
0.617905
0.954470
0.835950
0.964770
0.963870
0.740405
0.965220
0.961870
0.913265
0.961735
0.959580
0.965300
0.863305
0.964570
0.908365
0.965715
0.936035
0.835565
0.948980
0.879955
0.963000
0.932955
0.950910
0.965160
0.950465
0.965115
0.965335
0.965630
0.961605
0.966180
0.956025
0.964780
0.962040
0.965525
0.957450
0.930975
0.919650
0.953165
0.907230
0.957330
0.962060
0.965360
0.965720
0.964885
0.923920
0.962175
0.965725
0.808125
0.911310
0.964930
0.904845
0.966265
0.962545
0.947805
0.964660
0.955315
0.859620
0.966010
0.964530
0.932695
0.964545
0.964960
0.964335
0.952840
0.964190
0.965600
0.965185
0.963725
0.961100
0.902660
0.940710
0.954945
0.947925
0.957660
0.953760
0.741685
0.965530
0.828085
0.794500
0.957675
0.961925
0.963240
0.963690
0.926575
0.965145
0.964465
0.963125
0.861125
0.955630
0.958545
0.960155
0.960435
0.965220
0.965980
0.935870
0.964650
0.962495
0.965425
0.831150
0.962185
0.637995
0.965885
0.965495
0.954935
0.852225
0.620825
0.964440
0.964390
0.941525
0.966280
0.966195
0.964980
0.876130
0.963340
0.959800
