0.966085
0.648870
0.965400
0.965980
0.963700
0.965890
0.939810
0.964860
0.965005
0.965135
0.965330
0.965075
0.915975
0.950925
0.966525
0.963095
0.834150
0.966240
0.964725
0.965305
0.959690
0.923265
0.959300
0.956465
0.813325
0.960405
0.925090
0.965765
0.965710
0.964885
0.960990
0.964400
0.960680
0.937915
0.951800
0.964265
0.961960
0.965990
0.966050
0.965355
0.909940
0.964495
0.965590
0.964895
0.960420
0.838090
0.961245
0.960060
0.965570
0.960250
0.878285
0.784950
0.963730
0.947500
0.957710
0.964990
0.963565
0.961250
0.951250
0.916170
0.965765
0.962095
0.965155
0.964845
0.965070
0.962710
0.963985
0.964090
0.953730
0.572975
0.909980
0.965440
0.881975
0.965125
0.965495
0.959255
0.926800
0.808745
0.948410
0.953155
0.961205
0.881950
0.683950
0.831920
0.964020
0.634970
0.953520
0.855780
0.965905
0.965550
0.720770
0.965930
0.962090
0.915875
0.963910
0.956505
0.965765
0.869225
0.965530
0.922195
0.965575
0.931415
0.837605
0.950545
0.890130
0.962940
0.926800
0.954915
0.965850
0.942470
0.965310
0.965150
0.964990
0.961210
0.960140
0.961300
0.965515
0.964725
0.965090
0.955255
0.928935
0.914965
0.952455
0.901280
0.962840
0.961745
0.964770
0.965415
0.965290
0.930585
0.962810
0.965220
0.804980
0.912495
0.965320
0.912555
0.965955
0.960855
0.954475
0.965710
0.956720
0.873395
0.965240
0.965720
0.934630
0.964260
0.965625
0.965025
0.959190
0.963510
0.965070
0.965120
0.965675
0.956280
0.916815
0.938965
0.954690
0.944415
0.958350
0.948570
0.752070
0.965290
0.802485
0.768270
0.960915
0.964495
0.964405
0.962700
0.936600
0.965260
0.965640
0.964840
0.872515
0.959815
0.959720
0.961880
0.961815
0.965205
0.964290
0.929715
0.962960
0.965305
0.965325
0.808780
0.956040
0.646040
0.965895
0.966055
0.953830
0.864905
0.635565
0.965810
0.961825
0.948990
0.965830
0.965055
0.965225
0.881800
0.964890
0.958115
