0.965185
0.630715
0.965450
0.965690
0.964820
0.965395
0.937640
0.964160
0.965535
0.964930
0.965525
0.964780
0.907700
0.949410
0.965925
0.964005
0.830955
0.965615
0.965835
0.965295
0.957045
0.915650
0.965595
0.944865
0.808260
0.960605
0.920830
0.965350
0.965225
0.966145
0.962410
0.961845
0.960930
0.942235
0.956010
0.966050
0.960180
0.965650
0.966785
0.962690
0.909510
0.965395
0.965740
0.965990
0.963270
0.823365
0.954940
0.963590
0.965560
0.962830
0.902400
0.789905
0.966000
0.945130
0.952510
0.965140
0.964890
0.960675
0.941420
0.925465
0.964620
0.965170
0.965360
0.965865
0.965590
0.962325
0.965445
0.960805
0.956530
0.578605
0.897115
0.965210
0.878050
0.965370
0.964825
0.952320
0.929725
0.823565
0.957105
0.951535
0.963015
0.884025
0.668545
0.836440
0.963390
0.646120
0.948905
0.834815
0.964720
0.966115
0.730390
0.965765
0.963785
0.915340
0.963775
0.945380
0.963045
0.876265
0.965025
0.922660
0.965555
0.936655
0.846330
0.952280
0.886640
0.964305
0.907520
0.952975
0.965270
0.944900
0.966055
0.965265
0.965000
0.962735
0.960895
0.953815
0.965095
0.964855
0.959915
0.959180
0.917820
0.914715
0.956545
0.908580
0.962135
0.963745
0.965430
0.966005
0.965310
0.922245
0.961380
0.965570
0.797045
0.908220
0.966550
0.905360
0.965630
0.964650
0.951305
0.965315
0.958585
0.852450
0.966245
0.962615
0.939880
0.965510
0.965905
0.965680
0.958085
0.962750
0.963905
0.964650
0.964075
0.956245
0.905225
0.934570
0.960605
0.950420
0.957305
0.952995
0.764185
0.965380
0.807270
0.785855
0.961185
0.963020
0.963925
0.960110
0.928065
0.964315
0.963805
0.964095
0.871090
0.956585
0.958815
0.960090
0.963990
0.965805
0.964525
0.944350
0.963090
0.964595
0.965095
0.827570
0.953765
0.613235
0.963255
0.965265
0.950940
0.867970
0.630910
0.965995
0.964245
0.941405
0.964050
0.965765
0.964850
0.873040
0.961535
0.953345
