0.965190
0.611120
0.965050
0.966180
0.963350
0.965090
0.929875
0.962875
0.965915
0.965390
0.965960
0.966435
0.919495
0.945470
0.965540
0.959245
0.850120
0.965720
0.965480
0.965835
0.953345
0.926480
0.960405
0.953950
0.826470
0.959915
0.929605
0.965385
0.965395
0.965530
0.961880
0.962725
0.962100
0.937660
0.955435
0.965630
0.964635
0.965815
0.965135
0.959320
0.899280
0.965735
0.965315
0.966155
0.960625
0.840930
0.957180
0.964345
0.965150
0.964180
0.907485
0.786890
0.963315
0.944820
0.958190
0.965340
0.963345
0.958540
0.946400
0.927165
0.965415
0.963925
0.965440
0.964695
0.965545
0.964925
0.965560
0.960055
0.958970
0.571680
0.915395
0.965070
0.871770
0.963680
0.964980
0.947880
0.927525
0.821175
0.950615
0.959010
0.958910
0.894820
0.658590
0.824175
0.963970
0.620765
0.959390
0.855760
0.965915
0.963745
0.722955
0.964775
0.965145
0.913595
0.962845
0.949510
0.964840
0.877975
0.965165
0.920090
0.965740
0.922870
0.845620
0.948095
0.873905
0.961430
0.914360
0.955400
0.965810
0.946495
0.966050
0.965460
0.964950
0.961830
0.961070
0.957060
0.965900
0.964895
0.961835
0.962885
0.924380
0.934070
0.953320
0.895575
0.960175
0.961605
0.965260
0.965380
0.965140
0.935470
0.959885
0.965075
0.807475
0.917520
0.965925
0.903025
0.964730
0.963595
0.952005
0.965230
0.959480
0.872315
0.965760
0.964280
0.935270
0.965615
0.965685
0.965555
0.953520
0.960675
0.966050
0.965825
0.964905
0.954280
0.912255
0.942100
0.954300
0.930780
0.956690
0.944845
0.755215
0.965245
0.800645
0.779745
0.962550
0.961310
0.965905
0.961575
0.936150
0.964015
0.964160
0.962415
0.870315
0.959635
0.951875
0.962025
0.956540
0.965805
0.964435
0.937280
0.965755
0.964175
0.963220
0.828250
0.958280
0.630810
0.961040
0.964555
0.947975
0.848285
0.641200
0.965625
0.964410
0.938795
0.964700
0.965485
0.963990
0.860600
0.963890
0.957615
