0.965615
0.610295
0.966085
0.964435
0.964195
0.965405
0.940380
0.963360
0.965250
0.964470
0.966230
0.965610
0.916695
0.951395
0.965740
0.964700
0.827425
0.965335
0.964595
0.965440
0.958070
0.918285
0.958910
0.949540
0.812665
0.958020
0.910525
0.965250
0.965040
0.965630
0.963300
0.965030
0.963690
0.942560
0.949135
0.966330
0.964535
0.965470
0.965130
0.963640
0.916430
0.965335
0.965805
0.966450
0.961810
0.822955
0.958130
0.961935
0.964935
0.962285
0.904650
0.774535
0.962030
0.947710
0.955665
0.965860
0.962320
0.961440
0.945210
0.929060
0.965730
0.964140
0.965905
0.965450
0.966025
0.963685
0.964440
0.962230
0.955325
0.555675
0.923375
0.965015
0.860010
0.965455
0.965360
0.952280
0.932510
0.823695
0.954265
0.952510
0.963820
0.886845
0.678515
0.828765
0.959490
0.641895
0.956335
0.837125
0.965885
0.963470
0.724730
0.966170
0.961535
0.920670
0.963100
0.953160
0.965830
0.864800
0.965780
0.926075
0.965480
0.925810
0.857895
0.954315
0.888035
0.963680
0.927745
0.959230
0.965150
0.947865
0.965610
0.965985
0.964435
0.960885
0.964280
0.961245
0.965575
0.965590
0.959720
0.961745
0.926320
0.913070
0.955995
0.896105
0.960125
0.964640
0.966240
0.965260
0.965100
0.934245
0.958440
0.964925
0.807935
0.899025
0.964590
0.900880
0.965460
0.964835
0.947655
0.965875
0.960570
0.851190
0.964835
0.963180
0.935690
0.964830
0.964935
0.965845
0.954120
0.963235
0.965355
0.964835
0.965235
0.958320
0.914250
0.949565
0.959515
0.946825
0.959675
0.950860
0.756005
0.965110
0.799505
0.782010
0.958230
0.964510
0.965230
0.961525
0.934025
0.965330
0.963820
0.964150
0.880505
0.957930
0.957455
0.959270
0.960010
0.965235
0.965710
0.934690
0.964460
0.964665
0.965225
0.840770
0.958560
0.643125
0.965515
0.965080
0.955395
0.865995
0.618240
0.965460
0.965320
0.946945
0.963990
0.965340
0.963815
0.880370
0.964935
0.956670
