0.965975
0.640950
0.965180
0.965690
0.964990
0.966235
0.934565
0.961855
0.965725
0.965125
0.965110
0.964920
0.910660
0.948725
0.965075
0.964725
0.836445
0.965310
0.965210
0.965215
0.958680
0.910730
0.960565
0.950510
0.813920
0.957095
0.918510
0.965875
0.964965
0.965625
0.960960
0.961605
0.961370
0.925885
0.953530
0.964185
0.962570
0.964775
0.964900
0.964135
0.911670
0.965435
0.964715
0.966470
0.959935
0.827780
0.959820
0.965075
0.966025
0.958090
0.912545
0.785640
0.962170
0.942065
0.951260
0.965960
0.964620
0.960465
0.953435
0.918130
0.965240
0.963695
0.965860
0.965220
0.966405
0.962965
0.964825
0.962405
0.958975
0.585900
0.902440
0.965510
0.874200
0.964070
0.963680
0.948780
0.926820
0.807505
0.953675
0.953695
0.958575
0.887260
0.669475
0.836435
0.964770
0.625775
0.956200
0.848695
0.964250
0.965110
0.728960
0.965405
0.958780
0.915575
0.965175
0.956445
0.965725
0.869925
0.966145
0.912640
0.965785
0.925495
0.853670
0.954355
0.888410
0.960765
0.922790
0.952175
0.965705
0.943310
0.965145
0.964765
0.965165
0.963115
0.958660
0.958215
0.964865
0.964270
0.962065
0.948995
0.921365
0.925345
0.957985
0.901720
0.959170
0.962825
0.965330
0.965410
0.965720
0.932135
0.960855
0.965570
0.810280
0.903180
0.965470
0.897610
0.965170
0.963160
0.951635
0.963950
0.956670
0.868850
0.965010
0.964810
0.935790
0.962965
0.965710
0.964445
0.956940
0.962995
0.965220
0.965335
0.961135
0.958555
0.917040
0.937695
0.955550
0.936785
0.956730
0.949850
0.753470
0.964465
0.810890
0.782440
0.961575
0.961740
0.965045
0.961885
0.931225
0.964080
0.964540
0.963930
0.866345
0.960485
0.957390
0.962655
0.962155
0.965255
0.965115
0.938680
0.963775
0.964575
0.962995
0.815005
0.960415
0.652640
0.963150
0.964220
0.957905
0.880710
0.633875
0.964850
0.963145
0.951370
0.965975
0.965760
0.964220
0.885040
0.964280
0.959360
