0.965425
0.633680
0.965095
0.965115
0.966155
0.965570
0.934375
0.962250
0.965880
0.964945
0.965665
0.965070
0.915655
0.950195
0.965965
0.962600
0.825755
0.964765
0.965205
0.965495
0.958000
0.925780
0.955235
0.950040
0.820000
0.958575
0.929140
0.965095
0.965730
0.965940
0.959990
0.962535
0.959645
0.936740
0.953260
0.965545
0.964580
0.965600
0.965305
0.963310
0.914885
0.965750
0.965065
0.965335
0.959365
0.831875
0.953900
0.965840
0.965630
0.962220
0.903245
0.800000
0.962630
0.939335
0.951045
0.964970
0.963155
0.958220
0.952590
0.930975
0.965925
0.964675
0.965220
0.965140
0.965225
0.962115
0.964185
0.963210
0.954585
0.578630
0.920895
0.965560
0.899615
0.964345
0.966120
0.946305
0.928290
0.841085
0.949370
0.955435
0.957685
0.892125
0.645985
0.837025
0.963280
0.645150
0.952410
0.837875
0.965710
0.966380
0.743020
0.965235
0.963905
0.913315
0.963200
0.951935
0.965455
0.857205
0.964785
0.923120
0.966390
0.927135
0.859975
0.954170
0.876010
0.963155
0.899655
0.958900
0.965155
0.949605
0.965800
0.964845
0.965655
0.963220
0.961550
0.950550
0.964675
0.963215
0.962595
0.957180
0.924535
0.927785
0.959035
0.882345
0.963400
0.963185
0.965270
0.965795
0.965740
0.921005
0.964350
0.965210
0.784775
0.902925
0.965405
0.887705
0.964590
0.963825
0.947045
0.966070
0.957425
0.848120
0.964945
0.964400
0.928330
0.965845
0.965735
0.965380
0.960480
0.964090
0.966100
0.965230
0.965810
0.958290
0.915190
0.935915
0.954315
0.939570
0.958755
0.949385
0.763145
0.964785
0.816460
0.775755
0.959905
0.964470
0.964235
0.963645
0.936240
0.966435
0.965180
0.964725
0.874150
0.955470
0.961750
0.959150
0.961920
0.965580
0.965915
0.934900
0.965685
0.962140
0.964010
0.839305
0.955255
0.635220
0.965390
0.965755
0.949995
0.865335
0.638510
0.965505
0.965060
0.947580
0.965270
0.965535
0.963210
0.863380
0.963160
0.961810
