0.966395
0.657370
0.965685
0.966475
0.962970
0.965385
0.934780
0.961700
0.965735
0.965500
0.965905
0.965025
0.905405
0.953645
0.965550
0.964055
0.842885
0.965215
0.965330
0.965170
0.955425
0.900925
0.959820
0.956950
0.800555
0.958730
0.922485
0.965745
0.966105
0.965805
0.960525
0.962295
0.961975
0.937350
0.954525
0.964775
0.965500
0.965240
0.964645
0.964735
0.909975
0.966530
0.965215
0.965340
0.961585
0.838370
0.957465
0.965035
0.965200
0.959770
0.909660
0.783190
0.963865
0.952075
0.945940
0.966135
0.963690
0.960735
0.948895
0.927140
0.965450
0.964690
0.965115
0.965965
0.964645
0.964380
0.965695
0.965905
0.959665
0.595205
0.910775
0.964915
0.875505
0.965555
0.965595
0.948710
0.920140
0.814795
0.953930
0.958160
0.959735
0.882485
0.652785
0.835445
0.962835
0.640410
0.954860
0.850395
0.966050
0.965170
0.703540
0.965395
0.963320
0.925455
0.962785
0.948020
0.965620
0.852175
0.965295
0.910640
0.964325
0.940355
0.875900
0.955735
0.884460
0.962010
0.910650
0.958135
0.966395
0.947165
0.965480
0.965790
0.965180
0.962975
0.961010
0.955060
0.966090
0.965505
0.960925
0.958210
0.931205
0.921935
0.958070
0.903055
0.964110
0.962850
0.965150
0.965585
0.965710
0.934270
0.959435
0.966190
0.822300
0.901140
0.965475
0.904585
0.964850
0.961715
0.943240
0.965515
0.959810
0.859310
0.964870
0.964805
0.942240
0.963415
0.966985
0.965205
0.959750
0.963795
0.964100
0.965485
0.963785
0.956155
0.904645
0.939935
0.957475
0.939825
0.958770
0.952810
0.748115
0.965505
0.796330
0.775475
0.960210
0.963830
0.965380
0.964135
0.920710
0.964310
0.963570
0.963290
0.860720
0.953925
0.960540
0.962040
0.964045
0.966040
0.962440
0.939290
0.964780
0.964525
0.965315
0.812360
0.952165
0.644885
0.963555
0.965970
0.956350
0.842150
0.617655
0.964925
0.963740
0.939250
0.965540
0.965780
0.965245
0.881320
0.965420
0.956765
