0.966040
0.617060
0.966015
0.965565
0.964280
0.965555
0.943190
0.964530
0.964620
0.965685
0.965340
0.965780
0.914305
0.953505
0.966030
0.962510
0.849875
0.965755
0.965350
0.964625
0.959450
0.909055
0.963350
0.949585
0.821735
0.962780
0.915455
0.965280
0.965750
0.966380
0.962170
0.961020
0.957455
0.934925
0.955830
0.964970
0.963080
0.965180
0.965865
0.963245
0.920310
0.965280
0.965205
0.965480
0.961140
0.845445
0.958035
0.964355
0.965595
0.964570
0.908440
0.785370
0.960260
0.945315
0.945405
0.965865
0.964830
0.959435
0.941695
0.928360
0.965225
0.962795
0.965850
0.965685
0.965430
0.963055
0.965585
0.963345
0.953770
0.580615
0.905585
0.965110
0.886095
0.965780
0.963645
0.950920
0.928630
0.818765
0.946220
0.956650
0.954660
0.894035
0.651395
0.822685
0.965030
0.625520
0.956250
0.856065
0.964885
0.965785
0.736655
0.966430
0.961930
0.912155
0.963580
0.952620
0.965705
0.863530
0.965035
0.921045
0.964490
0.922640
0.845720
0.954520
0.874470
0.964100
0.928260
0.953660
0.965135
0.940725
0.965100
0.964225
0.965175
0.960105
0.963955
0.953345
0.965595
0.966065
0.962465
0.958420
0.927585
0.926915
0.962995
0.918380
0.959735
0.961935
0.965795
0.965130
0.965650
0.928320
0.964400
0.964920
0.788425
0.893890
0.964800
0.909465
0.965040
0.963420
0.948370
0.966005
0.955810
0.855225
0.964695
0.963380
0.943800
0.963690
0.964520
0.964895
0.954225
0.961415
0.965130
0.965880
0.964780
0.957145
0.914220
0.935315
0.954585
0.943435
0.955205
0.956370
0.751560
0.965635
0.812895
0.795645
0.957370
0.963175
0.964295
0.957615
0.922585
0.964005
0.963625
0.963995
0.872305
0.955020
0.958150
0.962225
0.963935
0.965045
0.965485
0.946385
0.964655
0.965680
0.965185
0.834640
0.958995
0.646165
0.965560
0.965275
0.956520
0.869220
0.629800
0.965515
0.964125
0.947260
0.965540
0.965365
0.965560
0.867225
0.962560
0.955580
