0.965160
0.636245
0.965625
0.966330
0.964285
0.966210
0.938345
0.962050
0.966000
0.965055
0.965015
0.965330
0.916625
0.951815
0.964900
0.964635
0.827165
0.965170
0.965675
0.965690
0.956015
0.925105
0.960010
0.953455
0.805465
0.959750
0.925755
0.964850
0.965265
0.965425
0.962780
0.962230
0.961565
0.921945
0.954125
0.964945
0.962970
0.965535
0.965755
0.958855
0.916095
0.964975
0.965530
0.964880
0.962945
0.828825
0.951935
0.964465
0.964935
0.963490
0.913360
0.799320
0.962265
0.949325
0.950295
0.965565
0.963850
0.960850
0.944170
0.926785
0.965430
0.965550
0.965745
0.965415
0.965850
0.965240
0.964065
0.958775
0.951545
0.588595
0.918150
0.964875
0.872060
0.966070
0.963485
0.947300
0.924570
0.832510
0.945935
0.959335
0.958360
0.887330
0.678955
0.826590
0.963800
0.616180
0.958045
0.847180
0.965785
0.966250
0.714315
0.964630
0.962860
0.907480
0.962515
0.953425
0.964790
0.860065
0.964955
0.912135
0.964860
0.927715
0.851445
0.953965
0.896475
0.961560
0.914980
0.954925
0.965195
0.939705
0.965115
0.965710
0.965020
0.958985
0.960710
0.955215
0.966040
0.965450
0.963920
0.957440
0.929700
0.913140
0.955785
0.904535
0.961020
0.961140
0.965310
0.966050
0.965890
0.928900
0.960290
0.964845
0.818280
0.890530
0.965895
0.907475
0.965490
0.965155
0.947940
0.963975
0.955215
0.862465
0.964690
0.965635
0.938745
0.964535
0.964280
0.965655
0.956705
0.961870
0.964925
0.965620
0.964580
0.956400
0.908760
0.941875
0.956830
0.947570
0.961275
0.954225
0.747620
0.965165
0.810570
0.785420
0.961935
0.960835
0.963015
0.963330
0.930850
0.965310
0.966210
0.964630
0.867025
0.956600
0.955925
0.962550
0.962715
0.965260
0.963995
0.931285
0.965545
0.965040
0.965375
0.821255
0.955400
0.624800
0.965885
0.965960
0.952380
0.857395
0.626165
0.965840
0.965370
0.938685
0.964710
0.965380
0.965700
0.871075
0.964240
0.958690
