0.999985
0.982525
0.999930
0.999935
0.999825
0.999790
0.997950
0.998340
0.999775
0.999965
0.999795
0.999895
0.997695
0.998165
0.999765
0.999395
0.996755
0.999835
0.999920
0.999985
0.999350
0.997855
0.999715
0.998940
0.996575
0.999435
0.998120
0.999845
0.999995
0.999920
0.998895
0.999930
0.999835
0.998275
0.998255
0.999445
0.999390
0.999950
0.999805
0.999650
0.997375
0.999945
0.999920
0.999830
0.999805
0.996300
0.999760
0.999770
0.999995
0.999385
0.997635
0.994870
0.999520
0.998105
0.999435
0.999805
0.999840
0.999395
0.999270
0.997545
0.999770
0.999760
0.999990
0.999790
0.999845
0.999810
0.999455
0.999780
0.998125
0.936560
0.999605
0.999920
0.997800
0.998325
0.999950
0.998245
0.997610
0.987770
0.999420
0.999745
0.999840
0.998215
0.982880
0.997020
0.999340
0.984570
0.999460
0.997155
0.999825
0.999940
0.934880
1.000000
0.998310
0.997695
0.998075
0.999365
0.999745
0.998445
0.999905
0.997595
0.999420
0.999315
0.996650
0.999325
0.996715
0.999820
0.999115
0.999415
0.999965
0.998205
0.999990
0.999975
0.999995
0.999485
0.999830
0.999345
0.999995
0.998220
0.998100
0.999210
0.999260
0.997590
0.998270
0.998915
0.999420
0.999395
0.999935
0.999915
0.999990
0.997745
0.999495
0.999970
0.988550
0.997295
0.999935
0.997050
0.999930
0.999375
0.999365
0.999975
0.999440
0.997585
0.999820
0.999450
0.998095
0.999810
1.000000
0.999970
0.999465
0.999825
0.999490
0.999960
0.999820
0.999395
0.997730
0.998335
0.999435
0.997935
0.999335
0.992840
0.985640
0.999895
0.988625
0.978435
0.999780
0.999885
0.999395
0.999835
0.997935
0.999805
0.999955
0.999900
0.995965
0.998160
0.999480
0.999425
0.999805
0.999990
0.999895
0.998145
0.999940
0.999765
0.999840
0.996325
0.999815
0.982850
0.999940
0.999965
0.997605
0.996600
0.976870
0.999960
0.999780
0.999355
0.999320
0.999735
0.999725
0.996500
0.999790
0.999355
