0.999975
0.979565
0.999900
0.999955
0.999800
0.999830
0.998100
0.998315
0.999810
0.999950
0.999855
0.999905
0.997505
0.998170
0.999805
0.999535
0.996360
0.999865
0.999930
1.000000
0.999385
0.997990
0.999780
0.998980
0.996460
0.999320
0.998255
0.999760
1.000000
0.999940
0.998960
0.999920
0.999785
0.998005
0.998180
0.999430
0.999430
0.999965
0.999765
0.999750
0.997580
0.999955
0.999955
0.999815
0.999820
0.996570
0.999720
0.999815
1.000000
0.999430
0.997715
0.995285
0.999380
0.998175
0.999345
0.999800
0.999755
0.999415
0.999340
0.997720
0.999825
0.999760
0.999995
0.999805
0.999815
0.999785
0.999400
0.999850
0.997970
0.946225
0.999580
0.999930
0.997990
0.998200
0.999930
0.997965
0.997590
0.988345
0.999405
0.999765
0.999840
0.997990
0.983855
0.996925
0.999430
0.982915
0.999485
0.997495
0.999795
0.999950
0.940585
0.999975
0.998100
0.997695
0.998135
0.999420
0.999735
0.998265
0.999890
0.998020
0.999450
0.999360
0.996415
0.999325
0.997185
0.999830
0.999195
0.999385
0.999945
0.998150
0.999990
0.999980
0.999980
0.999440
0.999705
0.999550
1.000000
0.998100
0.998255
0.999310
0.999370
0.997785
0.998290
0.999060
0.999350
0.999450
0.999915
0.999935
0.999995
0.997700
0.999465
0.999980
0.988870
0.997235
0.999925
0.997220
0.999910
0.999520
0.999435
0.999980
0.999420
0.997085
0.999780
0.999335
0.998145
0.999830
0.999990
0.999925
0.999500
0.999800
0.999340
0.999960
0.999855
0.999355
0.997725
0.998175
0.999485
0.998195
0.999395
0.993160
0.984650
0.999910
0.987045
0.980025
0.999760
0.999930
0.999465
0.999855
0.997970
0.999795
0.999955
0.999920
0.996865
0.998070
0.999420
0.999515
0.999760
1.000000
0.999940
0.997820
0.999935
0.999845
0.999770
0.996535
0.999845
0.982220
0.999925
0.999975
0.997525
0.997010
0.973650
0.999975
0.999820
0.999345
0.999325
0.999805
0.999845
0.996625
0.999840
0.999490
