0.999980
0.981770
0.999905
0.999965
0.999810
0.999775
0.998180
0.998215
0.999795
0.999980
0.999765
0.999920
0.997540
0.998190
0.999740
0.999405
0.996415
0.999765
0.999945
0.999995
0.999415
0.997920
0.999695
0.998875
0.996155
0.999370
0.998075
0.999840
0.999990
0.999915
0.998945
0.999925
0.999820
0.998065
0.998320
0.999525
0.999465
0.999955
0.999825
0.999655
0.997655
0.999965
0.999920
0.999785
0.999840
0.995315
0.999720
0.999850
1.000000
0.999375
0.997545
0.995760
0.999410
0.998045
0.999500
0.999825
0.999815
0.999465
0.999225
0.997980
0.999855
0.999830
0.999995
0.999805
0.999865
0.999835
0.999425
0.999805
0.997965
0.932550
0.999530
0.999925
0.997915
0.998195
0.999935
0.998290
0.997200
0.989185
0.999475
0.999770
0.999760
0.997915
0.983955
0.996880
0.999410
0.983380
0.999465
0.997005
0.999800
0.999960
0.953970
0.999995
0.998295
0.997495
0.998185
0.999355
0.999795
0.998345
0.999950
0.997975
0.999490
0.999290
0.996540
0.999250
0.996700
0.999830
0.999225
0.999435
0.999980
0.998065
0.999985
0.999985
0.999990
0.999505
0.999740
0.999460
0.999995
0.998270
0.998320
0.999355
0.999425
0.997815
0.998195
0.998670
0.999410
0.999320
0.999905
0.999935
0.999970
0.997795
0.999395
0.999995
0.988155
0.997310
0.999920
0.996935
0.999920
0.999420
0.999515
0.999975
0.999425
0.997390
0.999815
0.999430
0.998065
0.999795
1.000000
0.999950
0.999340
0.999810
0.999350
0.999985
0.999785
0.999430
0.997765
0.998275
0.999390
0.998050
0.999385
0.993515
0.984670
0.999935
0.988945
0.979225
0.999780
0.999930
0.999430
0.999810
0.997975
0.999820
0.999965
0.999915
0.996075
0.998285
0.999475
0.999405
0.999850
0.999995
0.999930
0.997945
0.999885
0.999830
0.999765
0.996035
0.999820
0.984320
0.999880
0.999960
0.997720
0.996720
0.978200
0.999980
0.999825
0.999365
0.999315
0.999830
0.999785
0.996645
0.999815
0.999495
