0.999970
0.982195
0.999940
0.999950
0.999790
0.999810
0.998150
0.998215
0.999780
0.999945
0.999800
0.999930
0.997765
0.998055
0.999815
0.999340
0.996625
0.999845
0.999935
0.999995
0.999500
0.997855
0.999750
0.998940
0.996880
0.999435
0.998145
0.999820
0.999990
0.999945
0.998950
0.999905
0.999835
0.998205
0.998285
0.999500
0.999375
0.999955
0.999780
0.999680
0.997480
0.999950
0.999925
0.999835
0.999790
0.993940
0.999735
0.999815
1.000000
0.999425
0.997700
0.995005
0.999425
0.998310
0.999425
0.999835
0.999810
0.999415
0.999205
0.997610
0.999850
0.999755
0.999995
0.999785
0.999830
0.999735
0.999450
0.999815
0.998405
0.935470
0.999645
0.999920
0.997820
0.998180
0.999925
0.998100
0.997500
0.988790
0.999375
0.999735
0.999825
0.997900
0.983590
0.996800
0.999395
0.983375
0.999440
0.997135
0.999805
0.999935
0.940340
0.999995
0.998150
0.997650
0.998075
0.999300
0.999805
0.998330
0.999920
0.997625
0.999410
0.999280
0.996905
0.999270
0.996705
0.999840
0.999135
0.999435
0.999980
0.998320
0.999970
0.999965
0.999985
0.999435
0.999765
0.999565
0.999995
0.998155
0.998240
0.999280
0.999265
0.997715
0.998205
0.998850
0.999470
0.999450
0.999915
0.999935
0.999970
0.997825
0.999385
0.999975
0.988135
0.997145
0.999935
0.997375
0.999950
0.999480
0.999385
0.999970
0.999400
0.997025
0.999800
0.999430
0.998155
0.999850
0.999990
0.999890
0.999385
0.999820
0.999420
0.999960
0.999810
0.999425
0.997665
0.998010
0.999525
0.998090
0.999410
0.992915
0.985500
0.999940
0.986470
0.972995
0.999825
0.999955
0.999430
0.999750
0.997930
0.999790
0.999965
0.999915
0.996735
0.998245
0.999480
0.999450
0.999795
0.999995
0.999920
0.997995
0.999930
0.999795
0.999740
0.996710
0.999775
0.983280
0.999930
0.999960
0.997830
0.997155
0.975225
0.999985
0.999855
0.999460
0.999345
0.999835
0.999790
0.997145
0.999780
0.999360
