0.999970
0.982410
0.999935
0.999935
0.999730
0.999795
0.998185
0.998255
0.999785
0.999950
0.999805
0.999930
0.997595
0.998320
0.999805
0.999345
0.995490
0.999800
0.999895
0.999995
0.999520
0.997940
0.999725
0.998955
0.996085
0.999465
0.998030
0.999845
0.999985
0.999950
0.998940
0.999900
0.999790
0.998065
0.998170
0.999430
0.999465
0.999970
0.999870
0.999685
0.996655
0.999920
0.999925
0.999795
0.999840
0.995310
0.999720
0.999795
1.000000
0.999320
0.997520
0.995460
0.999405
0.998145
0.999360
0.999750
0.999835
0.999420
0.999325
0.997850
0.999840
0.999850
0.999965
0.999755
0.999780
0.999770
0.999440
0.999740
0.998130
0.940985
0.999660
0.999925
0.997950
0.998255
0.999920
0.998355
0.997395
0.988115
0.999470
0.999750
0.999820
0.998045
0.982535
0.997010
0.999370
0.983230
0.999380
0.997260
0.999790
0.999980
0.946970
0.999990
0.998000
0.997470
0.998060
0.999340
0.999840
0.998295
0.999920
0.997740
0.999495
0.999285
0.996345
0.999305
0.996800
0.999850
0.999085
0.999470
0.999950
0.998170
0.999980
0.999970
0.999975
0.999450
0.999815
0.999430
1.000000
0.998475
0.998215
0.999185
0.999370
0.997595
0.998300
0.998830
0.999370
0.999435
0.999945
0.999960
0.999980
0.997870
0.999385
0.999980
0.988635
0.997350
0.999900
0.997120
0.999960
0.999415
0.999400
0.999955
0.999315
0.997040
0.999785
0.999510
0.997905
0.999750
0.999990
0.999905
0.999400
0.999845
0.999370
0.999975
0.999800
0.999415
0.997610
0.998145
0.999440
0.998000
0.999395
0.993300
0.985570
0.999925
0.988295
0.976205
0.999805
0.999895
0.999370
0.999840
0.997870
0.999800
0.999940
0.999930
0.996865
0.998165
0.999490
0.999475
0.999770
1.000000
0.999895
0.998225
0.999895
0.999765
0.999825
0.996265
0.999745
0.982720
0.999915
0.999935
0.997660
0.997230
0.979475
0.999980
0.999740
0.999450
0.999390
0.999750
0.999775
0.996915
0.999775
0.999450
