0.999995
0.981545
0.999925
0.999930
0.999790
0.999775
0.998025
0.998255
0.999720
0.999965
0.999820
0.999910
0.997730
0.998325
0.999805
0.999485
0.997070
0.999785
0.999915
0.999990
0.999470
0.998090
0.999735
0.998940
0.996285
0.999445
0.998030
0.999820
0.999995
0.999935
0.998940
0.999915
0.999840
0.998065
0.998130
0.999535
0.999420
0.999970
0.999820
0.999675
0.997265
0.999940
0.999905
0.999790
0.999820
0.994415
0.999685
0.999815
1.000000
0.999460
0.997640
0.995155
0.999460
0.997990
0.999410
0.999745
0.999780
0.999290
0.999275
0.997610
0.999815
0.999820
0.999985
0.999755
0.999845
0.999775
0.999475
0.999825
0.998205
0.945640
0.999600
0.999960
0.997780
0.998355
0.999940
0.998290
0.997525
0.987635
0.999435
0.999765
0.999785
0.998105
0.983515
0.996680
0.999370
0.982845
0.999405
0.997135
0.999795
0.999945
0.939255
0.999995
0.998285
0.997745
0.998145
0.999265
0.999745
0.998270
0.999920
0.997650
0.999495
0.999325
0.996775
0.999255
0.996960
0.999785
0.999100
0.999400
0.999975
0.998105
0.999975
0.999985
0.999990
0.999455
0.999775
0.999390
1.000000
0.998265
0.998255
0.999285
0.999310
0.997365
0.998115
0.998945
0.999485
0.999585
0.999940
0.999925
0.999970
0.997855
0.999365
0.999980
0.988320
0.997365
0.999945
0.997265
0.999960
0.999490
0.999440
0.999965
0.999350
0.997475
0.999805
0.999415
0.998220
0.999780
0.999995
0.999930
0.999435
0.999785
0.999425
0.999975
0.999860
0.999375
0.997640
0.998020
0.999420
0.997970
0.999425
0.993245
0.985765
0.999905
0.989100
0.971925
0.999770
0.999920
0.999465
0.999825
0.998010
0.999795
0.999980
0.999940
0.996745
0.998045
0.999425
0.999480
0.999780
1.000000
0.999950
0.997845
0.999920
0.999815
0.999695
0.996225
0.999780
0.983465
0.999960
0.999990
0.997840
0.996585
0.980605
0.999990
0.999775
0.999405
0.999450
0.999750
0.999725
0.996690
0.999780
0.999465
