0.999955
0.981330
0.999955
0.999960
0.999820
0.999750
0.997895
0.998145
0.999770
0.999970
0.999835
0.999915
0.997720
0.998250
0.999740
0.999450
0.995505
0.999800
0.999865
0.999990
0.999445
0.997855
0.999725
0.998970
0.995990
0.999400
0.998105
0.999775
0.999995
0.999940
0.998955
0.999920
0.999825
0.997940
0.998295
0.999480
0.999370
0.999960
0.999800
0.999630
0.997315
0.999935
0.999935
0.999810
0.999795
0.993355
0.999765
0.999835
1.000000
0.999440
0.997590
0.995055
0.999415
0.998200
0.999345
0.999850
0.999720
0.999485
0.999335
0.997760
0.999860
0.999820
0.999985
0.999790
0.999865
0.999735
0.999510
0.999855
0.998280
0.941065
0.999685
0.999925
0.997810
0.998345
0.999945
0.998210
0.997420
0.989280
0.999310
0.999765
0.999820
0.997885
0.983725
0.996740
0.999355
0.982170
0.999450
0.997300
0.999805
0.999920
0.931775
0.999990
0.998480
0.997485
0.998005
0.999375
0.999780
0.998305
0.999965
0.997830
0.999525
0.999320
0.996685
0.999300
0.996890
0.999825
0.999185
0.999390
0.999975
0.998070
0.999960
0.999965
0.999995
0.999300
0.999790
0.999410
1.000000
0.998050
0.998185
0.999145
0.999325
0.997465
0.998310
0.998805
0.999390
0.999405
0.999940
0.999945
0.999990
0.997745
0.999540
0.999980
0.988495
0.997215
0.999960
0.997320
0.999950
0.999225
0.999515
0.999980
0.999455
0.997500
0.999790
0.999440
0.998100
0.999810
1.000000
0.999925
0.999405
0.999865
0.999360
0.999985
0.999775
0.999410
0.997875
0.998045
0.999370
0.997975
0.999395
0.993315
0.985185
0.999910
0.987810
0.975655
0.999800
0.999930
0.999455
0.999720
0.997995
0.999810
0.999970
0.999970
0.997070
0.997960
0.999410
0.999420
0.999795
0.999985
0.999890
0.998140
0.999925
0.999800
0.999710
0.996020
0.999815
0.983310
0.999910
0.999950
0.997660
0.996900
0.978055
0.999990
0.999860
0.999475
0.999325
0.999840
0.999775
0.996800
0.999845
0.999415
