0.999975
0.982620
0.999930
0.999925
0.999805
0.999835
0.998035
0.998115
0.999790
1.000000
0.999790
0.999950
0.997505
0.998270
0.999820
0.999395
0.995645
0.999750
0.999980
0.999985
0.999370
0.997965
0.999750
0.998910
0.996120
0.999430
0.998000
0.999765
0.999990
0.999920
0.998825
0.999940
0.999780
0.998095
0.998080
0.999500
0.999445
0.999970
0.999835
0.999610
0.997230
0.999935
0.999920
0.999790
0.999810
0.994230
0.999730
0.999820
0.999995
0.999380
0.997710
0.995260
0.999475
0.998175
0.999450
0.999775
0.999765
0.999455
0.999140
0.997875
0.999805
0.999785
0.999990
0.999815
0.999820
0.999785
0.999430
0.999835
0.998150
0.938720
0.999660
0.999905
0.998030
0.998155
0.999880
0.998285
0.997730
0.988545
0.999385
0.999760
0.999775
0.997775
0.983930
0.996465
0.999410
0.982925
0.999420
0.997205
0.999785
0.999945
0.944050
0.999985
0.998245
0.997355
0.998195
0.999370
0.999800
0.998370
0.999945
0.997950
0.999430
0.999155
0.996395
0.999255
0.996565
0.999800
0.999090
0.999405
0.999985
0.997975
1.000000
0.999980
0.999975
0.999505
0.999800
0.999360
1.000000
0.998475
0.998170
0.999130
0.999320
0.997650
0.998365
0.998745
0.999410
0.999435
0.999940
0.999925
0.999985
0.997730
0.999395
0.999950
0.988600
0.997335
0.999925
0.997125
0.999950
0.999415
0.999490
0.999995
0.999495
0.997535
0.999795
0.999410
0.997985
0.999820
0.999985
0.999920
0.999535
0.999815
0.999260
0.999995
0.999835
0.999360
0.997605
0.998025
0.999465
0.997995
0.999285
0.992850
0.985870
0.999920
0.987695
0.978095
0.999815
0.999890
0.999450
0.999810
0.997850
0.999750
0.999960
0.999925
0.996670
0.998100
0.999410
0.999520
0.999800
0.999995
0.999895
0.997975
0.999915
0.999900
0.999740
0.996030
0.999830
0.982410
0.999905
0.999980
0.997795
0.996760
0.978580
0.999970
0.999815
0.999425
0.999380
0.999810
0.999805
0.996840
0.999830
0.999395
