0.999985
0.981795
0.999920
0.999910
0.999765
0.999790
0.998240
0.998170
0.999810
0.999975
0.999820
0.999885
0.997335
0.998060
0.999805
0.999475
0.996650
0.999785
0.999945
0.999995
0.999415
0.997875
0.999695
0.998965
0.996030
0.999445
0.997945
0.999750
0.999995
0.999925
0.998955
0.999925
0.999815
0.998120
0.998225
0.999490
0.999440
0.999975
0.999815
0.999750
0.996425
0.999940
0.999940
0.999795
0.999780
0.995090
0.999675
0.999870
0.999995
0.999440
0.997685
0.994660
0.999500
0.998270
0.999365
0.999840
0.999835
0.999460
0.999210
0.997870
0.999840
0.999840
0.999985
0.999845
0.999835
0.999820
0.999445
0.999840
0.998425
0.939185
0.999570
0.999935
0.997705
0.998370
0.999910
0.998140
0.997405
0.987645
0.999385
0.999755
0.999805
0.997725
0.983775
0.996800
0.999425
0.983895
0.999415
0.997205
0.999785
0.999905
0.928115
1.000000
0.998175
0.997540
0.998090
0.999345
0.999815
0.998320
0.999910
0.997670
0.999560
0.999380
0.996410
0.999470
0.996615
0.999835
0.999105
0.999440
0.999950
0.998150
0.999975
0.999945
1.000000
0.999420
0.999805
0.999395
0.999995
0.998260
0.998085
0.999315
0.999250
0.997670
0.998190
0.998785
0.999440
0.999390
0.999915
0.999935
0.999995
0.997665
0.999370
0.999980
0.989145
0.997335
0.999905
0.997280
0.999920
0.999545
0.999385
0.999985
0.999450
0.997420
0.999780
0.999455
0.998100
0.999855
0.999995
0.999900
0.999385
0.999810
0.999390
0.999995
0.999815
0.999405
0.997620
0.998300
0.999410
0.998100
0.999340
0.993630
0.986035
0.999915
0.987420
0.975895
0.999780
0.999875
0.999360
0.999790
0.997790
0.999840
0.999950
0.999930
0.996055
0.998210
0.999440
0.999400
0.999755
0.999995
0.999960
0.998180
0.999905
0.999785
0.999665
0.996080
0.999825
0.982975
0.999925
0.999975
0.997715
0.997115
0.977545
0.999985
0.999795
0.999345
0.999310
0.999825
0.999825
0.997210
0.999825
0.999505
