0.999975
0.983425
0.999925
0.999935
0.999760
0.999805
0.997955
0.998325
0.999790
0.999975
0.999855
0.999925
0.997510
0.998240
0.999845
0.999430
0.996615
0.999800
0.999935
0.999990
0.999470
0.997990
0.999745
0.998930
0.996340
0.999355
0.998170
0.999835
0.999990
0.999925
0.998960
0.999935
0.999825
0.998050
0.998145
0.999515
0.999355
0.999955
0.999825
0.999710
0.997430
0.999945
0.999955
0.999815
0.999740
0.994425
0.999730
0.999865
0.999995
0.999490
0.997595
0.995015
0.999505
0.998140
0.999405
0.999865
0.999770
0.999505
0.999210
0.997845
0.999885
0.999790
0.999995
0.999820
0.999835
0.999825
0.999455
0.999855
0.998090
0.944935
0.999635
0.999915
0.997640
0.998295
0.999925
0.998165
0.997590
0.987885
0.999400
0.999750
0.999815
0.998085
0.982070
0.996165
0.999480
0.983275
0.999455
0.997075
0.999830
0.999930
0.936060
0.999995
0.998240
0.997440
0.998125
0.999290
0.999745
0.998370
0.999920
0.997825
0.999500
0.999230
0.996505
0.999325
0.996690
0.999800
0.999205
0.999435
0.999985
0.998035
0.999960
0.999975
0.999990
0.999405
0.999810
0.999385
0.999995
0.998195
0.998285
0.999260
0.999395
0.997570
0.998285
0.998810
0.999395
0.999380
0.999945
0.999950
0.999975
0.997850
0.999465
0.999980
0.988190
0.997445
0.999935
0.997235
0.999910
0.999470
0.999510
0.999995
0.999445
0.997590
0.999840
0.999445
0.998240
0.999800
0.999990
0.999925
0.999315
0.999805
0.999495
0.999980
0.999795
0.999425
0.997595
0.998080
0.999405
0.997960
0.999435
0.993185
0.983935
0.999965
0.985205
0.978870
0.999775
0.999950
0.999475
0.999795
0.998010
0.999845
0.999925
0.999905
0.996180
0.998280
0.999415
0.999450
0.999800
0.999995
0.999935
0.998200
0.999895
0.999790
0.999760
0.996200
0.999805
0.982735
0.999865
0.999985
0.997890
0.997195
0.975260
0.999975
0.999815
0.999285
0.999290
0.999800
0.999765
0.997145
0.999775
0.999480
