0.999960
0.981775
0.999940
0.999935
0.999800
0.999830
0.998060
0.998390
0.999770
0.999950
0.999755
0.999915
0.997600
0.998155
0.999860
0.999410
0.996355
0.999795
0.999925
0.999995
0.999335
0.997945
0.999755
0.998780
0.996455
0.999395
0.997895
0.999845
0.999995
0.999945
0.998830
0.999935
0.999835
0.998110
0.998220
0.999440
0.999545
0.999960
0.999860
0.999685
0.997330
0.999945
0.999940
0.999830
0.999865
0.996745
0.999700
0.999805
0.999995
0.999470
0.997885
0.995250
0.999495
0.998140
0.999440
0.999760
0.999800
0.999530
0.999345
0.997700
0.999810
0.999805
1.000000
0.999810
0.999815
0.999815
0.999560
0.999750
0.998235
0.927655
0.999580
0.999950
0.997945
0.998175
0.999910
0.998120
0.997615
0.988240
0.999330
0.999810
0.999775
0.997650
0.980245
0.997220
0.999470
0.983070
0.999555
0.997410
0.999835
0.999920
0.937855
0.999990
0.998360
0.997505
0.998205
0.999370
0.999795
0.998255
0.999930
0.997680
0.999420
0.999255
0.995420
0.999390
0.997195
0.999795
0.999195
0.999370
0.999985
0.998060
0.999975
0.999975
0.999985
0.999485
0.999765
0.999505
0.999995
0.998215
0.998285
0.999185
0.999330
0.997460
0.998115
0.998850
0.999370
0.999460
0.999930
0.999960
0.999990
0.997910
0.999470
0.999975
0.988680
0.997450
0.999940
0.997005
0.999950
0.999550
0.999415
0.999970
0.999450
0.997495
0.999840
0.999340
0.997890
0.999765
0.999990
0.999955
0.999480
0.999765
0.999400
0.999970
0.999820
0.999295
0.997725
0.998060
0.999555
0.998205
0.999260
0.992945
0.985705
0.999960
0.987485
0.971905
0.999770
0.999940
0.999525
0.999810
0.997945
0.999790
0.999950
0.999885
0.997065
0.998140
0.999420
0.999395
0.999705
0.999995
0.999940
0.997910
0.999880
0.999780
0.999700
0.996400
0.999805
0.982910
0.999950
0.999975
0.997905
0.997090
0.979620
0.999980
0.999805
0.999360
0.999360
0.999790
0.999790
0.996790
0.999800
0.999470
