0.999990
0.981855
0.999945
0.999950
0.999780
0.999840
0.998170
0.998310
0.999805
0.999975
0.999755
0.999920
0.997555
0.997890
0.999815
0.999405
0.996205
0.999860
0.999920
0.999995
0.999380
0.997910
0.999740
0.998935
0.996495
0.999410
0.998140
0.999840
0.999985
0.999925
0.998970
0.999900
0.999780
0.998035
0.998235
0.999330
0.999450
0.999965
0.999870
0.999675
0.997665
0.999950
0.999945
0.999790
0.999795
0.996225
0.999760
0.999875
1.000000
0.999470
0.997760
0.994870
0.999430
0.998105
0.999355
0.999800
0.999830
0.999365
0.999265
0.997780
0.999805
0.999815
1.000000
0.999725
0.999865
0.999760
0.999490
0.999795
0.998140
0.944345
0.999655
0.999935
0.998115
0.998240
0.999945
0.998225
0.997715
0.988720
0.999415
0.999640
0.999775
0.997805
0.983045
0.996950
0.999400
0.983170
0.999420
0.997275
0.999760
0.999935
0.934960
1.000000
0.998115
0.997655
0.998120
0.999335
0.999760
0.998320
0.999935
0.997680
0.999370
0.999285
0.996415
0.999335
0.996920
0.999795
0.999090
0.999535
0.999995
0.998245
0.999980
0.999975
1.000000
0.999510
0.999805
0.999505
1.000000
0.998085
0.998475
0.999255
0.999275
0.997760
0.998170
0.998805
0.999475
0.999450
0.999915
0.999905
0.999975
0.997555
0.999350
0.999960
0.988700
0.997370
0.999910
0.997295
0.999940
0.999465
0.999375
0.999980
0.999320
0.997345
0.999810
0.999380
0.998115
0.999810
1.000000
0.999930
0.999385
0.999835
0.999390
0.999980
0.999805
0.999440
0.997865
0.998035
0.999450
0.997870
0.999355
0.993110
0.986285
0.999925
0.987895
0.975670
0.999750
0.999895
0.999330
0.999805
0.997910
0.999785
0.999930
0.999920
0.995710
0.998260
0.999390
0.999490
0.999785
1.000000
0.999935
0.998105
0.999915
0.999735
0.999805
0.996635
0.999865
0.982985
0.999905
0.999990
0.997575
0.997050
0.980165
0.999970
0.999800
0.999395
0.999305
0.999855
0.999845
0.996825
0.999815
0.999500
