0.999980
0.983290
0.999945
0.999925
0.999855
0.999825
0.998035
0.998230
0.999805
0.999940
0.999815
0.999950
0.997635
0.998215
0.999790
0.999470
0.996485
0.999820
0.999925
0.999985
0.999460
0.997910
0.999780
0.998770
0.996535
0.999435
0.998095
0.999805
0.999980
0.999945
0.998940
0.999950
0.999805
0.998095
0.998205
0.999460
0.999445
0.999945
0.999770
0.999655
0.997285
0.999930
0.999940
0.999825
0.999825
0.996330
0.999685
0.999840
0.999995
0.999445
0.997705
0.995355
0.999515
0.997985
0.999360
0.999830
0.999715
0.999395
0.999290
0.997725
0.999830
0.999795
1.000000
0.999790
0.999805
0.999795
0.999460
0.999755
0.998155
0.939100
0.999630
0.999930
0.997885
0.998310
0.999930
0.998215
0.997640
0.988580
0.999395
0.999725
0.999775
0.997870
0.982935
0.996575
0.999430
0.981810
0.999500
0.997160
0.999795
0.999915
0.942880
0.999985
0.998265
0.997620
0.998015
0.999395
0.999755
0.998480
0.999935
0.997785
0.999355
0.999350
0.996555
0.999405
0.996990
0.999860
0.999140
0.999415
0.999980
0.998200
0.999985
0.999985
1.000000
0.999480
0.999805
0.999405
0.999995
0.998310
0.998125
0.999300
0.999275
0.997795
0.998190
0.998845
0.999440
0.999490
0.999930
0.999940
0.999985
0.997840
0.999475
0.999965
0.988310
0.997430
0.999925
0.997095
0.999930
0.999385
0.999520
0.999975
0.999430
0.997550
0.999815
0.999405
0.998145
0.999785
0.999990
0.999930
0.999395
0.999820
0.999500
0.999990
0.999840
0.999460
0.997575
0.998185
0.999495
0.998040
0.999265
0.993185
0.982925
0.999965
0.986510
0.977685
0.999765
0.999930
0.999370
0.999775
0.998025
0.999845
0.999945
0.999900
0.997195
0.998055
0.999345
0.999485
0.999800
0.999995
0.999895
0.998115
0.999940
0.999835
0.999780
0.996240
0.999790
0.982590
0.999890
0.999960
0.997560
0.997210
0.979670
0.999975
0.999855
0.999405
0.999330
0.999825
0.999725
0.996590
0.999790
0.999470
