0.999985
0.981995
0.999930
0.999935
0.999840
0.999765
0.998240
0.998100
0.999815
0.999980
0.999830
0.999950
0.997695
0.998275
0.999770
0.999545
0.996450
0.999820
0.999940
0.999990
0.999390
0.998250
0.999755
0.998735
0.995765
0.999400
0.998035
0.999815
1.000000
0.999920
0.998815
0.999925
0.999785
0.998000
0.998185
0.999540
0.999335
0.999970
0.999815
0.999735
0.997340
0.999920
0.999905
0.999825
0.999830
0.996505
0.999675
0.999765
0.999995
0.999495
0.997495
0.995525
0.999425
0.998225
0.999410
0.999795
0.999755
0.999410
0.999205
0.997805
0.999810
0.999780
0.999995
0.999830
0.999790
0.999815
0.999555
0.999875
0.998145
0.925605
0.999635
0.999935
0.997680
0.998220
0.999920
0.998340
0.997395
0.988145
0.999475
0.999770
0.999815
0.997810
0.981950
0.996775
0.999385
0.983140
0.999480
0.997405
0.999860
0.999955
0.945720
0.999995
0.998240
0.997935
0.998100
0.999390
0.999825
0.998205
0.999940
0.997895
0.999370
0.999345
0.994420
0.999340
0.997210
0.999840
0.999145
0.999455
0.999995
0.998200
0.999960
0.999980
0.999995
0.999405
0.999765
0.999340
1.000000
0.998240
0.998305
0.999420
0.999315
0.997525
0.998155
0.998925
0.999320
0.999440
0.999960
0.999930
0.999975
0.997860
0.999480
0.999980
0.988200
0.997205
0.999960
0.997235
0.999905
0.999560
0.999560
0.999985
0.999505
0.997315
0.999805
0.999425
0.998095
0.999825
0.999990
0.999905
0.999390
0.999820
0.999455
0.999945
0.999810
0.999400
0.997720
0.997955
0.999425
0.998100
0.999420
0.993050
0.982745
0.999950
0.987470
0.977705
0.999780
0.999905
0.999510
0.999800
0.997980
0.999780
0.999950
0.999900
0.995905
0.998300
0.999450
0.999445
0.999745
0.999995
0.999965
0.997905
0.999925
0.999795
0.999740
0.995830
0.999855
0.983220
0.999880
0.999975
0.997610
0.997160
0.975380
0.999965
0.999785
0.999480
0.999400
0.999785
0.999755
0.996915
0.999805
0.999420
