0.999975
0.983575
0.999955
0.999940
0.999805
0.999780
0.998185
0.998250
0.999765
0.999985
0.999825
0.999945
0.997665
0.998295
0.999830
0.999380
0.996330
0.999830
0.999930
0.999990
0.999460
0.998195
0.999685
0.998905
0.996300
0.999455
0.998140
0.999800
0.999990
0.999925
0.998970
0.999940
0.999840
0.998090
0.998220
0.999540
0.999485
0.999935
0.999815
0.999710
0.996400
0.999930
0.999930
0.999855
0.999775
0.995485
0.999705
0.999850
1.000000
0.999410
0.997940
0.994995
0.999515
0.998230
0.999355
0.999825
0.999760
0.999345
0.999215
0.997780
0.999775
0.999855
0.999995
0.999825
0.999865
0.999830
0.999475
0.999755
0.998330
0.939370
0.999580
0.999880
0.997725
0.998290
0.999920
0.998435
0.997460
0.988630
0.999345
0.999745
0.999810
0.997845
0.981270
0.997010
0.999405
0.982705
0.999495
0.997210
0.999790
0.999950
0.938070
0.999990
0.998300
0.997835
0.998140
0.999390
0.999810
0.997430
0.999960
0.997865
0.999470
0.999275
0.996450
0.999295
0.997170
0.999850
0.999100
0.999465
0.999975
0.998155
0.999970
0.999975
0.999995
0.999515
0.999810
0.999515
1.000000
0.998330
0.998215
0.999370
0.999320
0.997490
0.998305
0.998890
0.999460
0.999435
0.999925
0.999905
0.999985
0.998045
0.999460
0.999975
0.988930
0.997150
0.999950
0.997010
0.999955
0.999395
0.999445
0.999980
0.999415
0.997365
0.999835
0.999405
0.997985
0.999805
0.999995
0.999960
0.999410
0.999795
0.999450
0.999975
0.999835
0.999320
0.997515
0.998055
0.999430
0.997865
0.999375
0.993145
0.981585
0.999920
0.986070
0.977595
0.999760
0.999910
0.999465
0.999815
0.997840
0.999805
0.999970
0.999920
0.996825
0.997950
0.999460
0.999380
0.999760
1.000000
0.999930
0.998005
0.999915
0.999825
0.999745
0.996375
0.999830
0.983030
0.999930
0.999985
0.997900
0.997420
0.978015
0.999975
0.999870
0.999470
0.999345
0.999820
0.999770
0.996985
0.999805
0.999445
