0.999980
0.979680
0.999890
0.999925
0.999835
0.999795
0.998005
0.998200
0.999820
0.999955
0.999840
0.999945
0.997920
0.998055
0.999795
0.999475
0.996085
0.999865
0.999920
0.999990
0.999435
0.997795
0.999745
0.998790
0.996110
0.999380
0.998060
0.999765
0.999995
0.999895
0.998705
0.999875
0.999790
0.998210
0.998145
0.999490
0.999490
0.999940
0.999765
0.999645
0.997135
0.999920
0.999945
0.999820
0.999800
0.995235
0.999740
0.999820
1.000000
0.999350
0.997705
0.995085
0.999450
0.998180
0.999390
0.999800
0.999780
0.999490
0.999290
0.997560
0.999820
0.999805
0.999985
0.999835
0.999785
0.999825
0.999390
0.999805
0.998230
0.932440
0.999635
0.999930
0.997850
0.998350
0.999940
0.998140
0.997665
0.988565
0.999415
0.999735
0.999825
0.997805
0.983645
0.996285
0.999455
0.982480
0.999485
0.996905
0.999815
0.999920
0.936255
0.999985
0.998355
0.997680
0.997995
0.999385
0.999770
0.998475
0.999905
0.997830
0.999415
0.999320
0.996375
0.999370
0.996805
0.999805
0.999245
0.999430
0.999965
0.998200
0.999970
0.999975
0.999985
0.999450
0.999735
0.999445
0.999995
0.998380
0.998145
0.999230
0.999210
0.997740
0.998270
0.998880
0.999450
0.999490
0.999940
0.999930
0.999975
0.997655
0.999490
0.999970
0.987555
0.997485
0.999930
0.995940
0.999930
0.999330
0.999430
0.999990
0.999410
0.997400
0.999805
0.999360
0.998185
0.999810
1.000000
0.999940
0.999445
0.999875
0.999385
0.999970
0.999830
0.999390
0.997505
0.998260
0.999375
0.997945
0.999380
0.993210
0.987255
0.999945
0.986185
0.979135
0.999810
0.999940
0.999545
0.999750
0.998020
0.999810
0.999975
0.999940
0.997075
0.998190
0.999460
0.999450
0.999760
1.000000
0.999940
0.997965
0.999890
0.999800
0.999785
0.995965
0.999825
0.982585
0.999925
0.999970
0.997630
0.996585
0.977620
0.999965
0.999835
0.999360
0.999460
0.999825
0.999780
0.995575
0.999890
0.999450
