0.999955
0.982665
0.999940
0.999915
0.999815
0.999805
0.997950
0.998150
0.999805
0.999970
0.999810
0.999940
0.997605
0.997990
0.999795
0.999435
0.995495
0.999825
0.999920
0.999995
0.999480
0.998035
0.999670
0.998855
0.996200
0.999430
0.997945
0.999750
1.000000
0.999925
0.998940
0.999905
0.999815
0.998035
0.998305
0.999470
0.999360
0.999960
0.999825
0.999675
0.997390
0.999930
0.999920
0.999810
0.999850
0.995505
0.999710
0.999790
1.000000
0.999505
0.997730
0.994735
0.999490
0.998230
0.999355
0.999775
0.999860
0.999450
0.999320
0.997770
0.999860
0.999770
0.999985
0.999760
0.999820
0.999785
0.999455
0.999805
0.998000
0.940175
0.999645
0.999955
0.997670
0.998200
0.999910
0.998195
0.996430
0.988330
0.999330
0.999715
0.999795
0.997760
0.982930
0.996835
0.999480
0.983365
0.999395
0.997255
0.999765
0.999925
0.930365
0.999995
0.998375
0.997725
0.998155
0.999405
0.999820
0.998355
0.999945
0.997885
0.999420
0.999385
0.996555
0.999435
0.997100
0.999755
0.999055
0.999455
0.999965
0.998220
0.999995
0.999975
0.999995
0.999430
0.999760
0.999500
1.000000
0.998235
0.998080
0.999275
0.999300
0.997625
0.998265
0.998865
0.999445
0.999460
0.999925
0.999945
0.999995
0.997625
0.999485
0.999980
0.987935
0.997365
0.999910
0.997035
0.999950
0.999350
0.999525
0.999965
0.999470
0.997160
0.999805
0.999415
0.998000
0.999840
0.999995
0.999945
0.999330
0.999835
0.999325
0.999980
0.999850
0.999440
0.997715
0.998215
0.999500
0.997865
0.999405
0.993725
0.986085
0.999935
0.986220
0.979045
0.999815
0.999900
0.999465
0.999785
0.997945
0.999840
0.999955
0.999920
0.996985
0.998160
0.999355
0.999490
0.999765
1.000000
0.999950
0.998125
0.999885
0.999860
0.999780
0.995905
0.999835
0.983455
0.999900
0.999985
0.997820
0.997440
0.973820
0.999970
0.999840
0.999340
0.999350
0.999805
0.999825
0.997315
0.999795
0.999395
