0.999975
0.982220
0.999940
0.999905
0.999830
0.999825
0.997950
0.998160
0.999765
0.999985
0.999765
0.999940
0.997925
0.998195
0.999780
0.999485
0.996410
0.999855
0.999925
0.999995
0.999435
0.998180
0.999750
0.998950
0.995740
0.999430
0.998025
0.999815
0.999990
0.999905
0.998880
0.999915
0.999815
0.998090
0.998210
0.999490
0.999425
0.999950
0.999850
0.999645
0.997330
0.999945
0.999925
0.999820
0.999835
0.996370
0.999755
0.999815
0.999995
0.999455
0.997555
0.995210
0.999500
0.998125
0.999430
0.999785
0.999840
0.999500
0.999310
0.997820
0.999865
0.999800
0.999995
0.999810
0.999780
0.999830
0.999530
0.999775
0.998055
0.930625
0.999615
0.999930
0.997815
0.998285
0.999900
0.997995
0.997685
0.988815
0.999370
0.999675
0.999795
0.997650
0.983280
0.996830
0.999250
0.983185
0.999435
0.996905
0.999785
0.999940
0.940255
0.999990
0.998340
0.997790
0.998180
0.999475
0.999835
0.998395
0.999940
0.997725
0.999470
0.999205
0.994735
0.999275
0.996970
0.999790
0.999115
0.999460
0.999980
0.998065
0.999960
0.999965
0.999995
0.999450
0.999785
0.999350
0.999990
0.998165
0.998325
0.999335
0.999380
0.997645
0.998125
0.998950
0.999440
0.999385
0.999945
0.999930
0.999965
0.997865
0.999435
0.999990
0.988070
0.997260
0.999910
0.997050
0.999920
0.999420
0.999435
0.999985
0.999425
0.997320
0.999780
0.999335
0.998000
0.999815
0.999990
0.999895
0.999440
0.999815
0.999470
0.999980
0.999780
0.999475
0.997580
0.998260
0.999320
0.997975
0.999420
0.993260
0.987275
0.999935
0.988480
0.975205
0.999810
0.999900
0.999395
0.999820
0.998180
0.999810
0.999965
0.999950
0.996830
0.998285
0.999510
0.999460
0.999765
0.999995
0.999935
0.997940
0.999925
0.999875
0.999705
0.995765
0.999825
0.982305
0.999915
0.999965
0.997760
0.996865
0.981635
0.999990
0.999705
0.999445
0.999435
0.999855
0.999730
0.996750
0.999775
0.999475
