0.999960
0.983900
0.999935
0.999950
0.999765
0.999805
0.998080
0.998120
0.999845
0.999960
0.999840
0.999935
0.997865
0.998195
0.999780
0.999345
0.996710
0.999800
0.999955
1.000000
0.999510
0.998020
0.999720
0.998865
0.995970
0.999320
0.997825
0.999795
0.999990
0.999920
0.998955
0.999890
0.999790
0.998140
0.998245
0.999390
0.999460
0.999975
0.999850
0.999700
0.997240
0.999935
0.999950
0.999815
0.999800
0.995315
0.999755
0.999810
0.999995
0.999430
0.997595
0.995435
0.999380
0.998220
0.999365
0.999790
0.999775
0.999490
0.999170
0.997810
0.999800
0.999825
1.000000
0.999795
0.999840
0.999770
0.999455
0.999800
0.998355
0.933915
0.999615
0.999935
0.997885
0.998390
0.999940
0.998245
0.997535
0.987060
0.999355
0.999760
0.999780
0.997765
0.980925
0.996705
0.999410
0.982810
0.999480
0.997320
0.999775
0.999915
0.949080
0.999985
0.998250
0.997855
0.998255
0.999365
0.999740
0.998370
0.999925
0.997760
0.999415
0.999220
0.996780
0.999235
0.996880
0.999815
0.999140
0.999375
0.999975
0.998110
0.999970
0.999960
0.999990
0.999460
0.999780
0.999305
0.999995
0.998250
0.998095
0.999225
0.999355
0.997490
0.998290
0.998900
0.999415
0.999395
0.999930
0.999935
0.999980
0.997725
0.999495
0.999960
0.988660
0.996970
0.999940
0.997485
0.999945
0.999485
0.999395
0.999990
0.999325
0.997415
0.999775
0.999495
0.998080
0.999845
0.999995
0.999915
0.999380
0.999755
0.999375
0.999980
0.999755
0.999365
0.997630
0.998095
0.999480
0.998085
0.999450
0.992885
0.985795
0.999945
0.988230
0.974510
0.999840
0.999945
0.999475
0.999840
0.997860
0.999790
0.999960
0.999910
0.996960
0.998080
0.999445
0.999425
0.999705
0.999995
0.999945
0.997915
0.999945
0.999750
0.999780
0.996095
0.999770
0.982370
0.999930
0.999960
0.997695
0.997025
0.980560
0.999970
0.999795
0.999335
0.999405
0.999900
0.999810
0.997020
0.999775
0.999460
