0.999980
0.983455
0.999960
0.999925
0.999890
0.999825
0.998140
0.998335
0.999745
0.999985
0.999780
0.999960
0.997820
0.998220
0.999765
0.999420
0.996585
0.999835
0.999900
1.000000
0.999455
0.997850
0.999730
0.998970
0.996115
0.999560
0.998145
0.999750
0.999995
0.999920
0.998960
0.999940
0.999815
0.998240
0.998255
0.999400
0.999435
0.999960
0.999775
0.999630
0.996500
0.999950
0.999900
0.999830
0.999780
0.995440
0.999705
0.999840
1.000000
0.999475
0.997535
0.995315
0.999395
0.998080
0.999350
0.999815
0.999785
0.999465
0.999190
0.997745
0.999805
0.999855
0.999990
0.999840
0.999775
0.999820
0.999375
0.999785
0.998135
0.949685
0.999625
0.999920
0.997730
0.998360
0.999925
0.998285
0.997690
0.988635
0.999380
0.999755
0.999815
0.998045
0.982920
0.996935
0.999500
0.983730
0.999455
0.997475
0.999780
0.999930
0.941495
1.000000
0.998280
0.997680
0.998210
0.999420
0.999770
0.998270
0.999925
0.997745
0.999395
0.999350
0.996610
0.999350
0.997015
0.999835
0.999200
0.999430
0.999965
0.998240
0.999980
0.999990
1.000000
0.999495
0.999795
0.999525
1.000000
0.998135
0.998075
0.999330
0.999260
0.997680
0.998190
0.998765
0.999495
0.999470
0.999880
0.999945
0.999970
0.997625
0.999445
0.999970
0.988240
0.997320
0.999950
0.997240
0.999935
0.999410
0.999350
0.999975
0.999445
0.997435
0.999805
0.999385
0.998140
0.999800
0.999990
0.999920
0.999450
0.999760
0.999450
0.999970
0.999865
0.999415
0.997755
0.998255
0.999460
0.998045
0.999435
0.993135
0.986600
0.999955
0.987350
0.977850
0.999755
0.999930
0.999405
0.999785
0.997995
0.999800
0.999970
0.999930
0.997215
0.998170
0.999495
0.999370
0.999720
1.000000
0.999910
0.997895
0.999890
0.999795
0.999735
0.996095
0.999830
0.982400
0.999900
0.999975
0.997700
0.997130
0.979900
0.999995
0.999785
0.999420
0.999395
0.999810
0.999780
0.996695
0.999815
0.999530
