0.999990
0.981265
0.999935
0.999940
0.999805
0.999830
0.998090
0.998295
0.999790
0.999975
0.999800
0.999945
0.997620
0.998160
0.999765
0.999380
0.996290
0.999810
0.999940
0.999975
0.999410
0.997970
0.999715
0.999065
0.995990
0.999455
0.998035
0.999800
0.999985
0.999920
0.999020
0.999880
0.999825
0.997860
0.998135
0.999430
0.999540
0.999950
0.999860
0.999735
0.997365
0.999905
0.999925
0.999785
0.999815
0.996075
0.999710
0.999810
1.000000
0.999410
0.997695
0.994625
0.999440
0.998330
0.999350
0.999765
0.999820
0.999410
0.999250
0.997935
0.999805
0.999765
0.999985
0.999765
0.999860
0.999745
0.999585
0.999845
0.998240
0.942385
0.999590
0.999935
0.997750
0.998320
0.999955
0.998130
0.997385
0.987770
0.999385
0.999815
0.999745
0.997805
0.982670
0.996850
0.999455
0.982930
0.999480
0.997180
0.999780
0.999925
0.915750
0.999980
0.998155
0.997560
0.998010
0.999490
0.999795
0.998350
0.999955
0.997820
0.999595
0.999385
0.996265
0.999365
0.996660
0.999775
0.999130
0.999450
0.999960
0.998235
0.999990
0.999965
0.999985
0.999380
0.999745
0.999400
0.999995
0.998345
0.998160
0.999275
0.999240
0.997660
0.998090
0.998885
0.999350
0.999390
0.999970
0.999940
0.999990
0.997780
0.999410
0.999980
0.989015
0.997705
0.999940
0.997350
0.999915
0.999535
0.999445
0.999995
0.999440
0.997035
0.999815
0.999365
0.998310
0.999825
0.999985
0.999920
0.999405
0.999805
0.999455
0.999980
0.999820
0.999260
0.997385
0.998230
0.999410
0.997850
0.999425
0.993450
0.983220
0.999925
0.987255
0.974200
0.999790
0.999930
0.999440
0.999770
0.997840
0.999830
0.999915
0.999900
0.997050
0.998075
0.999420
0.999370
0.999805
1.000000
0.999945
0.998020
0.999860
0.999765
0.999815
0.995765
0.999800
0.981765
0.999915
0.999980
0.997450
0.996725
0.978240
0.999985
0.999865
0.999340
0.999455
0.999815
0.999790
0.995800
0.999825
0.999515
