0.999960
0.981885
0.999910
0.999930
0.999820
0.999880
0.998135
0.998455
0.999840
0.999960
0.999840
0.999935
0.997505
0.998280
0.999860
0.999485
0.996800
0.999840
0.999925
0.999995
0.999435
0.998185
0.999785
0.998995
0.996180
0.999415
0.998035
0.999760
0.999990
0.999940
0.998965
0.999940
0.999855
0.997965
0.998065
0.999440
0.999535
0.999960
0.999765
0.999640
0.997245
0.999910
0.999920
0.999825
0.999865
0.996375
0.999710
0.999825
0.999990
0.999395
0.997730
0.995505
0.999425
0.998365
0.999300
0.999835
0.999785
0.999375
0.999170
0.996635
0.999880
0.999780
0.999990
0.999780
0.999805
0.999805
0.999460
0.999815
0.998165
0.944040
0.999550
0.999950
0.997680
0.998195
0.999905
0.997975
0.997490
0.988615
0.999495
0.999775
0.999755
0.997790
0.984600
0.996785
0.999440
0.983335
0.999440
0.997255
0.999830
0.999940
0.943535
0.999995
0.998415
0.997790
0.998150
0.999385
0.999775
0.998355
0.999915
0.997870
0.999455
0.999325
0.996770
0.999285
0.996880
0.999840
0.999045
0.999395
0.999975
0.998110
0.999970
0.999975
0.999995
0.999450
0.999795
0.999485
1.000000
0.998015
0.998285
0.999295
0.999200
0.997455
0.998105
0.998965
0.999415
0.999380
0.999950
0.999935
0.999980
0.997575
0.999405
0.999970
0.987410
0.997595
0.999930
0.996390
0.999960
0.999355
0.999300
0.999975
0.999465
0.997240
0.999845
0.999400
0.998265
0.999875
0.999990
0.999885
0.999420
0.999795
0.999425
0.999985
0.999855
0.999475
0.997585
0.997970
0.999435
0.998185
0.999365
0.993450
0.985965
0.999940
0.988905
0.976520
0.999785
0.999915
0.999505
0.999820
0.997980
0.999840
0.999930
0.999945
0.996885
0.997965
0.999380
0.999455
0.999745
1.000000
0.999945
0.998145
0.999890
0.999840
0.999780
0.996120
0.999875
0.982035
0.999935
0.999985
0.997555
0.997230
0.979555
0.999955
0.999800
0.999495
0.999350
0.999830
0.999810
0.996900
0.999770
0.999395
