0.999985
0.981745
0.999960
0.999915
0.999785
0.999795
0.998115
0.998165
0.999825
0.999970
0.999825
0.999940
0.997880
0.998345
0.999785
0.999410
0.996680
0.999850
0.999925
0.999995
0.999320
0.997825
0.999725
0.998825
0.996515
0.999355
0.997975
0.999820
0.999990
0.999950
0.999045
0.999895
0.999820
0.998010
0.998125
0.999495
0.999480
0.999950
0.999785
0.999700
0.997340
0.999935
0.999910
0.999825
0.999795
0.995235
0.999755
0.999805
1.000000
0.999485
0.997610
0.994390
0.999460
0.997990
0.999455
0.999790
0.999780
0.999460
0.999320
0.997750
0.999815
0.999790
0.999990
0.999815
0.999825
0.999785
0.999515
0.999840
0.998165
0.932600
0.999595
0.999935
0.997890
0.998070
0.999915
0.998150
0.997615
0.988280
0.999305
0.999780
0.999800
0.998015
0.981960
0.996825
0.999470
0.983430
0.999415
0.997510
0.999800
0.999930
0.944185
1.000000
0.998125
0.997850
0.998110
0.999440
0.999775
0.998425
0.999905
0.997770
0.999500
0.999395
0.996730
0.999445
0.996595
0.999825
0.999215
0.999440
0.999980
0.998210
0.999960
0.999970
0.999990
0.999535
0.999830
0.999495
0.999990
0.998380
0.998250
0.999385
0.999315
0.997715
0.998080
0.998900
0.999440
0.999470
0.999940
0.999925
0.999950
0.997605
0.999420
0.999985
0.988725
0.997480
0.999930
0.997445
0.999945
0.999475
0.999425
0.999980
0.999445
0.997070
0.999775
0.999435
0.998250
0.999840
0.999980
0.999950
0.999445
0.999835
0.999405
0.999990
0.999800
0.999355
0.997600
0.998095
0.999410
0.997905
0.999315
0.993300
0.985940
0.999945
0.987425
0.974570
0.999830
0.999885
0.999475
0.999800
0.997930
0.999770
0.999940
0.999960
0.997040
0.998260
0.999445
0.999390
0.999770
0.999990
0.999915
0.997900
0.999910
0.999755
0.999810
0.996500
0.999810
0.983845
0.999940
0.999965
0.997745
0.996935
0.975980
0.999965
0.999840
0.999440
0.999405
0.999820
0.999830
0.996780
0.999790
0.999495
