0.999990
0.982210
0.999945
0.999950
0.999745
0.999795
0.998005
0.998250
0.999805
0.999950
0.999825
0.999950
0.997655
0.998035
0.999760
0.999370
0.996860
0.999835
0.999925
0.999995
0.999435
0.997945
0.999740
0.998925
0.996535
0.999420
0.998055
0.999835
0.999990
0.999955
0.998770
0.999895
0.999820
0.997965
0.998115
0.999495
0.999495
0.999980
0.999855
0.999705
0.997390
0.999925
0.999910
0.999775
0.999835
0.995990
0.999710
0.999815
1.000000
0.999420
0.997515
0.995445
0.999385
0.998465
0.999415
0.999830
0.999795
0.999575
0.999255
0.997940
0.999790
0.999840
0.999980
0.999825
0.999850
0.999735
0.999400
0.999750
0.998305
0.931720
0.999605
0.999955
0.997730
0.998300
0.999920
0.997990
0.997440
0.988525
0.999455
0.999825
0.999770
0.997800
0.983180
0.997120
0.999420
0.981925
0.999430
0.997330
0.999765
0.999910
0.936890
1.000000
0.998300
0.997720
0.998170
0.999355
0.999745
0.998445
0.999935
0.997695
0.999535
0.999305
0.996820
0.999260
0.996500
0.999790
0.999010
0.999440
0.999980
0.998250
0.999980
0.999955
0.999985
0.999485
0.999855
0.999495
1.000000
0.998205
0.998270
0.999305
0.999370
0.997625
0.998180
0.998950
0.999495
0.999450
0.999920
0.999955
0.999975
0.997900
0.999400
0.999975
0.988205
0.997010
0.999935
0.996365
0.999945
0.999490
0.999475
0.999980
0.999330
0.997510
0.999790
0.999440
0.998185
0.999850
1.000000
0.999940
0.999360
0.999820
0.999455
0.999975
0.999790
0.999410
0.997810
0.997985
0.999460
0.998165
0.999405
0.993145
0.986365
0.999930
0.988015
0.977785
0.999760
0.999910
0.999395
0.999820
0.998080
0.999725
0.999960
0.999910
0.996590
0.998220
0.999510
0.999450
0.999745
0.999990
0.999945
0.998050
0.999895
0.999825
0.999725
0.996495
0.999810
0.983005
0.999880
0.999975
0.997655
0.996755
0.976390
0.999960
0.999785
0.999375
0.999440
0.999775
0.999790
0.996670
0.999805
0.999375
