0.999985
0.980315
0.999925
0.999925
0.999815
0.999785
0.997815
0.998175
0.999815
0.999980
0.999825
0.999925
0.997735
0.998045
0.999815
0.999490
0.995965
0.999805
0.999925
0.999995
0.999400
0.998015
0.999850
0.998900
0.996110
0.999400
0.998145
0.999850
1.000000
0.999920
0.999020
0.999925
0.999765
0.998140
0.998195
0.999420
0.999460
0.999940
0.999835
0.999625
0.997270
0.999945
0.999925
0.999825
0.999845
0.996085
0.999780
0.999840
1.000000
0.999500
0.997880
0.995725
0.999530
0.998160
0.999380
0.999795
0.999815
0.999435
0.999205
0.997665
0.999845
0.999790
1.000000
0.999765
0.999800
0.999815
0.999475
0.999845
0.998135
0.936610
0.999620
0.999945
0.997855
0.998255
0.999885
0.997935
0.997495
0.986640
0.999255
0.999765
0.999825
0.998065
0.984460
0.996805
0.999435
0.982780
0.999475
0.997095
0.999830
0.999935
0.952565
0.999985
0.998340
0.997790
0.998220
0.999420
0.999785
0.998400
0.999920
0.997735
0.999470
0.999285
0.995115
0.999325
0.996730
0.999725
0.999155
0.999415
0.999990
0.998155
0.999970
0.999970
0.999985
0.999570
0.999760
0.999410
0.999995
0.998330
0.998275
0.999265
0.999285
0.997650
0.998160
0.998860
0.999365
0.999520
0.999915
0.999950
0.999990
0.997920
0.999495
0.999990
0.988355
0.997350
0.999945
0.997130
0.999930
0.999480
0.999450
0.999965
0.999480
0.997295
0.999860
0.999455
0.998235
0.999845
0.999990
0.999920
0.999465
0.999815
0.999400
0.999985
0.999815
0.999385
0.997795
0.998280
0.999475
0.997870
0.999265
0.993180
0.985765
0.999955
0.988935
0.981085
0.999790
0.999920
0.999455
0.999850
0.998065
0.999785
0.999945
0.999940
0.997125
0.998185
0.999460
0.999420
0.999845
1.000000
0.999960
0.997945
0.999935
0.999785
0.999715
0.996195
0.999835
0.982530
0.999910
0.999970
0.997860
0.996970
0.973035
0.999985
0.999835
0.999370
0.999345
0.999855
0.999795
0.996825
0.999820
0.999475
