0.999970
0.982170
0.999920
0.999955
0.999785
0.999825
0.998135
0.998160
0.999820
0.999960
0.999750
0.999905
0.997470
0.998125
0.999740
0.999455
0.996485
0.999840
0.999935
0.999990
0.999425
0.997940
0.999700
0.998945
0.996170
0.999425
0.997960
0.999750
1.000000
0.999960
0.998925
0.999910
0.999800
0.998195
0.998275
0.999465
0.999575
0.999970
0.999810
0.999705
0.997345
0.999980
0.999885
0.999835
0.999845
0.995370
0.999720
0.999770
0.999995
0.999405
0.997240
0.994225
0.999470
0.998195
0.999345
0.999775
0.999805
0.999445
0.999240
0.997915
0.999805
0.999820
0.999990
0.999820
0.999770
0.999820
0.999455
0.999840
0.998325
0.941770
0.999675
0.999950
0.997700
0.998035
0.999930
0.998155
0.997540
0.987295
0.999410
0.999800
0.999825
0.997935
0.984950
0.997065
0.999470
0.984045
0.999420
0.997425
0.999775
0.999940
0.942455
1.000000
0.998120
0.997530
0.998235
0.999400
0.999795
0.998440
0.999960
0.997730
0.999525
0.999330
0.996585
0.999285
0.997130
0.999765
0.999070
0.999425
0.999975
0.998110
0.999990
0.999960
1.000000
0.999390
0.999775
0.999475
1.000000
0.998125
0.998340
0.999270
0.999385
0.997510
0.998205
0.998965
0.999395
0.999465
0.999935
0.999940
0.999980
0.997615
0.999485
0.999990
0.988200
0.997400
0.999925
0.997080
0.999920
0.999330
0.999355
0.999975
0.999505
0.997060
0.999795
0.999445
0.998100
0.999835
1.000000
0.999915
0.999375
0.999840
0.999470
1.000000
0.999820
0.999440
0.997680
0.998065
0.999505
0.998275
0.999305
0.993280
0.984205
0.999945
0.987845
0.978475
0.999815
0.999925
0.999490
0.999785
0.997940
0.999805
0.999945
0.999925
0.996825
0.998095
0.999390
0.999530
0.999790
1.000000
0.999935
0.997885
0.999935
0.999830
0.999735
0.995950
0.999825
0.982980
0.999940
0.999970
0.997830
0.996930
0.982190
0.999985
0.999765
0.999405
0.999415
0.999835
0.999790
0.996840
0.999815
0.999435
