0.999950
0.981755
0.999920
0.999920
0.999845
0.999830
0.998100
0.998145
0.999795
0.999975
0.999735
0.999935
0.997695
0.998200
0.999805
0.999530
0.997105
0.999840
0.999935
0.999995
0.999360
0.998015
0.999690
0.998915
0.995880
0.999395
0.998210
0.999740
0.999985
0.999920
0.998955
0.999910
0.999820
0.997935
0.998070
0.999410
0.999355
0.999975
0.999825
0.999710
0.996480
0.999905
0.999925
0.999800
0.999775
0.995075
0.999770
0.999820
0.999995
0.999405
0.997860
0.995510
0.999400
0.998040
0.999330
0.999815
0.999810
0.999440
0.999260
0.997630
0.999865
0.999830
0.999985
0.999785
0.999755
0.999765
0.999470
0.999795
0.998260
0.914525
0.999630
0.999945
0.997935
0.998150
0.999930
0.998330
0.997195
0.985915
0.999400
0.999765
0.999750
0.997790
0.984445
0.997175
0.999470
0.983715
0.999435
0.997100
0.999730
0.999940
0.947810
0.999980
0.998275
0.997815
0.998145
0.999335
0.999850
0.997820
0.999930
0.997725
0.999410
0.999155
0.997075
0.999315
0.996880
0.999820
0.999000
0.999390
0.999980
0.998210
0.999990
0.999995
0.999995
0.999435
0.999815
0.999465
1.000000
0.998395
0.998365
0.999345
0.999165
0.997405
0.998425
0.998835
0.999360
0.999440
0.999935
0.999930
0.999975
0.997785
0.999375
0.999965
0.988585
0.997565
0.999900
0.997080
0.999940
0.999410
0.999385
0.999990
0.999425
0.997535
0.999840
0.999350
0.998035
0.999780
0.999985
0.999915
0.999415
0.999775
0.999400
0.999990
0.999825
0.999535
0.997805
0.998120
0.999515
0.998200
0.999355
0.992850
0.981300
0.999935
0.988565
0.978290
0.999765
0.999895
0.999495
0.999785
0.998000
0.999845
0.999980
0.999885
0.997285
0.998270
0.999445
0.999335
0.999875
1.000000
0.999920
0.997855
0.999935
0.999825
0.999720
0.996010
0.999795
0.982110
0.999935
0.999970
0.997865
0.997225
0.974445
0.999990
0.999800
0.999350
0.999465
0.999775
0.999780
0.997140
0.999850
0.999465
