0.999960
0.980395
0.999940
0.999950
0.999850
0.999825
0.998125
0.998190
0.999790
0.999975
0.999845
0.999935
0.997715
0.998160
0.999810
0.999325
0.996650
0.999880
0.999945
0.999995
0.999410
0.997960
0.999730
0.998960
0.996360
0.999395
0.997885
0.999845
0.999995
0.999955
0.998855
0.999930
0.999820
0.998080
0.998180
0.999395
0.999500
0.999970
0.999840
0.999680
0.995455
0.999950
0.999870
0.999835
0.999855
0.995395
0.999700
0.999780
1.000000
0.999310
0.997565
0.994595
0.999405
0.998160
0.999380
0.999785
0.999845
0.999490
0.999235
0.997795
0.999815
0.999835
0.999990
0.999825
0.999805
0.999770
0.999480
0.999785
0.998080
0.942085
0.999600
0.999910
0.997830
0.998270
0.999890
0.998100
0.997460
0.989500
0.999440
0.999840
0.999765
0.997920
0.982895
0.996780
0.999400
0.983330
0.999445
0.997280
0.999840
0.999895
0.930345
0.999985
0.998210
0.997800
0.998020
0.999475
0.999745
0.998450
0.999930
0.997660
0.999430
0.999270
0.996315
0.999370
0.996735
0.999815
0.999145
0.999395
0.999980
0.997960
0.999970
0.999975
0.999995
0.999420
0.999780
0.999470
1.000000
0.998320
0.998195
0.999230
0.999200
0.996460
0.998170
0.999005
0.999445
0.999380
0.999985
0.999965
0.999970
0.997725
0.999440
0.999970
0.988590
0.997475
0.999920
0.997140
0.999935
0.999405
0.999360
0.999980
0.999410
0.997315
0.999820
0.999450
0.998255
0.999810
0.999995
0.999915
0.999435
0.999795
0.999420
1.000000
0.999795
0.999400
0.997630
0.998215
0.999390
0.997950
0.999320
0.993260
0.983605
0.999915
0.987495
0.977825
0.999820
0.999915
0.999460
0.999815
0.997785
0.999800
0.999945
0.999945
0.996915
0.998090
0.999495
0.999510
0.999835
0.999995
0.999945
0.997885
0.999870
0.999825
0.999745
0.996165
0.999795
0.983705
0.999885
0.999990
0.997765
0.996765
0.975815
0.999975
0.999825
0.999460
0.999410
0.999795
0.999790
0.995720
0.999795
0.999535
