1.000000
0.982185
0.999925
0.999910
0.999745
0.999825
0.998065
0.998390
0.999840
0.999965
0.999785
0.999920
0.997545
0.998250
0.999805
0.999415
0.996650
0.999785
0.999960
1.000000
0.999385
0.997980
0.999730
0.998970
0.996145
0.999380
0.998220
0.999855
0.999995
0.999920
0.998890
0.999910
0.999765
0.998060
0.998375
0.999500
0.999420
0.999945
0.999805
0.999675
0.996990
0.999865
0.999930
0.999820
0.999820
0.994195
0.999695
0.999820
0.999995
0.999430
0.997765
0.994970
0.999540
0.998275
0.999385
0.999840
0.999840
0.999490
0.999235
0.997690
0.999835
0.999845
0.999975
0.999760
0.999790
0.999815
0.999535
0.999815
0.998165
0.941785
0.999695
0.999925
0.997750
0.998205
0.999920
0.998220
0.997415
0.988295
0.999335
0.999780
0.999775
0.997790
0.983200
0.996735
0.999355
0.983175
0.999410
0.997165
0.999835
0.999950
0.940205
0.999985
0.998325
0.997560
0.998085
0.999460
0.999745
0.998355
0.999945
0.997780
0.999440
0.999295
0.996720
0.999280
0.997060
0.999805
0.999145
0.999335
0.999975
0.998085
0.999985
0.999975
0.999985
0.999435
0.999820
0.999395
0.999995
0.998085
0.998260
0.999360
0.999115
0.997440
0.998340
0.998730
0.999425
0.999345
0.999935
0.999935
0.999965
0.997855
0.999495
0.999970
0.986395
0.997010
0.999910
0.997065
0.999905
0.999465
0.999350
0.999980
0.999405
0.997105
0.999815
0.999465
0.998040
0.999790
1.000000
0.999930
0.999455
0.999780
0.999450
0.999990
0.999800
0.999370
0.997680
0.998135
0.999405
0.998105
0.999405
0.993210
0.987295
0.999920
0.988320
0.979445
0.999800
0.999865
0.999460
0.999775
0.997800
0.999800
0.999965
0.999955
0.995810
0.998345
0.999360
0.999400
0.999795
1.000000
0.999945
0.997795
0.999930
0.999840
0.999830
0.996155
0.999805
0.983050
0.999930
0.999985
0.997780
0.997140
0.975875
0.999990
0.999785
0.999400
0.999390
0.999835
0.999790
0.997060
0.999810
0.999440
