0.999995
0.981490
0.999930
0.999920
0.999855
0.999780
0.998340
0.998260
0.999815
0.999970
0.999825
0.999925
0.997705
0.998150
0.999795
0.999405
0.995650
0.999770
0.999925
0.999975
0.999380
0.998060
0.999740
0.998900
0.996275
0.999355
0.998025
0.999840
0.999980
0.999940
0.998930
0.999875
0.999815
0.997920
0.998225
0.999455
0.999450
0.999980
0.999775
0.999665
0.997290
0.999915
0.999930
0.999775
0.999740
0.995395
0.999740
0.999785
1.000000
0.999285
0.997505
0.994310
0.999350
0.998185
0.999280
0.999820
0.999830
0.999445
0.999250
0.997815
0.999865
0.999815
1.000000
0.999785
0.999775
0.999805
0.999435
0.999855
0.998305
0.929150
0.999665
0.999915
0.997885
0.998075
0.999880
0.998280
0.997705
0.988965
0.999355
0.999770
0.999790
0.997965
0.983785
0.996820
0.999440
0.982815
0.999475
0.997235
0.999855
0.999960
0.939640
0.999985
0.998130
0.997720
0.998130
0.999505
0.999775
0.998430
0.999905
0.997770
0.999425
0.999355
0.996300
0.999325
0.996145
0.999840
0.999190
0.999335
0.999970
0.998105
0.999980
0.999975
0.999985
0.999455
0.999805
0.999405
0.999990
0.998240
0.998275
0.999365
0.999200
0.996415
0.998245
0.998820
0.999510
0.999415
0.999960
0.999920
0.999995
0.997775
0.999495
0.999970
0.988690
0.997185
0.999945
0.997260
0.999925
0.999465
0.999475
0.999975
0.999510
0.997260
0.999840
0.999405
0.998125
0.999785
0.999985
0.999930
0.999375
0.999835
0.999395
0.999980
0.999755
0.999415
0.997655
0.998230
0.999510
0.998090
0.999370
0.992925
0.985870
0.999925
0.988245
0.978455
0.999780
0.999930
0.999495
0.999785
0.998020
0.999750
0.999955
0.999950
0.996915
0.998225
0.999460
0.999490
0.999795
1.000000
0.999940
0.997850
0.999915
0.999825
0.999700
0.996375
0.999780
0.982905
0.999890
0.999965
0.997620
0.997005
0.977830
0.999985
0.999725
0.999415
0.999355
0.999745
0.999825
0.996925
0.999835
0.999425
