0.999990
0.982265
0.999925
0.999930
0.999800
0.999825
0.997930
0.998290
0.999755
0.999985
0.999815
0.999885
0.997750
0.998235
0.999780
0.999430
0.996310
0.999830
0.999945
0.999990
0.999270
0.997980
0.999790
0.999010
0.995935
0.999440
0.998210
0.999815
0.999990
0.999920
0.998945
0.999935
0.999830
0.997950
0.998150
0.999410
0.999420
0.999940
0.999810
0.999670
0.997460
0.999930
0.999925
0.999830
0.999830
0.995425
0.999675
0.999815
0.999990
0.999385
0.997610
0.995135
0.999420
0.998130
0.999310
0.999815
0.999815
0.999425
0.999190
0.997780
0.999715
0.999775
0.999985
0.999790
0.999800
0.999815
0.999485
0.999845
0.998070
0.941590
0.999595
0.999910
0.997920
0.998190
0.999950
0.998075
0.997445
0.989580
0.999450
0.999730
0.999825
0.997845
0.981355
0.996725
0.999445
0.983125
0.999415
0.996870
0.999820
0.999950
0.941850
0.999990
0.998135
0.997740
0.998255
0.999355
0.999830
0.998065
0.999925
0.997575
0.999420
0.999355
0.996360
0.999295
0.997090
0.999810
0.999180
0.999315
0.999975
0.997970
0.999975
0.999985
0.999990
0.999415
0.999775
0.999355
0.999995
0.998455
0.998325
0.999340
0.999280
0.996810
0.998165
0.998845
0.999400
0.999480
0.999925
0.999955
0.999955
0.997750
0.999425
0.999970
0.988625
0.997360
0.999985
0.997005
0.999930
0.999445
0.999505
0.999990
0.999500
0.997445
0.999840
0.999400
0.998155
0.999845
0.999975
0.999945
0.999375
0.999750
0.999535
0.999960
0.999810
0.999410
0.997670
0.998170
0.999415
0.998190
0.999380
0.993010
0.984175
0.999950
0.988400
0.976935
0.999790
0.999930
0.999440
0.999845
0.997760
0.999835
0.999950
0.999930
0.996805
0.998145
0.999400
0.999460
0.999745
1.000000
0.999915
0.998005
0.999900
0.999765
0.999770
0.995830
0.999810
0.981750
0.999925
0.999980
0.997730
0.997170
0.977960
0.999970
0.999780
0.999435
0.999350
0.999855
0.999800
0.996910
0.999840
0.999445
