0.999970
0.983585
0.999945
0.999895
0.999805
0.999800
0.997965
0.998155
0.999825
0.999970
0.999850
0.999945
0.997740
0.998220
0.999820
0.999410
0.996385
0.999795
0.999935
0.999990
0.999415
0.997765
0.999760
0.998725
0.996320
0.999455
0.998085
0.999840
0.999985
0.999950
0.999000
0.999905
0.999810
0.998000
0.998185
0.999355
0.999395
0.999980
0.999795
0.999695
0.997115
0.999930
0.999920
0.999835
0.999790
0.995715
0.999745
0.999785
1.000000
0.999415
0.997710
0.995605
0.999480
0.998230
0.999275
0.999845
0.999830
0.999440
0.999225
0.997705
0.999850
0.999790
0.999995
0.999800
0.999825
0.999835
0.999370
0.999845
0.998175
0.945350
0.999600
0.999960
0.997875
0.998355
0.999925
0.998375
0.997515
0.986815
0.999365
0.999755
0.999730
0.997940
0.981305
0.997070
0.999430
0.983440
0.999430
0.997170
0.999815
0.999955
0.947510
0.999990
0.998285
0.997520
0.998090
0.999365
0.999805
0.997485
0.999940
0.997800
0.999360
0.999325
0.996535
0.999160
0.997045
0.999840
0.999245
0.999505
0.999970
0.998365
0.999965
0.999955
0.999990
0.999325
0.999805
0.999410
0.999995
0.998335
0.998400
0.999120
0.999290
0.997515
0.998150
0.998880
0.999420
0.999365
0.999965
0.999950
0.999960
0.997670
0.999455
0.999985
0.989000
0.997255
0.999935
0.997010
0.999960
0.999450
0.999425
0.999965
0.999440
0.997180
0.999830
0.999350
0.997970
0.999805
1.000000
0.999950
0.999380
0.999760
0.999335
0.999975
0.999835
0.999370
0.997455
0.997960
0.999485
0.998040
0.999335
0.992910
0.984005
0.999945
0.986875
0.975395
0.999810
0.999930
0.999455
0.999790
0.998005
0.999795
0.999960
0.999910
0.995925
0.998055
0.999500
0.999515
0.999800
0.999985
0.999920
0.997940
0.999865
0.999805
0.999750
0.996440
0.999815
0.983340
0.999955
0.999975
0.997735
0.997260
0.975175
0.999970
0.999755
0.999380
0.999430
0.999825
0.999815
0.997225
0.999760
0.999455
