0.999975
0.984165
0.999910
0.999930
0.999810
0.999835
0.998120
0.998035
0.999855
0.999955
0.999795
0.999900
0.997665
0.998060
0.999780
0.999375
0.996585
0.999820
0.999965
0.999990
0.999415
0.997850
0.999675
0.998895
0.995980
0.999515
0.998120
0.999805
1.000000
0.999950
0.998985
0.999935
0.999825
0.997820
0.998185
0.999430
0.999520
0.999945
0.999800
0.999655
0.996120
0.999965
0.999920
0.999830
0.999770
0.994975
0.999715
0.999745
0.999995
0.999420
0.997805
0.995585
0.999410
0.998060
0.999325
0.999780
0.999785
0.999495
0.999255
0.997545
0.999835
0.999820
0.999990
0.999780
0.999825
0.999740
0.999390
0.999760
0.998250
0.926115
0.999625
0.999945
0.997865
0.998255
0.999945
0.998130
0.997690
0.987205
0.999295
0.999725
0.999705
0.997830
0.982660
0.996170
0.999365
0.983245
0.999370
0.997290
0.999775
0.999955
0.944615
0.999995
0.998065
0.997740
0.998265
0.999305
0.999785
0.998420
0.999935
0.997590
0.999430
0.999300
0.996655
0.999345
0.996320
0.999785
0.999285
0.999345
0.999990
0.998060
0.999980
0.999980
0.999995
0.999340
0.999770
0.999385
0.999995
0.998180
0.998210
0.999315
0.999255
0.997525
0.998245
0.998880
0.999410
0.999490
0.999935
0.999880
0.999965
0.997880
0.999395
0.999980
0.988645
0.997140
0.999930
0.997055
0.999945
0.999515
0.999485
0.999975
0.999385
0.997260
0.999835
0.999435
0.998020
0.999800
1.000000
0.999940
0.999435
0.999805
0.999425
0.999990
0.999855
0.999405
0.997525
0.998000
0.999400
0.997985
0.999300
0.992700
0.984935
0.999925
0.987125
0.978800
0.999840
0.999905
0.999380
0.999780
0.998115
0.999810
0.999980
0.999935
0.997155
0.998065
0.999430
0.999465
0.999725
0.999995
0.999935
0.997860
0.999910
0.999795
0.999745
0.996030
0.999810
0.982615
0.999880
0.999985
0.997820
0.996930
0.978080
0.999990
0.999820
0.999440
0.999415
0.999810
0.999880
0.996925
0.999795
0.999405
