0.999975
0.980225
0.999955
0.999900
0.999760
0.999805
0.998115
0.998330
0.999775
0.999980
0.999790
0.999935
0.997745
0.998080
0.999810
0.999410
0.996910
0.999790
0.999895
0.999990
0.999445
0.997725
0.999835
0.999050
0.996205
0.999385
0.998235
0.999825
1.000000
0.999930
0.998835
0.999915
0.999820
0.998075
0.998140
0.999325
0.999410
0.999965
0.999815
0.999620
0.997105
0.999935
0.999965
0.999780
0.999775
0.995850
0.999760
0.999810
1.000000
0.999455
0.997845
0.995250
0.999505
0.998145
0.999335
0.999825
0.999800
0.999510
0.999200
0.997510
0.999755
0.999790
0.999990
0.999800
0.999790
0.999805
0.999395
0.999825
0.998075
0.944115
0.999485
0.999940
0.997955
0.998365
0.999910
0.998290
0.997430
0.986830
0.999395
0.999760
0.999750
0.997765
0.983405
0.997205
0.999390
0.982640
0.999435
0.997110
0.999850
0.999925
0.943365
0.999995
0.998270
0.997960
0.998410
0.999400
0.999775
0.998415
0.999950
0.997650
0.999445
0.999305
0.996730
0.999310
0.997200
0.999865
0.999105
0.999445
0.999980
0.998250
0.999995
0.999965
0.999995
0.999405
0.999785
0.999450
0.999990
0.998225
0.998360
0.999295
0.999310
0.997390
0.998155
0.999005
0.999370
0.999385
0.999930
0.999930
0.999980
0.997665
0.999485
0.999980
0.988805
0.997305
0.999940
0.997130
0.999930
0.999355
0.999410
0.999980
0.999435
0.997045
0.999785
0.999370
0.998180
0.999830
0.999990
0.999940
0.999520
0.999845
0.999420
0.999990
0.999850
0.999435
0.997580
0.998020
0.999410
0.998005
0.999455
0.993380
0.985465
0.999950
0.987560
0.978825
0.999800
0.999930
0.999375
0.999775
0.998000
0.999765
0.999935
0.999940
0.996915
0.998265
0.999420
0.999410
0.999830
1.000000
0.999960
0.997905
0.999930
0.999840
0.999705
0.996275
0.999830
0.983715
0.999925
0.999985
0.997820
0.997085
0.976865
1.000000
0.999750
0.999425
0.999355
0.999835
0.999805
0.996720
0.999850
0.999525
