0.999990
0.982080
0.999950
0.999950
0.999780
0.999800
0.998095
0.998470
0.999800
0.999975
0.999850
0.999935
0.997555
0.998305
0.999810
0.999430
0.996420
0.999850
0.999905
1.000000
0.999490
0.997935
0.999730
0.998945
0.996390
0.999425
0.998040
0.999850
1.000000
0.999940
0.998920
0.999940
0.999755
0.997895
0.998115
0.999475
0.999465
0.999955
0.999835
0.999555
0.997670
0.999915
0.999910
0.999835
0.999835
0.996410
0.999710
0.999825
1.000000
0.999500
0.997520
0.994780
0.999420
0.998200
0.999405
0.999860
0.999820
0.999435
0.999275
0.997745
0.999840
0.999865
1.000000
0.999805
0.999795
0.999780
0.999410
0.999800
0.998290
0.941165
0.999590
0.999930
0.997960
0.998180
0.999960
0.998170
0.997295
0.987110
0.999405
0.999720
0.999775
0.997890
0.983360
0.996530
0.999395
0.981975
0.999335
0.997235
0.999765
0.999955
0.934565
0.999995
0.997985
0.997530
0.998135
0.999210
0.999770
0.998030
0.999935
0.997900
0.999420
0.999220
0.996530
0.999175
0.996940
0.999845
0.999020
0.999480
0.999965
0.998340
0.999975
0.999975
0.999990
0.999450
0.999790
0.999325
1.000000
0.998315
0.998255
0.999305
0.999200
0.997530
0.998180
0.998775
0.999460
0.999300
0.999985
0.999900
0.999975
0.997995
0.999480
0.999980
0.988695
0.997250
0.999935
0.997110
0.999950
0.999465
0.999430
0.999985
0.999430
0.997205
0.999815
0.999485
0.998045
0.999835
0.999990
0.999945
0.999350
0.999780
0.999395
0.999990
0.999820
0.999360
0.997965
0.998215
0.999545
0.998025
0.999260
0.993065
0.987280
0.999895
0.986990
0.976535
0.999785
0.999905
0.999355
0.999800
0.997830
0.999825
0.999975
0.999930
0.996950
0.998065
0.999480
0.999440
0.999760
0.999990
0.999910
0.997900
0.999890
0.999800
0.999795
0.996265
0.999825
0.981905
0.999895
0.999970
0.997610
0.997040
0.974410
0.999975
0.999805
0.999435
0.999435
0.999890
0.999825
0.996835
0.999825
0.999405
