0.999970
0.982705
0.999900
0.999940
0.999820
0.999810
0.998000
0.998320
0.999805
0.999955
0.999830
0.999935
0.997835
0.998035
0.999815
0.999475
0.997065
0.999850
0.999900
0.999985
0.999410
0.997895
0.999735
0.998945
0.996755
0.999405
0.998060
0.999820
1.000000
0.999920
0.999030
0.999875
0.999800
0.998170
0.998215
0.999555
0.999535
0.999965
0.999825
0.999665
0.997265
0.999945
0.999940
0.999835
0.999805
0.995205
0.999725
0.999785
1.000000
0.999450
0.997935
0.994885
0.999420
0.998150
0.999405
0.999820
0.999810
0.999485
0.999230
0.997575
0.999840
0.999805
0.999990
0.999790
0.999780
0.999775
0.999485
0.999835
0.998430
0.937605
0.999670
0.999935
0.997970
0.998345
0.999930
0.998120
0.997425
0.986695
0.999430
0.999775
0.999770
0.997940
0.982245
0.996925
0.999395
0.982980
0.999425
0.997040
0.999805
0.999930
0.947970
0.999990
0.998190
0.997625
0.998105
0.999450
0.999730
0.998425
0.999950
0.997965
0.999490
0.999285
0.996710
0.999390
0.996865
0.999855
0.999065
0.999425
0.999980
0.998065
0.999965
0.999970
0.999985
0.999375
0.999780
0.999440
0.999995
0.998380
0.998415
0.999345
0.999345
0.997855
0.998345
0.998960
0.999475
0.999360
0.999945
0.999935
0.999975
0.997730
0.999485
0.999970
0.988440
0.997525
0.999950
0.996790
0.999930
0.999440
0.999425
0.999985
0.999460
0.997590
0.999795
0.999450
0.998145
0.999865
0.999985
0.999930
0.999455
0.999835
0.999420
0.999965
0.999860
0.999410
0.997690
0.998010
0.999475
0.998125
0.999415
0.993475
0.987060
0.999940
0.986440
0.976420
0.999880
0.999925
0.999480
0.999765
0.997880
0.999785
0.999920
0.999935
0.997270
0.998430
0.999380
0.999455
0.999810
0.999995
0.999940
0.997960
0.999905
0.999785
0.999790
0.996600
0.999860
0.983215
0.999920
0.999975
0.997745
0.997115
0.979900
0.999965
0.999820
0.999430
0.999405
0.999830
0.999810
0.997080
0.999815
0.999385
