0.999970
0.983545
0.999925
0.999935
0.999750
0.999840
0.998110
0.998240
0.999795
0.999960
0.999820
0.999925
0.997800
0.998325
0.999785
0.999350
0.996735
0.999810
0.999975
0.999985
0.999385
0.998035
0.999775
0.998850
0.996370
0.999390
0.998300
0.999845
0.999995
0.999935
0.998935
0.999900
0.999760
0.998275
0.998050
0.999470
0.999360
0.999950
0.999775
0.999675
0.996445
0.999935
0.999925
0.999755
0.999770
0.996220
0.999725
0.999820
0.999990
0.999500
0.997775
0.994470
0.999435
0.998295
0.999440
0.999825
0.999815
0.999380
0.999165
0.997855
0.999830
0.999765
0.999990
0.999845
0.999820
0.999810
0.999440
0.999855
0.998060
0.932980
0.999535
0.999920
0.997735
0.998335
0.999905
0.998195
0.997430
0.985360
0.999425
0.999710
0.999715
0.997755
0.983250
0.996815
0.999340
0.983725
0.999505
0.996975
0.999815
0.999945
0.943645
1.000000
0.998270
0.997655
0.998150
0.999405
0.999790
0.998150
0.999925
0.997700
0.999395
0.999320
0.996700
0.999240
0.997130
0.999780
0.999035
0.999390
0.999985
0.997960
0.999965
0.999970
1.000000
0.999450
0.999815
0.999350
0.999995
0.998205
0.998305
0.999405
0.999285
0.997530
0.998220
0.998865
0.999455
0.999395
0.999925
0.999920
0.999975
0.997595
0.999525
0.999965
0.988885
0.997240
0.999900
0.997010
0.999935
0.999435
0.999400
0.999945
0.999430
0.997355
0.999820
0.999430
0.997930
0.999780
0.999990
0.999935
0.999350
0.999760
0.999325
0.999975
0.999810
0.999390
0.997675
0.998075
0.999425
0.998030
0.999425
0.992680
0.986985
0.999930
0.987840
0.981710
0.999810
0.999895
0.999410
0.999755
0.997900
0.999815
0.999970
0.999895
0.997025
0.998200
0.999370
0.999475
0.999765
0.999995
0.999915
0.997880
0.999930
0.999755
0.999730
0.996445
0.999775
0.983235
0.999945
0.999940
0.997650
0.996860
0.973850
0.999975
0.999800
0.999295
0.999275
0.999810
0.999725
0.996905
0.999830
0.999420
