0.999970
0.979775
0.999930
0.999945
0.999860
0.999810
0.998165
0.998185
0.999765
0.999975
0.999825
0.999935
0.997415
0.998245
0.999885
0.999380
0.996410
0.999860
0.999950
0.999990
0.999415
0.997940
0.999665
0.998830
0.995855
0.999270
0.997990
0.999820
0.999995
0.999965
0.998870
0.999915
0.999850
0.998085
0.998330
0.999430
0.999415
0.999970
0.999845
0.999665
0.997560
0.999935
0.999940
0.999840
0.999765
0.995100
0.999695
0.999820
0.999995
0.999480
0.997575
0.995065
0.999465
0.998120
0.999470
0.999800
0.999780
0.999490
0.999235
0.997720
0.999775
0.999770
0.999990
0.999820
0.999860
0.999805
0.999435
0.999790
0.998215
0.942430
0.999630
0.999940
0.997885
0.998280
0.999935
0.998210
0.997375
0.987600
0.999355
0.999760
0.999795
0.997990
0.981565
0.996695
0.999505
0.983300
0.999515
0.997145
0.999810
0.999945
0.936425
0.999995
0.998125
0.997610
0.998165
0.999525
0.999785
0.998385
0.999900
0.997855
0.999400
0.999310
0.996385
0.999410
0.996850
0.999795
0.999065
0.999410
0.999985
0.998080
0.999975
0.999990
0.999995
0.999480
0.999810
0.999390
0.999995
0.998295
0.998225
0.999240
0.999345
0.997630
0.998185
0.998955
0.999440
0.999455
0.999915
0.999950
0.999975
0.997825
0.999505
0.999985
0.988725
0.997335
0.999915
0.997220
0.999940
0.999410
0.999360
0.999990
0.999520
0.997505
0.999805
0.999355
0.998075
0.999795
0.999995
0.999930
0.999515
0.999875
0.999445
0.999985
0.999830
0.999520
0.997700
0.998280
0.999520
0.998205
0.999405
0.993015
0.985865
0.999955
0.988915
0.976230
0.999845
0.999910
0.999440
0.999805
0.998115
0.999785
0.999955
0.999935
0.997120
0.998065
0.999520
0.999415
0.999795
1.000000
0.999950
0.997980
0.999905
0.999755
0.999710
0.996115
0.999795
0.982220
0.999900
0.999985
0.997770
0.996855
0.980175
0.999985
0.999815
0.999345
0.999335
0.999880
0.999800
0.996620
0.999820
0.999510
