0.999970
0.983400
0.999945
0.999940
0.999810
0.999765
0.998080
0.998285
0.999815
0.999970
0.999790
0.999940
0.997585
0.998205
0.999780
0.999430
0.996525
0.999820
0.999945
0.999995
0.999460
0.997935
0.999745
0.998895
0.996205
0.999410
0.997945
0.999840
0.999995
0.999885
0.998955
0.999900
0.999840
0.998170
0.998305
0.999455
0.999445
0.999940
0.999870
0.999600
0.997260
0.999920
0.999935
0.999855
0.999845
0.996745
0.999715
0.999805
0.999995
0.999355
0.997420
0.995350
0.999430
0.998045
0.999375
0.999830
0.999790
0.999425
0.999275
0.997960
0.999840
0.999760
0.999985
0.999810
0.999830
0.999800
0.999440
0.999765
0.998215
0.934455
0.999635
0.999885
0.997850
0.998240
0.999910
0.998120
0.997820
0.989095
0.999325
0.999760
0.999865
0.997825
0.978260
0.995345
0.999495
0.983150
0.999415
0.997325
0.999825
0.999910
0.939625
1.000000
0.998405
0.997800
0.998075
0.999320
0.999825
0.998200
0.999905
0.997835
0.999455
0.999250
0.996640
0.999310
0.997065
0.999795
0.999055
0.999390
0.999985
0.998170
0.999985
0.999975
1.000000
0.999445
0.999790
0.999425
0.999995
0.998335
0.998100
0.999310
0.999190
0.997595
0.998190
0.998955
0.999425
0.999325
0.999935
0.999925
0.999985
0.997670
0.999475
0.999975
0.988115
0.997425
0.999960
0.997100
0.999915
0.999315
0.999310
0.999970
0.999520
0.997080
0.999755
0.999430
0.998280
0.999795
0.999990
0.999945
0.999480
0.999830
0.999475
0.999985
0.999845
0.999350
0.997535
0.998015
0.999420
0.997885
0.999400
0.992910
0.985175
0.999915
0.986785
0.979330
0.999790
0.999950
0.999500
0.999855
0.997985
0.999750
0.999970
0.999935
0.996915
0.998185
0.999435
0.999485
0.999765
1.000000
0.999935
0.997695
0.999910
0.999790
0.999775
0.996190
0.999820
0.982760
0.999925
0.999975
0.997485
0.996970
0.980515
0.999985
0.999805
0.999335
0.999345
0.999830
0.999815
0.996710
0.999780
0.999385
