0.999980
0.983210
0.999960
0.999960
0.999840
0.999830
0.998165
0.998310
0.999765
0.999985
0.999835
0.999925
0.997540
0.998200
0.999775
0.999450
0.996830
0.999840
0.999925
1.000000
0.999335
0.997850
0.999780
0.998935
0.996275
0.999450
0.998075
0.999790
0.999985
0.999960
0.998780
0.999890
0.999765
0.998075
0.998245
0.999470
0.999390
0.999955
0.999815
0.999670
0.997135
0.999950
0.999915
0.999860
0.999825
0.996510
0.999705
0.999825
1.000000
0.999515
0.997715
0.995690
0.999445
0.998140
0.999430
0.999725
0.999785
0.999575
0.999230
0.997790
0.999795
0.999805
0.999990
0.999775
0.999755
0.999800
0.999430
0.999835
0.998410
0.928740
0.999555
0.999935
0.997940
0.998395
0.999910
0.998380
0.997070
0.986160
0.999420
0.999780
0.999810
0.997815
0.984200
0.996710
0.999445
0.983595
0.999445
0.997310
0.999830
0.999960
0.954530
0.999980
0.998180
0.997315
0.998255
0.999355
0.999775
0.997025
0.999915
0.997640
0.999415
0.999325
0.996760
0.999345
0.997210
0.999815
0.999165
0.999420
0.999980
0.997960
0.999985
0.999975
0.999990
0.999435
0.999810
0.999390
0.999990
0.998155
0.998220
0.999345
0.999240
0.997590
0.998235
0.998880
0.999555
0.999405
0.999940
0.999935
0.999975
0.997865
0.999390
0.999955
0.988145
0.997330
0.999945
0.997325
0.999960
0.999405
0.999395
0.999985
0.999505
0.997315
0.999855
0.999350
0.998215
0.999785
0.999990
0.999930
0.999395
0.999780
0.999460
0.999955
0.999800
0.999415
0.997790
0.998185
0.999420
0.997915
0.999215
0.993120
0.985480
0.999945
0.986925
0.972935
0.999840
0.999870
0.999375
0.999830
0.997930
0.999775
0.999965
0.999940
0.996890
0.998265
0.999390
0.999445
0.999745
1.000000
0.999950
0.997980
0.999935
0.999770
0.999800
0.996350
0.999805
0.982450
0.999910
0.999980
0.997640
0.996740
0.978870
0.999975
0.999815
0.999445
0.999450
0.999805
0.999815
0.996685
0.999780
0.999430
