0.999975
0.981250
0.999920
0.999940
0.999795
0.999825
0.998140
0.998340
0.999835
0.999995
0.999805
0.999910
0.997710
0.998360
0.999780
0.999425
0.996145
0.999815
0.999960
0.999990
0.999415
0.998060
0.999765
0.998905
0.996120
0.999405
0.998150
0.999845
0.999995
0.999910
0.998925
0.999930
0.999800
0.998120
0.998145
0.999355
0.999455
0.999950
0.999830
0.999690
0.996275
0.999935
0.999935
0.999800
0.999770
0.996485
0.999765
0.999790
1.000000
0.999455
0.997685
0.994840
0.999385
0.998355
0.999430
0.999735
0.999870
0.999520
0.999265
0.997690
0.999745
0.999820
0.999995
0.999785
0.999850
0.999830
0.999460
0.999790
0.998330
0.942190
0.999690
0.999915
0.997935
0.998290
0.999935
0.998250
0.997570
0.989415
0.999470
0.999845
0.999765
0.997885
0.983435
0.997205
0.999420
0.983825
0.999450
0.996915
0.999825
0.999935
0.935160
0.999990
0.998280
0.997500
0.998175
0.999375
0.999770
0.998365
0.999945
0.997720
0.999420
0.999365
0.996655
0.999395
0.997130
0.999755
0.999195
0.999425
0.999980
0.998140
0.999985
0.999965
0.999985
0.999480
0.999790
0.999485
0.999985
0.998295
0.998285
0.999285
0.999280
0.997660
0.998155
0.998960
0.999415
0.999415
0.999955
0.999940
0.999980
0.997810
0.999410
0.999960
0.988295
0.997355
0.999950
0.997115
0.999895
0.999375
0.999435
0.999960
0.999435
0.997205
0.999845
0.999475
0.997940
0.999805
0.999985
0.999915
0.999445
0.999805
0.999445
0.999970
0.999840
0.999415
0.997650
0.998225
0.999515
0.997965
0.999345
0.993505
0.986090
0.999925
0.985380
0.979995
0.999805
0.999910
0.999450
0.999855
0.997935
0.999840
0.999950
0.999910
0.997080
0.998160
0.999400
0.999445
0.999785
1.000000
0.999960
0.997805
0.999885
0.999795
0.999715
0.995940
0.999820
0.982190
0.999915
0.999985
0.997650
0.996865
0.977435
0.999985
0.999825
0.999380
0.999475
0.999820
0.999780
0.995840
0.999840
0.999435
