0.999965
0.982490
0.999930
0.999915
0.999860
0.999790
0.998110
0.998230
0.999810
0.999915
0.999825
0.999920
0.997580
0.998290
0.999830
0.999375
0.996090
0.999820
0.999965
0.999990
0.999415
0.997875
0.999685
0.998950
0.996150
0.999380
0.998145
0.999760
0.999995
0.999935
0.999015
0.999880
0.999765
0.998205
0.998050
0.999505
0.999410
0.999940
0.999855
0.999565
0.997365
0.999910
0.999910
0.999845
0.999850
0.994510
0.999740
0.999815
0.999990
0.999385
0.997800
0.995010
0.999430
0.998040
0.999405
0.999820
0.999820
0.999425
0.999275
0.997580
0.999860
0.999775
0.999995
0.999865
0.999780
0.999830
0.999475
0.999740
0.998150
0.931985
0.999600
0.999935
0.997840
0.998320
0.999940
0.998140
0.996465
0.987090
0.999500
0.999790
0.999780
0.997975
0.982895
0.996820
0.999415
0.982960
0.999455
0.996980
0.999820
0.999915
0.934295
0.999985
0.998370
0.997740
0.998245
0.999355
0.999745
0.998430
0.999955
0.997925
0.999490
0.999300
0.996135
0.999450
0.996990
0.999845
0.999275
0.999310
0.999980
0.998205
0.999965
0.999975
0.999995
0.999490
0.999830
0.999555
0.999995
0.998305
0.998295
0.999195
0.999375
0.997780
0.998110
0.998860
0.999445
0.999480
0.999920
0.999955
0.999980
0.997800
0.999395
0.999960
0.988765
0.997130
0.999935
0.997220
0.999930
0.999505
0.999335
0.999980
0.999380
0.997165
0.999805
0.999480
0.998120
0.999770
0.999990
0.999950
0.999520
0.999805
0.999445
0.999975
0.999815
0.999425
0.997805
0.998100
0.999415
0.997955
0.999400
0.993490
0.985095
0.999920
0.987640
0.979710
0.999830
0.999940
0.999480
0.999815
0.998065
0.999815
0.999960
0.999955
0.996770
0.998175
0.999390
0.999400
0.999810
1.000000
0.999920
0.998005
0.999930
0.999850
0.999730
0.995980
0.999770
0.982285
0.999920
0.999985
0.997620
0.996870
0.978360
0.999965
0.999870
0.999395
0.999350
0.999815
0.999820
0.996750
0.999730
0.999440
