0.999960
0.982170
0.999955
0.999895
0.999830
0.999795
0.998015
0.998155
0.999785
0.999955
0.999890
0.999930
0.997735
0.998155
0.999840
0.999540
0.996695
0.999745
0.999920
0.999985
0.999405
0.997975
0.999760
0.998830
0.996720
0.999510
0.998065
0.999770
0.999995
0.999905
0.998950
0.999925
0.999800
0.998035
0.998110
0.999465
0.999480
0.999980
0.999785
0.999635
0.997520
0.999935
0.999930
0.999895
0.999785
0.996600
0.999760
0.999790
1.000000
0.999475
0.997715
0.995050
0.999375
0.998360
0.999400
0.999830
0.999840
0.999480
0.999310
0.997705
0.999860
0.999740
0.999990
0.999760
0.999780
0.999820
0.999340
0.999820
0.998230
0.940055
0.999695
0.999920
0.997860
0.998435
0.999930
0.998180
0.997445
0.986535
0.999335
0.999780
0.999785
0.998030
0.982235
0.996795
0.999510
0.981585
0.999390
0.997365
0.999785
0.999915
0.936605
0.999990
0.998100
0.997815
0.998160
0.999365
0.999820
0.998375
0.999915
0.997905
0.999410
0.999430
0.996750
0.999380
0.997170
0.999845
0.999265
0.999385
0.999985
0.998150
0.999985
0.999985
0.999995
0.999500
0.999805
0.999555
0.999995
0.998380
0.998210
0.999345
0.999170
0.997765
0.998235
0.998855
0.999430
0.999450
0.999950
0.999920
0.999975
0.997880
0.999430
0.999970
0.988130
0.997465
0.999930
0.997370
0.999945
0.999465
0.999385
0.999960
0.999425
0.997165
0.999775
0.999435
0.998430
0.999790
0.999995
0.999925
0.999455
0.999795
0.999410
0.999985
0.999795
0.999375
0.997550
0.998030
0.999480
0.998010
0.999360
0.993305
0.983635
0.999945
0.988630
0.971685
0.999775
0.999895
0.999445
0.999760
0.998130
0.999865
0.999955
0.999920
0.997080
0.998170
0.999510
0.999405
0.999770
0.999995
0.999905
0.997995
0.999905
0.999840
0.999705
0.996530
0.999780
0.983495
0.999890
0.999950
0.997440
0.996615
0.977015
0.999965
0.999810
0.999515
0.999320
0.999775
0.999800
0.996615
0.999820
0.999330
