0.999960
0.981575
0.999935
0.999930
0.999815
0.999835
0.997935
0.998130
0.999710
0.999965
0.999850
0.999930
0.997750
0.998200
0.999830
0.999395
0.996910
0.999830
0.999940
0.999995
0.999400
0.998115
0.999670
0.999045
0.996205
0.999545
0.998155
0.999785
0.999995
0.999915
0.998930
0.999935
0.999825
0.997840
0.998265
0.999525
0.999445
0.999980
0.999815
0.999605
0.997175
0.999940
0.999935
0.999720
0.999785
0.994835
0.999670
0.999835
1.000000
0.999515
0.997520
0.994845
0.999505
0.998115
0.999410
0.999760
0.999840
0.999370
0.999145
0.997665
0.999795
0.999865
0.999980
0.999855
0.999760
0.999765
0.999470
0.999795
0.998030
0.936035
0.999540
0.999935
0.997815
0.998415
0.999915
0.998210
0.997500
0.989210
0.999500
0.999730
0.999760
0.997995
0.982785
0.995765
0.999340
0.984415
0.999385
0.997165
0.999765
0.999965
0.929980
0.999990
0.998255
0.997645
0.998040
0.999430
0.999695
0.998185
0.999935
0.997685
0.999495
0.999360
0.996710
0.999255
0.996885
0.999765
0.999110
0.999370
0.999985
0.997985
0.999985
0.999975
0.999990
0.999425
0.999845
0.999475
1.000000
0.998150
0.998515
0.999150
0.999250
0.997625
0.998100
0.998670
0.999410
0.999415
0.999925
0.999915
0.999990
0.997980
0.999440
0.999980
0.988280
0.997255
0.999920
0.996235
0.999940
0.999400
0.999330
0.999985
0.999325
0.997240
0.999805
0.999415
0.997995
0.999795
0.999995
0.999940
0.999490
0.999830
0.999375
0.999990
0.999850
0.999385
0.997635
0.998020
0.999430
0.998020
0.999345
0.993190
0.983825
0.999950
0.987920
0.979855
0.999820
0.999900
0.999390
0.999740
0.997855
0.999835
0.999970
0.999965
0.995010
0.998270
0.999430
0.999420
0.999765
1.000000
0.999940
0.997980
0.999895
0.999795
0.999810
0.996360
0.999835
0.983500
0.999915
0.999975
0.997855
0.996985
0.978630
0.999980
0.999765
0.999415
0.999350
0.999840
0.999820
0.995885
0.999810
0.999475
