0.999975
0.980535
0.999945
0.999960
0.999825
0.999795
0.998155
0.998325
0.999785
0.999980
0.999825
0.999885
0.997650
0.998195
0.999840
0.999365
0.996705
0.999850
0.999965
1.000000
0.999385
0.997920
0.999745
0.998895
0.996055
0.999430
0.997995
0.999825
0.999990
0.999915
0.998945
0.999865
0.999805
0.998125
0.997985
0.999480
0.999405
0.999955
0.999760
0.999630
0.996705
0.999935
0.999955
0.999825
0.999755
0.995210
0.999720
0.999795
1.000000
0.999485
0.997580
0.994145
0.999440
0.997970
0.999320
0.999810
0.999775
0.999455
0.999180
0.997610
0.999835
0.999785
0.999995
0.999795
0.999830
0.999800
0.999470
0.999790
0.998150
0.930920
0.999460
0.999915
0.998005
0.998240
0.999905
0.998205
0.997320
0.988450
0.999360
0.999775
0.999870
0.997615
0.983940
0.997120
0.999380
0.983195
0.999405
0.996860
0.999850
0.999925
0.938940
0.999990
0.998155
0.997705
0.998075
0.999395
0.999790
0.998295
0.999940
0.997735
0.999405
0.999190
0.996655
0.999370
0.996790
0.999805
0.999230
0.999480
0.999985
0.998055
0.999975
0.999970
0.999990
0.999490
0.999760
0.999345
0.999995
0.998115
0.998250
0.999310
0.999260
0.997740
0.998150
0.998880
0.999460
0.999455
0.999900
0.999905
0.999975
0.997785
0.999540
0.999985
0.988245
0.997610
0.999945
0.997050
0.999945
0.999470
0.999370
0.999970
0.999415
0.997225
0.999830
0.999340
0.998190
0.999785
1.000000
0.999930
0.999330
0.999825
0.999500
0.999970
0.999810
0.999365
0.997815
0.998200
0.999420
0.997815
0.999405
0.992565
0.983465
0.999940
0.987480
0.974965
0.999765
0.999910
0.999480
0.999825
0.998020
0.999770
0.999965
0.999915
0.997160
0.998280
0.999440
0.999470
0.999770
1.000000
0.999910
0.997845
0.999895
0.999780
0.999780
0.996010
0.999795
0.982480
0.999945
0.999975
0.997645
0.997115
0.978675
0.999975
0.999800
0.999445
0.999335
0.999800
0.999810
0.996855
0.999825
0.999525
