0.999980
0.982510
0.999920
0.999910
0.999825
0.999815
0.998125
0.998220
0.999835
0.999980
0.999815
0.999945
0.997865
0.998265
0.999845
0.999420
0.996435
0.999755
0.999930
0.999985
0.999475
0.998020
0.999735
0.998855
0.996070
0.999405
0.998125
0.999810
0.999980
0.999945
0.998990
0.999920
0.999780
0.997695
0.998135
0.999520
0.999440
0.999960
0.999830
0.999640
0.997370
0.999955
0.999905
0.999855
0.999840
0.996325
0.999720
0.999785
0.999995
0.999490
0.997655
0.995155
0.999400
0.998070
0.999315
0.999825
0.999845
0.999490
0.999190
0.997710
0.999825
0.999800
0.999985
0.999785
0.999800
0.999815
0.999355
0.999730
0.998165
0.947790
0.999535
0.999920
0.997895
0.998525
0.999920
0.997995
0.997575
0.989010
0.999365
0.999805
0.999780
0.997840
0.985065
0.995580
0.999500
0.983295
0.999515
0.997235
0.999780
0.999920
0.937805
0.999995
0.998140
0.997565
0.998325
0.999360
0.999740
0.997400
0.999930
0.997875
0.999475
0.999380
0.996600
0.999260
0.996930
0.999770
0.999135
0.999455
0.999950
0.998055
0.999980
0.999985
0.999990
0.999505
0.999795
0.999425
1.000000
0.998275
0.998295
0.999325
0.999115
0.997640
0.998140
0.998705
0.999420
0.999355
0.999920
0.999905
0.999980
0.997685
0.999475
0.999980
0.988820
0.997225
0.999915
0.997170
0.999940
0.999445
0.999360
0.999980
0.999415
0.997425
0.999830
0.999445
0.998200
0.999890
1.000000
0.999920
0.999480
0.999825
0.999410
0.999960
0.999800
0.999430
0.997620
0.998120
0.999405
0.997985
0.999380
0.993205
0.983650
0.999930
0.987745
0.976315
0.999790
0.999910
0.999465
0.999775
0.997940
0.999800
0.999960
0.999930
0.995900
0.998185
0.999400
0.999325
0.999815
0.999995
0.999945
0.998100
0.999890
0.999770
0.999845
0.996075
0.999845
0.983135
0.999885
0.999965
0.997675
0.996665
0.978300
0.999975
0.999765
0.999340
0.999235
0.999830
0.999800
0.996630
0.999825
0.999455
