0.999980
0.982820
0.999945
0.999940
0.999820
0.999820
0.997945
0.998240
0.999830
0.999975
0.999775
0.999950
0.997780
0.998225
0.999765
0.999435
0.996770
0.999860
0.999915
1.000000
0.999460
0.998180
0.999715
0.998935
0.996375
0.999425
0.998000
0.999850
0.999990
0.999960
0.998990
0.999945
0.999765
0.998000
0.997980
0.999410
0.999425
0.999965
0.999810
0.999745
0.997160
0.999965
0.999950
0.999790
0.999830
0.996040
0.999730
0.999765
1.000000
0.999425
0.997820
0.995230
0.999445
0.998210
0.999310
0.999815
0.999790
0.999475
0.999210
0.997970
0.999870
0.999860
0.999990
0.999795
0.999850
0.999820
0.999395
0.999780
0.998110
0.948720
0.999600
0.999915
0.997735
0.998145
0.999895
0.998265
0.997510
0.987735
0.999370
0.999730
0.999720
0.997830
0.983035
0.997180
0.999450
0.982770
0.999520
0.997285
0.999755
0.999895
0.934250
0.999990
0.997980
0.997730
0.998070
0.999245
0.999745
0.998390
0.999955
0.997850
0.999440
0.999350
0.996485
0.999250
0.996800
0.999785
0.999215
0.999390
0.999970
0.998185
0.999980
0.999985
0.999985
0.999490
0.999760
0.999455
0.999975
0.998155
0.998340
0.999185
0.999310
0.997535
0.998435
0.998930
0.999350
0.999460
0.999960
0.999935
0.999955
0.997645
0.999410
1.000000
0.988440
0.997030
0.999925
0.997140
0.999940
0.999435
0.999465
0.999985
0.999465
0.997050
0.999775
0.999420
0.998110
0.999790
0.999995
0.999940
0.999375
0.999830
0.999445
0.999965
0.999865
0.999265
0.997745
0.998275
0.999395
0.998065
0.999380
0.993085
0.987240
0.999930
0.988885
0.976420
0.999765
0.999885
0.999535
0.999775
0.997980
0.999770
0.999955
0.999900
0.996950
0.998215
0.999440
0.999470
0.999670
0.999995
0.999935
0.998060
0.999900
0.999860
0.999760
0.996260
0.999785
0.983050
0.999935
0.999960
0.997725
0.996960
0.977710
0.999960
0.999740
0.999380
0.999385
0.999810
0.999795
0.996875
0.999835
0.999510
