0.999980
0.981345
0.999940
0.999925
0.999800
0.999825
0.998140
0.998095
0.999795
0.999975
0.999865
0.999920
0.997700
0.998130
0.999870
0.999365
0.996815
0.999780
0.999875
1.000000
0.999470
0.997945
0.999715
0.998950
0.996245
0.999400
0.997985
0.999800
0.999995
0.999950
0.998970
0.999880
0.999820
0.998030
0.998240
0.999470
0.999365
0.999950
0.999860
0.999750
0.997430
0.999950
0.999900
0.999810
0.999780
0.996165
0.999760
0.999795
0.999995
0.999480
0.997755
0.995280
0.999375
0.998040
0.999415
0.999815
0.999825
0.999435
0.999350
0.997720
0.999840
0.999835
0.999985
0.999860
0.999780
0.999810
0.999435
0.999745
0.998220
0.943170
0.999615
0.999940
0.998035
0.998435
0.999880
0.998190
0.997685
0.987535
0.999435
0.999820
0.999840
0.997800
0.983440
0.995705
0.999550
0.983205
0.999400
0.997505
0.999820
0.999930
0.934585
0.999980
0.998240
0.997665
0.998350
0.999330
0.999770
0.998365
0.999940
0.997705
0.999510
0.999320
0.996710
0.999335
0.996980
0.999825
0.999115
0.999390
0.999960
0.998215
0.999955
0.999970
0.999985
0.999510
0.999660
0.999440
1.000000
0.998190
0.998440
0.999305
0.999255
0.997665
0.998255
0.998805
0.999450
0.999390
0.999930
0.999950
0.999985
0.998000
0.999470
0.999975
0.988585
0.997555
0.999935
0.997305
0.999945
0.999375
0.999420
0.999980
0.999355
0.997285
0.999850
0.999370
0.998040
0.999800
0.999990
0.999950
0.999410
0.999790
0.999375
0.999975
0.999840
0.999305
0.997800
0.998125
0.999425
0.998045
0.999395
0.993380
0.984560
0.999915
0.988415
0.969220
0.999815
0.999920
0.999460
0.999840
0.997980
0.999795
0.999975
0.999940
0.996280
0.998225
0.999510
0.999520
0.999805
0.999990
0.999925
0.997945
0.999925
0.999810
0.999750
0.995805
0.999850
0.983980
0.999915
0.999970
0.997635
0.996795
0.977025
0.999965
0.999785
0.999315
0.999270
0.999780
0.999805
0.996880
0.999780
0.999390
