0.999975
0.982625
0.999940
0.999930
0.999795
0.999835
0.998180
0.998285
0.999770
0.999990
0.999810
0.999945
0.997705
0.998055
0.999800
0.999480
0.996620
0.999850
0.999915
0.999995
0.999435
0.998030
0.999735
0.998820
0.996200
0.999430
0.998060
0.999800
1.000000
0.999890
0.999025
0.999880
0.999870
0.997975
0.998325
0.999420
0.999545
0.999975
0.999845
0.999695
0.996385
0.999935
0.999910
0.999860
0.999790
0.995190
0.999730
0.999810
0.999990
0.999455
0.997875
0.995230
0.999405
0.998340
0.999335
0.999860
0.999810
0.999525
0.999175
0.997750
0.999850
0.999720
0.999980
0.999825
0.999810
0.999825
0.999440
0.999745
0.998030
0.938770
0.999585
0.999930
0.997950
0.998155
0.999930
0.998280
0.997430
0.989140
0.999325
0.999775
0.999750
0.997910
0.981775
0.996950
0.999445
0.982610
0.999255
0.997000
0.999805
0.999915
0.934015
1.000000
0.998170
0.997760
0.998195
0.999350
0.999745
0.998490
0.999930
0.997625
0.999475
0.999340
0.996535
0.999370
0.996730
0.999775
0.999215
0.999360
0.999985
0.998275
0.999980
0.999985
0.999980
0.999445
0.999755
0.999440
1.000000
0.998300
0.998175
0.999380
0.999300
0.997585
0.998285
0.998940
0.999370
0.999410
0.999940
0.999935
0.999970
0.997765
0.999475
0.999980
0.988015
0.996975
0.999915
0.996925
0.999915
0.999405
0.999450
0.999980
0.999365
0.997425
0.999840
0.999355
0.998075
0.999835
0.999990
0.999950
0.999340
0.999785
0.999410
0.999980
0.999815
0.999345
0.997670
0.997975
0.999455
0.997880
0.999425
0.992870
0.985090
0.999940
0.986995
0.968970
0.999780
0.999940
0.999495
0.999805
0.998075
0.999795
0.999960
0.999895
0.996985
0.998090
0.999395
0.999420
0.999805
1.000000
0.999970
0.998090
0.999890
0.999805
0.999765
0.996235
0.999835
0.983455
0.999875
0.999985
0.997495
0.997040
0.976055
1.000000
0.999805
0.999430
0.999375
0.999775
0.999770
0.996805
0.999785
0.999445
