0.999990
0.980910
0.999955
0.999940
0.999825
0.999880
0.998090
0.998215
0.999805
0.999960
0.999835
0.999940
0.997785
0.998300
0.999795
0.999470
0.995850
0.999810
0.999900
0.999985
0.999285
0.998005
0.999780
0.999100
0.995990
0.999415
0.997990
0.999850
0.999995
0.999905
0.998835
0.999915
0.999810
0.997915
0.998270
0.999425
0.999500
0.999960
0.999865
0.999785
0.996520
0.999950
0.999925
0.999800
0.999855
0.995805
0.999700
0.999825
1.000000
0.999370
0.997545
0.995065
0.999405
0.998255
0.999450
0.999750
0.999835
0.999450
0.999370
0.997580
0.999835
0.999785
1.000000
0.999795
0.999785
0.999770
0.999455
0.999785
0.998305
0.937745
0.999605
0.999955
0.997800
0.998015
0.999905
0.998215
0.997505
0.987385
0.999410
0.999760
0.999780
0.998020
0.981705
0.996000
0.999510
0.982700
0.999480
0.997265
0.999835
0.999885
0.935600
0.999985
0.998075
0.997855
0.998080
0.999365
0.999745
0.998355
0.999935
0.997665
0.999455
0.999365
0.996645
0.999205
0.996795
0.999785
0.999145
0.999435
0.999985
0.998140
0.999970
0.999965
0.999990
0.999520
0.999775
0.999400
0.999980
0.998165
0.998265
0.999320
0.999275
0.997635
0.998255
0.998735
0.999495
0.999500
0.999960
0.999915
0.999990
0.997485
0.999425
0.999975
0.989285
0.997495
0.999920
0.997095
0.999910
0.999395
0.999375
0.999975
0.999390
0.997155
0.999810
0.999450
0.998150
0.999840
1.000000
0.999920
0.999325
0.999790
0.999410
0.999970
0.999835
0.999325
0.997640
0.998270
0.999405
0.998070
0.999320
0.992760
0.987375
0.999935
0.985705
0.980275
0.999770
0.999890
0.999525
0.999745
0.998070
0.999815
0.999960
0.999925
0.996950
0.998300
0.999460
0.999510
0.999800
1.000000
0.999950
0.998020
0.999900
0.999820
0.999795
0.995890
0.999810
0.983770
0.999915
0.999980
0.997835
0.997090
0.978470
0.999985
0.999805
0.999465
0.999295
0.999810
0.999780
0.997135
0.999850
0.999495
