0.999980
0.980855
0.999960
0.999925
0.999845
0.999850
0.998300
0.998390
0.999745
0.999970
0.999825
0.999895
0.997660
0.998365
0.999775
0.999370
0.996825
0.999800
0.999925
0.999995
0.999400
0.997935
0.999680
0.998790
0.996265
0.999405
0.997940
0.999820
0.999990
0.999925
0.998885
0.999975
0.999820
0.997875
0.998125
0.999475
0.999515
0.999955
0.999800
0.999680
0.997405
0.999910
0.999945
0.999785
0.999805
0.996340
0.999715
0.999820
1.000000
0.999490
0.997615
0.995285
0.999400
0.998200
0.999350
0.999785
0.999800
0.999435
0.999310
0.997630
0.999795
0.999815
1.000000
0.999800
0.999790
0.999825
0.999520
0.999820
0.998205
0.937435
0.999620
0.999950
0.997850
0.998170
0.999895
0.998065
0.997410
0.988490
0.999475
0.999790
0.999775
0.997920
0.982735
0.996900
0.999485
0.982680
0.999500
0.997155
0.999755
0.999930
0.936805
0.999985
0.998450
0.997560
0.998205
0.999415
0.999830
0.998255
0.999925
0.997945
0.999340
0.999255
0.996925
0.999365
0.996670
0.999850
0.999225
0.999425
0.999960
0.997895
0.999980
0.999955
0.999980
0.999470
0.999790
0.999555
0.999990
0.998315
0.998240
0.999320
0.999260
0.997640
0.998345
0.998935
0.999455
0.999455
0.999950
0.999910
0.999975
0.997705
0.999525
0.999960
0.988320
0.997560
0.999900
0.997145
0.999960
0.999465
0.999425
0.999965
0.999385
0.997495
0.999785
0.999450
0.998025
0.999820
1.000000
0.999950
0.999410
0.999800
0.999415
0.999980
0.999815
0.999345
0.997825
0.998190
0.999485
0.998155
0.999330
0.993260
0.986520
0.999940
0.987755
0.979305
0.999805
0.999895
0.999355
0.999775
0.997995
0.999850
0.999970
0.999925
0.997070
0.998070
0.999415
0.999400
0.999730
0.999995
0.999915
0.997795
0.999905
0.999840
0.999810
0.996065
0.999850
0.982235
0.999910
0.999965
0.997815
0.997075
0.978390
0.999980
0.999840
0.999410
0.999345
0.999795
0.999790
0.996950
0.999815
0.999415
