0.999960
0.981825
0.999955
0.999945
0.999780
0.999775
0.998050
0.998195
0.999805
0.999970
0.999780
0.999950
0.997840
0.998145
0.999795
0.999390
0.996730
0.999830
0.999930
0.999990
0.999535
0.997955
0.999760
0.998820
0.996760
0.999430
0.998080
0.999800
0.999990
0.999965
0.998905
0.999920
0.999800
0.998015
0.998145
0.999435
0.999435
0.999960
0.999805
0.999645
0.997535
0.999930
0.999920
0.999810
0.999850
0.996580
0.999730
0.999825
1.000000
0.999375
0.997590
0.995045
0.999495
0.998220
0.999365
0.999815
0.999830
0.999505
0.999255
0.997840
0.999855
0.999825
0.999995
0.999790
0.999800
0.999785
0.999425
0.999800
0.998120
0.931135
0.999665
0.999925
0.997915
0.998325
0.999905
0.998140
0.997395
0.986765
0.999400
0.999710
0.999815
0.997695
0.983005
0.997170
0.999435
0.984250
0.999415
0.996950
0.999760
0.999925
0.934960
0.999985
0.998075
0.997605
0.998165
0.999270
0.999780
0.997280
0.999925
0.997745
0.999475
0.999355
0.996570
0.999335
0.996825
0.999780
0.999235
0.999365
0.999965
0.998020
0.999985
0.999975
0.999975
0.999480
0.999805
0.999480
1.000000
0.998350
0.998365
0.999355
0.999310
0.997715
0.998205
0.998975
0.999385
0.999355
0.999930
0.999925
0.999985
0.997925
0.999470
0.999980
0.988325
0.997280
0.999920
0.997045
0.999950
0.999390
0.999480
0.999960
0.999525
0.997550
0.999820
0.999410
0.998005
0.999820
1.000000
0.999910
0.999455
0.999795
0.999415
0.999965
0.999840
0.999445
0.997705
0.998270
0.999430
0.998120
0.999460
0.993245
0.986550
0.999910
0.988655
0.980290
0.999840
0.999890
0.999525
0.999810
0.998010
0.999800
0.999970
0.999915
0.996615
0.998125
0.999425
0.999470
0.999750
0.999995
0.999920
0.998150
0.999925
0.999825
0.999755
0.996660
0.999750
0.982740
0.999945
0.999980
0.997845
0.996980
0.977305
0.999995
0.999770
0.999405
0.999485
0.999775
0.999795
0.997100
0.999830
0.999355
