0.999975
0.981945
0.999955
0.999955
0.999820
0.999830
0.998085
0.998325
0.999825
0.999975
0.999820
0.999920
0.997855
0.998135
0.999820
0.999435
0.995780
0.999805
0.999950
0.999995
0.999500
0.997950
0.999715
0.998835
0.996305
0.999400
0.997995
0.999830
0.999995
0.999940
0.998855
0.999910
0.999795
0.998035
0.998005
0.999430
0.999435
0.999950
0.999735
0.999670
0.997550
0.999940
0.999945
0.999800
0.999835
0.996645
0.999685
0.999740
1.000000
0.999410
0.997690
0.994875
0.999505
0.998305
0.999395
0.999790
0.999820
0.999475
0.999245
0.997670
0.999860
0.999830
0.999990
0.999820
0.999810
0.999780
0.999500
0.999820
0.998125
0.948525
0.999630
0.999935
0.997810
0.998440
0.999920
0.998135
0.997395
0.987945
0.999485
0.999750
0.999805
0.997680
0.983790
0.996745
0.999505
0.982440
0.999440
0.997115
0.999780
0.999935
0.933010
1.000000
0.998485
0.997655
0.998170
0.999295
0.999780
0.998315
0.999880
0.997650
0.999420
0.999370
0.996835
0.999325
0.997075
0.999780
0.999140
0.999370
0.999995
0.998050
0.999965
0.999965
1.000000
0.999380
0.999790
0.999380
1.000000
0.998365
0.998220
0.999190
0.999270
0.997950
0.998185
0.998850
0.999470
0.999315
0.999950
0.999955
0.999975
0.997675
0.999460
0.999965
0.988395
0.997310
0.999925
0.997000
0.999950
0.999405
0.999420
0.999985
0.999460
0.997200
0.999795
0.999470
0.998105
0.999790
0.999990
0.999940
0.999420
0.999735
0.999445
0.999975
0.999845
0.999440
0.997785
0.998210
0.999430
0.998000
0.999325
0.993170
0.985600
0.999955
0.986910
0.974055
0.999745
0.999930
0.999525
0.999795
0.997820
0.999835
0.999930
0.999885
0.996955
0.998085
0.999480
0.999475
0.999730
1.000000
0.999910
0.998135
0.999910
0.999800
0.999785
0.996050
0.999840
0.983055
0.999900
0.999965
0.997560
0.997120
0.978060
0.999970
0.999790
0.999305
0.999420
0.999810
0.999800
0.996960
0.999850
0.999425
