0.999980
0.982125
0.999930
0.999930
0.999855
0.999825
0.998125
0.998270
0.999840
0.999955
0.999815
0.999900
0.997880
0.998160
0.999795
0.999410
0.996755
0.999825
0.999940
0.999995
0.999490
0.997905
0.999700
0.998865
0.996405
0.999355
0.997915
0.999870
1.000000
0.999930
0.998960
0.999910
0.999810
0.997995
0.998275
0.999540
0.999520
0.999960
0.999840
0.999620
0.997400
0.999960
0.999940
0.999815
0.999845
0.994230
0.999725
0.999815
0.999990
0.999455
0.997505
0.994730
0.999465
0.997960
0.999405
0.999780
0.999815
0.999465
0.999235
0.997525
0.999850
0.999805
0.999995
0.999810
0.999755
0.999840
0.999505
0.999835
0.998245
0.950590
0.999675
0.999940
0.997980
0.998110
0.999955
0.998050
0.997360
0.988010
0.999460
0.999730
0.999745
0.997755
0.983170
0.995915
0.999455
0.982950
0.999385
0.997375
0.999810
0.999900
0.937380
0.999980
0.998385
0.997955
0.998290
0.999435
0.999785
0.998410
0.999940
0.997590
0.999520
0.999395
0.996755
0.999395
0.996865
0.999815
0.999070
0.999495
0.999990
0.998110
0.999990
1.000000
0.999990
0.999400
0.999850
0.999470
1.000000
0.998115
0.998335
0.999350
0.999260
0.997730
0.998220
0.998810
0.999285
0.999375
0.999925
0.999930
0.999985
0.997830
0.999420
0.999985
0.988665
0.997225
0.999910
0.997115
0.999950
0.999490
0.999360
0.999990
0.999515
0.997270
0.999865
0.999430
0.998125
0.999795
1.000000
0.999945
0.999440
0.999785
0.999530
0.999970
0.999865
0.999410
0.997530
0.998235
0.999480
0.998100
0.999430
0.993450
0.984465
0.999930
0.985210
0.977680
0.999750
0.999920
0.999415
0.999840
0.997885
0.999845
0.999955
0.999925
0.996855
0.998125
0.999360
0.999455
0.999870
1.000000
0.999920
0.998120
0.999905
0.999805
0.999760
0.996105
0.999835
0.982745
0.999920
0.999980
0.997905
0.997140
0.970505
0.999990
0.999775
0.999390
0.999305
0.999830
0.999860
0.996820
0.999755
0.999350
