0.999980
0.982065
0.999945
0.999945
0.999805
0.999775
0.998215
0.998175
0.999735
0.999950
0.999855
0.999925
0.997665
0.998160
0.999820
0.999340
0.996280
0.999810
0.999930
0.999985
0.999435
0.998040
0.999785
0.998910
0.996195
0.999500
0.998105
0.999845
0.999995
0.999955
0.999035
0.999890
0.999810
0.998035
0.998060
0.999540
0.999455
0.999955
0.999760
0.999640
0.997215
0.999940
0.999915
0.999800
0.999870
0.996130
0.999770
0.999825
0.999995
0.999505
0.997615
0.995390
0.999470
0.998200
0.999385
0.999815
0.999740
0.999390
0.999160
0.996870
0.999815
0.999835
0.999980
0.999820
0.999835
0.999825
0.999440
0.999795
0.998180
0.939795
0.999640
0.999915
0.997695
0.998255
0.999940
0.998145
0.997700
0.987835
0.999500
0.999785
0.999825
0.997795
0.980355
0.996845
0.999505
0.984385
0.999460
0.997175
0.999785
0.999915
0.949880
0.999990
0.998435
0.997860
0.998175
0.999405
0.999770
0.998170
0.999940
0.997730
0.999370
0.999325
0.996210
0.999295
0.996635
0.999805
0.999210
0.999445
0.999980
0.998155
0.999980
0.999980
0.999985
0.999470
0.999820
0.999465
0.999980
0.998305
0.998205
0.999320
0.999340
0.997860
0.998180
0.998775
0.999455
0.999405
0.999945
0.999935
0.999970
0.997850
0.999475
0.999945
0.988295
0.997670
0.999900
0.997060
0.999940
0.999375
0.999400
0.999960
0.999390
0.997340
0.999825
0.999490
0.998000
0.999760
0.999990
0.999905
0.999395
0.999785
0.999420
0.999980
0.999805
0.999355
0.997455
0.998185
0.999400
0.997925
0.999335
0.992655
0.985005
0.999945
0.988625
0.980620
0.999820
0.999925
0.999475
0.999845
0.998010
0.999770
0.999985
0.999900
0.997155
0.998295
0.999400
0.999455
0.999825
0.999995
0.999945
0.998065
0.999905
0.999780
0.999720
0.996215
0.999810
0.982925
0.999910
0.999970
0.997835
0.996880
0.975795
0.999985
0.999820
0.999425
0.999310
0.999765
0.999840
0.996835
0.999835
0.999340
