0.999975
0.980405
0.999955
0.999885
0.999840
0.999790
0.998015
0.998120
0.999775
0.999960
0.999865
0.999930
0.997870
0.998255
0.999840
0.999340
0.996525
0.999885
0.999955
1.000000
0.999475
0.998005
0.999730
0.998980
0.996090
0.999360
0.998270
0.999855
0.999985
0.999935
0.998940
0.999920
0.999780
0.998020
0.998490
0.999420
0.999335
0.999955
0.999815
0.999595
0.997350
0.999950
0.999955
0.999835
0.999810
0.995595
0.999640
0.999825
1.000000
0.999530
0.997615
0.995310
0.999470
0.998180
0.999435
0.999800
0.999795
0.999420
0.999185
0.997860
0.999800
0.999800
0.999995
0.999800
0.999800
0.999820
0.999445
0.999780
0.998135
0.936270
0.999615
0.999945
0.997945
0.998315
0.999950
0.998110
0.997580
0.988925
0.999390
0.999695
0.999780
0.997880
0.984160
0.997215
0.999435
0.983195
0.999405
0.997000
0.999775
0.999945
0.943125
1.000000
0.997975
0.997565
0.998070
0.999440
0.999765
0.997260
0.999905
0.997645
0.999390
0.999315
0.996695
0.999355
0.997045
0.999815
0.999035
0.999375
0.999970
0.998025
0.999990
0.999985
0.999985
0.999420
0.999700
0.999410
1.000000
0.998190
0.998185
0.999230
0.999300
0.997510
0.998225
0.998850
0.999310
0.999325
0.999930
0.999915
0.999980
0.997770
0.999360
0.999970
0.989310
0.997165
0.999955
0.996035
0.999950
0.999465
0.999480
0.999985
0.999390
0.997425
0.999810
0.999435
0.998165
0.999790
0.999990
0.999935
0.999380
0.999830
0.999475
0.999970
0.999795
0.999445
0.997760
0.998215
0.999460
0.998075
0.999335
0.993305
0.985985
0.999935
0.987255
0.974650
0.999795
0.999935
0.999455
0.999870
0.998100
0.999755
0.999970
0.999935
0.997005
0.998105
0.999350
0.999355
0.999800
0.999995
0.999950
0.998145
0.999925
0.999820
0.999725
0.995725
0.999785
0.982920
0.999900
0.999960
0.997740
0.996940
0.978715
0.999995
0.999815
0.999380
0.999295
0.999855
0.999810
0.996780
0.999780
0.999490
