0.999985
0.982890
0.999935
0.999930
0.999790
0.999785
0.998085
0.998270
0.999805
0.999970
0.999895
0.999945
0.997860
0.998100
0.999815
0.999460
0.996415
0.999875
0.999950
0.999980
0.999480
0.997880
0.999705
0.999020
0.995790
0.999395
0.997955
0.999785
0.999990
0.999945
0.999005
0.999935
0.999740
0.998120
0.998280
0.999440
0.999370
0.999930
0.999775
0.999640
0.997175
0.999960
0.999935
0.999855
0.999785
0.996370
0.999675
0.999790
0.999995
0.999525
0.997715
0.994290
0.999410
0.998195
0.999405
0.999840
0.999780
0.999505
0.999325
0.997685
0.999820
0.999810
0.999995
0.999805
0.999840
0.999850
0.999520
0.999775
0.998175
0.940810
0.999690
0.999950
0.997905
0.998275
0.999920
0.998160
0.997525
0.989040
0.999320
0.999740
0.999810
0.997715
0.981325
0.996855
0.999345
0.982675
0.999435
0.996920
0.999820
0.999955
0.923840
0.999990
0.998160
0.997690
0.998140
0.999400
0.999785
0.998205
0.999945
0.997670
0.999490
0.999400
0.996525
0.999295
0.997005
0.999820
0.999175
0.999410
0.999965
0.998130
0.999990
0.999970
0.999990
0.999425
0.999800
0.999470
1.000000
0.998380
0.998390
0.999230
0.999245
0.997310
0.998105
0.998935
0.999400
0.999355
0.999940
0.999930
0.999980
0.997910
0.999420
0.999970
0.987540
0.997650
0.999950
0.997230
0.999895
0.999515
0.999420
0.999955
0.999420
0.997460
0.999785
0.999420
0.998085
0.999825
0.999995
0.999940
0.999460
0.999810
0.999415
0.999970
0.999830
0.999360
0.997655
0.998145
0.999315
0.997940
0.999365
0.992935
0.982815
0.999910
0.987310
0.980835
0.999800
0.999910
0.999470
0.999835
0.998055
0.999770
0.999945
0.999890
0.996025
0.998195
0.999495
0.999385
0.999785
1.000000
0.999935
0.998150
0.999925
0.999810
0.999735
0.995825
0.999865
0.982170
0.999945
0.999980
0.997605
0.996940
0.972350
0.999970
0.999785
0.999435
0.999370
0.999845
0.999770
0.996930
0.999785
0.999445
