0.999985
0.983825
0.999885
0.999935
0.999805
0.999800
0.998020
0.998330
0.999785
0.999980
0.999865
0.999905
0.997695
0.998080
0.999780
0.999490
0.996370
0.999835
0.999950
0.999995
0.999440
0.997880
0.999745
0.998885
0.995965
0.999450
0.998050
0.999815
0.999980
0.999950
0.998950
0.999930
0.999815
0.998125
0.998180
0.999400
0.999455
0.999970
0.999840
0.999655
0.996510
0.999945
0.999925
0.999765
0.999800
0.993835
0.999750
0.999855
1.000000
0.999405
0.997700
0.994720
0.999410
0.998195
0.999385
0.999780
0.999755
0.999430
0.999300
0.997655
0.999790
0.999830
0.999990
0.999795
0.999825
0.999795
0.999360
0.999845
0.998310
0.949630
0.999630
0.999940
0.997915
0.998285
0.999895
0.998210
0.997245
0.988430
0.999435
0.999685
0.999740
0.997960
0.982100
0.997010
0.999400
0.982460
0.999360
0.997025
0.999800
0.999945
0.929840
0.999980
0.998190
0.997850
0.998070
0.999385
0.999780
0.998230
0.999940
0.997545
0.999485
0.999310
0.994585
0.999485
0.996590
0.999805
0.999230
0.999400
0.999990
0.998205
0.999965
0.999970
0.999995
0.999500
0.999790
0.999545
1.000000
0.998190
0.998215
0.999165
0.999255
0.997815
0.998110
0.998875
0.999435
0.999335
0.999910
0.999935
0.999985
0.997620
0.999480
0.999965
0.988310
0.997445
0.999920
0.996870
0.999935
0.999390
0.999540
0.999960
0.999435
0.997295
0.999850
0.999350
0.997960
0.999900
1.000000
0.999955
0.999495
0.999850
0.999365
0.999970
0.999815
0.999350
0.997730
0.998315
0.999430
0.998010
0.999290
0.993820
0.986525
0.999935
0.987925
0.978910
0.999745
0.999920
0.999500
0.999790
0.997740
0.999825
0.999955
0.999925
0.996795
0.998205
0.999495
0.999420
0.999765
0.999995
0.999940
0.998185
0.999900
0.999815
0.999815
0.995775
0.999790
0.982950
0.999900
0.999970
0.997795
0.997130
0.977105
0.999980
0.999815
0.999415
0.999345
0.999765
0.999810
0.996910
0.999810
0.999405
