0.999985
0.983375
0.999925
0.999915
0.999780
0.999810
0.997965
0.998195
0.999815
0.999930
0.999835
0.999920
0.997755
0.998135
0.999790
0.999470
0.996560
0.999835
0.999940
0.999990
0.999495
0.998040
0.999755
0.998955
0.996145
0.999385
0.998040
0.999850
0.999995
0.999940
0.998870
0.999875
0.999840
0.997965
0.998190
0.999400
0.999410
0.999965
0.999750
0.999680
0.997445
0.999930
0.999945
0.999815
0.999835
0.995675
0.999710
0.999790
0.999995
0.999430
0.997555
0.995380
0.999510
0.998100
0.999430
0.999785
0.999765
0.999530
0.999350
0.997715
0.999850
0.999815
0.999990
0.999795
0.999855
0.999755
0.999500
0.999855
0.998170
0.934160
0.999595
0.999940
0.998010
0.998440
0.999925
0.998115
0.997275
0.988495
0.999295
0.999715
0.999765
0.997955
0.983015
0.996930
0.999450
0.985170
0.999450
0.997260
0.999820
0.999940
0.943150
0.999985
0.998120
0.997675
0.998190
0.999315
0.999795
0.998210
0.999960
0.997850
0.999490
0.999285
0.996625
0.999310
0.996870
0.999790
0.999170
0.999460
0.999975
0.998050
0.999965
0.999960
1.000000
0.999460
0.999840
0.999360
1.000000
0.998240
0.998135
0.999300
0.999230
0.997600
0.998095
0.998980
0.999415
0.999480
0.999955
0.999910
0.999985
0.997670
0.999485
0.999980
0.988920
0.997435
0.999935
0.997275
0.999960
0.999445
0.999375
0.999965
0.999480
0.997490
0.999775
0.999390
0.998005
0.999760
0.999980
0.999940
0.999445
0.999865
0.999375
0.999985
0.999840
0.999415
0.997690
0.998115
0.999545
0.997880
0.999395
0.992965
0.985225
0.999935
0.987230
0.975940
0.999775
0.999885
0.999400
0.999710
0.998045
0.999860
0.999935
0.999925
0.995880
0.998155
0.999500
0.999335
0.999770
0.999995
0.999955
0.998045
0.999915
0.999805
0.999760
0.996060
0.999845
0.981490
0.999910
0.999980
0.997710
0.996710
0.977595
0.999980
0.999750
0.999325
0.999370
0.999845
0.999830
0.996560
0.999890
0.999490
