0.999980
0.983185
0.999900
0.999955
0.999815
0.999790
0.998190
0.998265
0.999800
0.999985
0.999815
0.999940
0.997545
0.998250
0.999810
0.999450
0.995555
0.999845
0.999950
0.999990
0.999455
0.998005
0.999720
0.998920
0.996425
0.999390
0.998040
0.999810
0.999985
0.999940
0.999040
0.999875
0.999795
0.998080
0.998200
0.999445
0.999465
0.999985
0.999795
0.999625
0.996315
0.999955
0.999940
0.999770
0.999795
0.994155
0.999710
0.999850
0.999995
0.999440
0.997580
0.993830
0.999435
0.998160
0.999330
0.999765
0.999695
0.999505
0.999320
0.997900
0.999765
0.999835
0.999990
0.999825
0.999830
0.999865
0.999385
0.999840
0.998275
0.939305
0.999575
0.999955
0.997900
0.998245
0.999925
0.998210
0.997445
0.988695
0.999325
0.999730
0.999815
0.997710
0.983050
0.996705
0.999395
0.983045
0.999405
0.996965
0.999830
0.999960
0.928070
0.999995
0.998245
0.997600
0.998060
0.999375
0.999780
0.998470
0.999920
0.997755
0.999390
0.999230
0.996220
0.999370
0.996970
0.999790
0.999150
0.999275
0.999975
0.998155
0.999985
0.999955
0.999995
0.999440
0.999810
0.999450
1.000000
0.998135
0.998390
0.999150
0.999310
0.996415
0.998315
0.998880
0.999480
0.999445
0.999960
0.999930
0.999965
0.997465
0.999490
0.999980
0.988110
0.997475
0.999935
0.996755
0.999950
0.999420
0.999420
0.999975
0.999390
0.997355
0.999820
0.999475
0.998140
0.999800
1.000000
0.999905
0.999425
0.999815
0.999530
0.999985
0.999820
0.999445
0.997590
0.998185
0.999480
0.998050
0.999375
0.993290
0.985025
0.999955
0.987045
0.974285
0.999785
0.999915
0.999465
0.999845
0.997960
0.999795
0.999975
0.999945
0.997165
0.998255
0.999440
0.999415
0.999815
0.999995
0.999915
0.998115
0.999890
0.999800
0.999770
0.996415
0.999830
0.983475
0.999925
0.999965
0.997720
0.996950
0.975005
0.999985
0.999835
0.999305
0.999355
0.999850
0.999810
0.997005
0.999730
0.999525
