0.999980
0.958045
0.999890
0.999935
0.999850
0.999845
0.998135
0.998355
0.999785
0.999985
0.999505
0.999935
0.997665
0.997930
0.999770
0.999425
0.996290
0.999835
0.999930
0.999990
0.999435
0.997700
0.999480
0.998170
0.996470
0.999405
0.998195
0.999830
1.000000
0.999940
0.998220
0.999925
0.999835
0.998065
0.998145
0.999525
0.999415
0.999900
0.999815
0.999420
0.997600
0.999910
0.999910
0.999780
0.999755
0.994155
0.999455
0.999825
1.000000
0.999525
0.997685
0.988670
0.999375
0.998250
0.999385
0.999770
0.999825
0.999435
0.999255
0.997740
0.999795
0.999805
0.999985
0.999755
0.999790
0.999830
0.999385
0.999835
0.998240
0.855635
0.999075
0.999910
0.997800
0.993920
0.999905
0.998135
0.997415
0.956305
0.999405
0.999670
0.999775
0.997825
0.959100
0.996580
0.999435
0.962185
0.999490
0.997355
0.999805
0.999950
0.793060
1.000000
0.998135
0.997725
0.998355
0.999380
0.999800
0.997160
0.999945
0.997800
0.998110
0.999300
0.996475
0.999360
0.996820
0.999795
0.999110
0.999435
0.999990
0.998250
0.999980
0.999970
1.000000
0.999415
0.999750
0.999405
1.000000
0.998345
0.998230
0.999285
0.999345
0.997805
0.998245
0.998760
0.999435
0.999405
0.999960
0.999880
0.999965
0.997830
0.999490
0.999985
0.960760
0.997150
0.999920
0.996910
0.999910
0.999470
0.999380
0.999990
0.999400
0.996865
0.999785
0.999250
0.998345
0.999790
0.999995
0.999930
0.999435
0.999810
0.999485
0.999975
0.999825
0.999275
0.997910
0.998230
0.999505
0.998165
0.999450
0.960265
0.950160
0.999935
0.958055
0.899260
0.999820
0.999860
0.999500
0.999860
0.997925
0.999835
0.999910
0.999930
0.996430
0.998170
0.999470
0.999380
0.999780
1.000000
0.999940
0.998095
0.999910
0.999795
0.999740
0.996300
0.999730
0.962005
0.999860
0.999980
0.997750
0.996925
0.934915
0.999970
0.999820
0.999410
0.999295
0.999805
0.999735
0.996845
0.999805
0.999510
