0.999965
0.960065
0.999940
0.999965
0.999845
0.999830
0.998060
0.998275
0.999800
0.999965
0.999470
0.999925
0.997755
0.998095
0.999845
0.999280
0.995420
0.999855
0.999935
0.999990
0.999485
0.998015
0.999440
0.998165
0.996325
0.999425
0.998210
0.999770
0.999990
0.999905
0.998340
0.999895
0.999810
0.998045
0.998130
0.999455
0.999495
0.999930
0.999775
0.999355
0.997120
0.999945
0.999965
0.999805
0.999815
0.995265
0.999430
0.999815
1.000000
0.999435
0.997570
0.987940
0.999495
0.998290
0.999345
0.999790
0.999750
0.999405
0.999160
0.997700
0.999775
0.999800
0.999980
0.999805
0.999820
0.999805
0.999410
0.999820
0.998365
0.868015
0.999245
0.999930
0.997685
0.993545
0.999950
0.998175
0.997650
0.957420
0.999395
0.999735
0.999840
0.997850
0.959520
0.996625
0.999405
0.961350
0.999380
0.997425
0.999810
0.999920
0.776440
0.999995
0.998245
0.997625
0.998175
0.999305
0.999805
0.997515
0.999945
0.997995
0.998265
0.999340
0.996315
0.999455
0.996845
0.999885
0.998920
0.999400
0.999980
0.998215
0.999985
0.999970
0.999990
0.999385
0.999770
0.999400
0.999995
0.998375
0.998165
0.999270
0.999155
0.997615
0.998260
0.998785
0.999495
0.999450
0.999955
0.999835
0.999970
0.997810
0.999345
1.000000
0.960275
0.997570
0.999930
0.997300
0.999960
0.999365
0.999530
0.999990
0.999505
0.997450
0.999800
0.999435
0.998075
0.999795
0.999995
0.999910
0.999510
0.999855
0.999370
0.999970
0.999785
0.999350
0.997760
0.998140
0.999440
0.997915
0.999290
0.960700
0.949760
0.999930
0.956760
0.915715
0.999805
0.999815
0.999385
0.999795
0.997975
0.999810
0.999890
0.999925
0.996860
0.998175
0.999470
0.999345
0.999780
1.000000
0.999910
0.997850
0.999935
0.999795
0.999785
0.996580
0.999880
0.962760
0.999795
0.999950
0.997495
0.997030
0.950100
0.999985
0.999800
0.999355
0.999365
0.999785
0.999755
0.996825
0.999765
0.999420
