0.999985
0.958035
0.999945
0.999925
0.999780
0.999785
0.998090
0.998275
0.999825
0.999955
0.999485
0.999925
0.997550
0.998220
0.999830
0.999435
0.996475
0.999800
0.999940
1.000000
0.999410
0.998120
0.999400
0.998085
0.996415
0.999400
0.998250
0.999865
0.999990
0.999970
0.998165
0.999905
0.999800
0.998130
0.998195
0.999465
0.999460
0.999925
0.999805
0.999330
0.997455
0.999930
0.999940
0.999790
0.999850
0.995345
0.999440
0.999830
1.000000
0.999395
0.997915
0.988245
0.999500
0.998280
0.999460
0.999775
0.999820
0.999400
0.999280
0.997875
0.999835
0.999745
0.999995
0.999775
0.999850
0.999735
0.999395
0.999840
0.998090
0.869520
0.999225
0.999935
0.997700
0.993280
0.999915
0.998075
0.997465
0.956830
0.999335
0.999745
0.999780
0.997845
0.957615
0.996880
0.999445
0.962450
0.999455
0.997275
0.999820
0.999910
0.795235
0.999990
0.998135
0.997600
0.998075
0.999445
0.999790
0.997175
0.999965
0.997705
0.998310
0.999385
0.996410
0.999295
0.997055
0.999800
0.999200
0.999440
0.999980
0.997980
0.999985
0.999990
0.999975
0.999445
0.999740
0.999400
1.000000
0.998375
0.998260
0.999340
0.999345
0.997560
0.998100
0.998735
0.999360
0.999410
0.999935
0.999770
0.999980
0.997865
0.999415
0.999980
0.960120
0.997460
0.999920
0.997090
0.999945
0.999430
0.999475
0.999980
0.999455
0.997585
0.999815
0.999425
0.998350
0.999800
1.000000
0.999955
0.999460
0.999825
0.999395
0.999995
0.999810
0.999305
0.997830
0.998175
0.999510
0.997915
0.999430
0.961385
0.952950
0.999960
0.953345
0.906000
0.999820
0.999795
0.999470
0.999795
0.997985
0.999770
0.999945
0.999920
0.997195
0.998195
0.999340
0.999425
0.999755
0.999990
0.999960
0.998195
0.999905
0.999780
0.999700
0.996140
0.999755
0.962615
0.999800
0.999995
0.997830
0.997015
0.951220
0.999965
0.999825
0.999425
0.999315
0.999790
0.999745
0.997190
0.999825
0.999360
