0.999960
0.960215
0.999945
0.999930
0.999845
0.999860
0.998165
0.998245
0.999805
0.999965
0.999425
0.999875
0.997750
0.998140
0.999775
0.999495
0.995900
0.999770
0.999930
0.999975
0.999455
0.997895
0.999405
0.998145
0.996225
0.999470
0.998010
0.999800
0.999995
0.999935
0.998300
0.999915
0.999760
0.998040
0.998135
0.999445
0.999460
0.999915
0.999825
0.999330
0.997295
0.999955
0.999945
0.999715
0.999795
0.996050
0.999510
0.999825
1.000000
0.999455
0.997655
0.988700
0.999515
0.998290
0.999400
0.999760
0.999810
0.999400
0.999265
0.997595
0.999815
0.999780
0.999995
0.999845
0.999785
0.999785
0.999295
0.999750
0.998235
0.863200
0.999085
0.999920
0.997830
0.993415
0.999925
0.998250
0.997370
0.959820
0.999440
0.999805
0.999755
0.997885
0.959540
0.995970
0.999460
0.960560
0.999400
0.997190
0.999830
0.999885
0.806150
0.999985
0.998235
0.997625
0.998265
0.999265
0.999760
0.997350
0.999895
0.997785
0.998280
0.999330
0.996570
0.999360
0.997105
0.999820
0.999095
0.999385
0.999985
0.997850
0.999950
0.999980
0.999985
0.999365
0.999825
0.999320
0.999995
0.998200
0.998355
0.999375
0.999225
0.997635
0.998120
0.998840
0.999450
0.999425
0.999915
0.999760
0.999990
0.997740
0.999435
0.999985
0.960870
0.997350
0.999965
0.996075
0.999955
0.999385
0.999490
0.999970
0.999480
0.997330
0.999805
0.999515
0.998125
0.999805
0.999985
0.999955
0.999545
0.999820
0.999350
0.999985
0.999790
0.999310
0.997795
0.998225
0.999395
0.997960
0.999480
0.961320
0.954800
0.999930
0.953280
0.919645
0.999865
0.999745
0.999450
0.999795
0.998015
0.999760
0.999920
0.999935
0.996820
0.997990
0.999480
0.999425
0.999790
0.999995
0.999930
0.997980
0.999875
0.999770
0.999705
0.996395
0.999835
0.962545
0.999820
0.999995
0.997670
0.996635
0.942515
0.999990
0.999830
0.999325
0.999320
0.999755
0.999735
0.996720
0.999820
0.999450
