0.999985
0.954430
0.999940
0.999930
0.999835
0.999820
0.998105
0.998230
0.999785
0.999965
0.999400
0.999905
0.997505
0.998230
0.999825
0.999460
0.996510
0.999805
0.999965
0.999995
0.999450
0.998100
0.999375
0.998090
0.996140
0.999400
0.997835
0.999830
0.999990
0.999920
0.998245
0.999950
0.999765
0.998040
0.997975
0.999395
0.999405
0.999955
0.999825
0.999455
0.997220
0.999940
0.999920
0.999815
0.999800
0.993420
0.999420
0.999840
0.999995
0.999480
0.997410
0.987975
0.999280
0.998045
0.999450
0.999830
0.999845
0.999405
0.999185
0.996390
0.999805
0.999780
0.999995
0.999820
0.999815
0.999800
0.999470
0.999770
0.998225
0.839450
0.999155
0.999955
0.997725
0.993530
0.999910
0.998210
0.997340
0.958175
0.999370
0.999745
0.999745
0.997880
0.958905
0.996840
0.999480
0.959660
0.999450
0.997070
0.999840
0.999920
0.780760
0.999995
0.998120
0.997695
0.998260
0.999260
0.999760
0.996075
0.999940
0.997700
0.998270
0.999220
0.995200
0.999315
0.996885
0.999770
0.999070
0.999390
0.999985
0.998215
0.999980
0.999985
0.999990
0.999525
0.999755
0.999355
0.999995
0.998235
0.998220
0.999380
0.999280
0.997450
0.998195
0.998870
0.999450
0.999385
0.999910
0.999770
0.999990
0.997770
0.999480
0.999985
0.958585
0.997260
0.999930
0.996810
0.999930
0.999400
0.999440
0.999955
0.999365
0.997440
0.999815
0.999320
0.997970
0.999820
0.999990
0.999925
0.999370
0.999875
0.999400
0.999990
0.999880
0.999435
0.997565
0.998070
0.999395
0.997990
0.999395
0.960000
0.950785
0.999965
0.956445
0.910270
0.999780
0.999790
0.999570
0.999835
0.998070
0.999830
0.999940
0.999900
0.994595
0.998210
0.999470
0.999445
0.999790
0.999980
0.999920
0.998080
0.999955
0.999870
0.999715
0.995975
0.999850
0.962240
0.999840
0.999980
0.997840
0.996820
0.935860
0.999965
0.999855
0.999435
0.999395
0.999835
0.999740
0.996925
0.999815
0.999490
