0.999985
0.960250
0.999915
0.999955
0.999775
0.999790
0.998030
0.998275
0.999800
0.999955
0.999345
0.999910
0.997695
0.998015
0.999795
0.999415
0.996285
0.999765
0.999895
0.999995
0.999465
0.998065
0.999430
0.998240
0.996330
0.999375
0.998130
0.999815
1.000000
0.999910
0.998120
0.999890
0.999795
0.998160
0.998275
0.999365
0.999480
0.999955
0.999840
0.999435
0.996065
0.999940
0.999920
0.999855
0.999870
0.996645
0.999395
0.999820
1.000000
0.999350
0.997815
0.988550
0.999275
0.997920
0.999290
0.999755
0.999815
0.999475
0.999380
0.997645
0.999890
0.999810
0.999980
0.999780
0.999825
0.999780
0.999495
0.999760
0.998190
0.877870
0.999070
0.999920
0.998015
0.993535
0.999905
0.998255
0.997730
0.956655
0.999360
0.999750
0.999815
0.998055
0.959350
0.996050
0.999330
0.961445
0.999505
0.997020
0.999715
0.999950
0.783700
1.000000
0.998205
0.997390
0.998030
0.999450
0.999675
0.997375
0.999925
0.997730
0.998370
0.999365
0.996475
0.999405
0.996960
0.999835
0.999080
0.999490
0.999980
0.998085
0.999985
0.999980
1.000000
0.999475
0.999790
0.999510
1.000000
0.998460
0.998350
0.999315
0.999275
0.997565
0.998280
0.998895
0.999510
0.999440
0.999915
0.999865
0.999985
0.997790
0.999485
0.999975
0.960845
0.997065
0.999925
0.996910
0.999910
0.999395
0.999300
0.999965
0.999435
0.997225
0.999755
0.999455
0.998020
0.999845
1.000000
0.999935
0.999375
0.999785
0.999495
0.999975
0.999810
0.999265
0.997430
0.998225
0.999435
0.997945
0.999320
0.959295
0.955370
0.999920
0.956910
0.911660
0.999810
0.999825
0.999440
0.999790
0.997925
0.999790
0.999930
0.999945
0.995810
0.998395
0.999410
0.999360
0.999765
1.000000
0.999955
0.997915
0.999935
0.999820
0.999800
0.996145
0.999770
0.962465
0.999880
0.999965
0.997840
0.996910
0.946395
0.999980
0.999830
0.999435
0.999335
0.999805
0.999795
0.995875
0.999830
0.999470
