0.999980
0.960470
0.999930
0.999925
0.999785
0.999810
0.998090
0.998370
0.999775
0.999975
0.999575
0.999900
0.997615
0.998325
0.999800
0.999405
0.996645
0.999820
0.999955
1.000000
0.999460
0.998005
0.999445
0.998060
0.996305
0.999525
0.997925
0.999815
0.999985
0.999905
0.998340
0.999925
0.999815
0.998045
0.998105
0.999415
0.999470
0.999955
0.999805
0.999430
0.997250
0.999930
0.999935
0.999810
0.999800
0.995155
0.999395
0.999840
0.999995
0.999470
0.997755
0.986690
0.999510
0.998000
0.999295
0.999835
0.999790
0.999545
0.999235
0.996810
0.999825
0.999840
0.999990
0.999780
0.999840
0.999795
0.999480
0.999715
0.998400
0.859530
0.999210
0.999955
0.997800
0.993805
0.999905
0.998165
0.997820
0.959945
0.999360
0.999780
0.999745
0.997760
0.958055
0.996885
0.999470
0.960550
0.999490
0.997150
0.999830
0.999945
0.780530
1.000000
0.998130
0.997545
0.998025
0.999390
0.999745
0.997470
0.999960
0.997810
0.998200
0.999345
0.996460
0.999365
0.996915
0.999815
0.999235
0.999415
0.999980
0.997945
0.999990
0.999985
1.000000
0.999530
0.999755
0.999440
1.000000
0.998105
0.998335
0.999265
0.999295
0.997430
0.998215
0.998785
0.999450
0.999460
0.999930
0.999815
0.999970
0.997745
0.999520
0.999980
0.961170
0.997035
0.999940
0.997185
0.999945
0.999530
0.999465
0.999985
0.999445
0.997315
0.999765
0.999370
0.998175
0.999800
1.000000
0.999950
0.999420
0.999850
0.999485
0.999985
0.999770
0.999440
0.997765
0.998125
0.999405
0.998065
0.999300
0.959170
0.955650
0.999955
0.952620
0.908490
0.999780
0.999760
0.999505
0.999820
0.998030
0.999800
0.999945
0.999945
0.997110
0.998160
0.999440
0.999425
0.999735
1.000000
0.999950
0.997910
0.999920
0.999815
0.999750
0.996370
0.999770
0.962235
0.999765
0.999970
0.997660
0.996915
0.943840
0.999975
0.999780
0.999450
0.999340
0.999785
0.999740
0.997055
0.999830
0.999425
