0.999975
0.961965
0.999915
0.999960
0.999750
0.999835
0.998160
0.998345
0.999785
0.999985
0.999530
0.999945
0.997655
0.998155
0.999860
0.999415
0.995530
0.999800
0.999930
0.999985
0.999320
0.998065
0.999370
0.998015
0.996050
0.999330
0.997975
0.999755
0.999990
0.999930
0.998240
0.999950
0.999805
0.998050
0.998050
0.999355
0.999465
0.999930
0.999765
0.999380
0.997195
0.999920
0.999930
0.999885
0.999830
0.995305
0.999350
0.999805
1.000000
0.999465
0.997640
0.986925
0.999480
0.998180
0.999310
0.999830
0.999815
0.999480
0.999245
0.997485
0.999780
0.999760
0.999995
0.999850
0.999795
0.999775
0.999440
0.999750
0.998185
0.871635
0.999100
0.999935
0.997770
0.993995
0.999895
0.998185
0.997740
0.960760
0.999360
0.999785
0.999855
0.998045
0.956905
0.996835
0.999370
0.961450
0.999490
0.997050
0.999850
0.999935
0.783005
0.999985
0.998225
0.997525
0.998235
0.999430
0.999765
0.997395
0.999925
0.997790
0.998320
0.999385
0.996500
0.999245
0.997105
0.999805
0.999150
0.999445
0.999985
0.998175
0.999965
0.999980
1.000000
0.999440
0.999770
0.999490
0.999995
0.998335
0.998220
0.999215
0.999240
0.997480
0.998080
0.998995
0.999465
0.999295
0.999930
0.999840
0.999980
0.997975
0.999470
0.999960
0.960175
0.997375
0.999910
0.996690
0.999905
0.999575
0.999510
0.999975
0.999420
0.997135
0.999755
0.999390
0.997950
0.999755
0.999985
0.999925
0.999445
0.999800
0.999435
0.999980
0.999840
0.999340
0.997860
0.998220
0.999530
0.997815
0.999365
0.959820
0.957025
0.999900
0.952930
0.914240
0.999755
0.999795
0.999400
0.999785
0.997825
0.999760
0.999925
0.999960
0.995850
0.998195
0.999505
0.999405
0.999750
0.999995
0.999955
0.997935
0.999940
0.999820
0.999700
0.996060
0.999775
0.960955
0.999815
0.999955
0.997895
0.997215
0.945310
0.999965
0.999845
0.999340
0.999425
0.999805
0.999820
0.997225
0.999785
0.999425
