0.999990
0.961295
0.999945
0.999950
0.999790
0.999815
0.998125
0.998145
0.999780
0.999975
0.999455
0.999935
0.997795
0.998120
0.999790
0.999505
0.996375
0.999770
0.999930
0.999985
0.999410
0.997985
0.999505
0.998140
0.995810
0.999365
0.998095
0.999805
1.000000
0.999920
0.998350
0.999945
0.999785
0.998180
0.998150
0.999350
0.999440
0.999900
0.999775
0.999380
0.996175
0.999945
0.999935
0.999860
0.999810
0.994210
0.999470
0.999805
1.000000
0.999325
0.997590
0.987250
0.999460
0.998040
0.999400
0.999715
0.999810
0.999465
0.999205
0.997740
0.999815
0.999850
0.999990
0.999830
0.999890
0.999775
0.999445
0.999800
0.998085
0.867435
0.999215
0.999915
0.997910
0.993695
0.999890
0.998175
0.997660
0.958675
0.999425
0.999765
0.999805
0.998005
0.957190
0.996400
0.999510
0.961585
0.999400
0.997140
0.999835
0.999960
0.760930
0.999985
0.998345
0.997855
0.998005
0.999365
0.999770
0.997230
0.999925
0.997735
0.998265
0.999260
0.995580
0.999295
0.996905
0.999805
0.999160
0.999365
0.999975
0.998155
0.999970
0.999965
0.999990
0.999410
0.999780
0.999405
0.999995
0.998230
0.998110
0.999390
0.999215
0.997500
0.998325
0.998665
0.999405
0.999415
0.999910
0.999900
0.999970
0.997945
0.999460
0.999975
0.957770
0.997320
0.999945
0.997055
0.999965
0.999495
0.999450
0.999980
0.999425
0.997385
0.999830
0.999510
0.998150
0.999785
0.999985
0.999910
0.999375
0.999855
0.999440
0.999960
0.999820
0.999435
0.997325
0.998250
0.999465
0.998100
0.999395
0.960215
0.950345
0.999935
0.954850
0.906275
0.999815
0.999790
0.999415
0.999820
0.997905
0.999800
0.999950
0.999900
0.996105
0.997965
0.999515
0.999415
0.999745
0.999995
0.999955
0.997965
0.999900
0.999815
0.999685
0.995655
0.999810
0.962890
0.999820
0.999985
0.997780
0.996945
0.937780
0.999970
0.999830
0.999335
0.999405
0.999810
0.999685
0.997000
0.999815
0.999365
