0.999975
0.959865
0.999935
0.999945
0.999820
0.999845
0.998090
0.998345
0.999815
0.999980
0.999475
0.999925
0.997670
0.998240
0.999820
0.999370
0.996605
0.999830
0.999915
1.000000
0.999575
0.997715
0.999445
0.998260
0.996600
0.999380
0.997900
0.999820
0.999985
0.999895
0.998275
0.999915
0.999810
0.998130
0.998345
0.999440
0.999375
0.999945
0.999815
0.999335
0.997180
0.999920
0.999940
0.999840
0.999820
0.995190
0.999435
0.999805
0.999995
0.999475
0.997630
0.987980
0.999375
0.997980
0.999425
0.999800
0.999855
0.999520
0.999220
0.997910
0.999840
0.999770
1.000000
0.999805
0.999840
0.999800
0.999415
0.999805
0.998160
0.849990
0.999090
0.999925
0.997545
0.993585
0.999945
0.998210
0.997725
0.959250
0.999375
0.999755
0.999790
0.997650
0.960010
0.996035
0.999390
0.961950
0.999485
0.997325
0.999760
0.999950
0.776715
1.000000
0.998150
0.997575
0.998075
0.999415
0.999755
0.996500
0.999960
0.997730
0.998245
0.999280
0.996500
0.999480
0.996610
0.999800
0.999170
0.999400
0.999980
0.998195
0.999980
0.999970
0.999995
0.999360
0.999800
0.999510
1.000000
0.998160
0.998330
0.999320
0.999325
0.997480
0.998160
0.998990
0.999420
0.999420
0.999955
0.999775
0.999950
0.997780
0.999465
0.999980
0.961270
0.997580
0.999950
0.997135
0.999955
0.999470
0.999390
0.999975
0.999465
0.997430
0.999830
0.999375
0.997940
0.999775
0.999995
0.999940
0.999490
0.999865
0.999450
0.999965
0.999835
0.999405
0.997570
0.998120
0.999450
0.998060
0.999505
0.960145
0.949535
0.999940
0.954460
0.912895
0.999780
0.999845
0.999405
0.999825
0.998050
0.999825
0.999940
0.999935
0.997265
0.998355
0.999365
0.999545
0.999780
1.000000
0.999925
0.998110
0.999910
0.999830
0.999800
0.996240
0.999805
0.962515
0.999825
0.999985
0.997785
0.996975
0.945690
0.999975
0.999830
0.999550
0.999355
0.999810
0.999735
0.997020
0.999825
0.999345
