0.999985
0.958015
0.999960
0.999955
0.999825
0.999840
0.997985
0.998165
0.999745
0.999940
0.999485
0.999925
0.997495
0.998200
0.999775
0.999485
0.996730
0.999825
0.999925
1.000000
0.999505
0.997940
0.999405
0.998085
0.996550
0.999455
0.998060
0.999800
0.999975
0.999935
0.998175
0.999910
0.999820
0.998085
0.998200
0.999450
0.999520
0.999950
0.999815
0.999400
0.997310
0.999950
0.999925
0.999850
0.999875
0.994410
0.999460
0.999785
1.000000
0.999440
0.997945
0.987775
0.999390
0.998300
0.999325
0.999820
0.999765
0.999415
0.999240
0.997530
0.999825
0.999810
0.999980
0.999820
0.999750
0.999810
0.999510
0.999800
0.998160
0.863930
0.999110
0.999940
0.998015
0.993290
0.999935
0.998180
0.997705
0.957775
0.999405
0.999740
0.999820
0.997980
0.961215
0.996855
0.999445
0.961570
0.999355
0.997405
0.999775
0.999915
0.781215
0.999990
0.998280
0.997560
0.998260
0.999415
0.999775
0.997200
0.999920
0.997700
0.998190
0.999295
0.996680
0.999205
0.996805
0.999795
0.999180
0.999495
0.999970
0.998225
0.999965
0.999970
0.999995
0.999530
0.999805
0.999340
1.000000
0.998325
0.998185
0.999310
0.999225
0.997605
0.998295
0.998740
0.999475
0.999335
0.999945
0.999840
0.999980
0.997805
0.999435
0.999980
0.959720
0.997050
0.999915
0.997235
0.999940
0.999420
0.999490
0.999975
0.999545
0.997195
0.999790
0.999345
0.998005
0.999750
0.999990
0.999915
0.999470
0.999770
0.999405
0.999980
0.999850
0.999470
0.997570
0.998165
0.999380
0.998090
0.999420
0.960600
0.955750
0.999950
0.952255
0.903125
0.999720
0.999855
0.999470
0.999825
0.998175
0.999790
0.999885
0.999925
0.996245
0.998215
0.999410
0.999455
0.999795
0.999995
0.999930
0.998105
0.999930
0.999790
0.999830
0.996230
0.999810
0.960735
0.999840
0.999990
0.997765
0.996880
0.946385
0.999975
0.999825
0.999445
0.999265
0.999875
0.999765
0.996700
0.999830
0.999380
