0.999975
0.956875
0.999920
0.999945
0.999820
0.999745
0.998035
0.998255
0.999740
0.999985
0.999450
0.999900
0.997720
0.998250
0.999820
0.999400
0.996380
0.999770
0.999910
0.999990
0.999425
0.997890
0.999420
0.998445
0.996275
0.999475
0.998035
0.999840
1.000000
0.999920
0.998225
0.999920
0.999805
0.998085
0.998205
0.999420
0.999450
0.999960
0.999850
0.999510
0.997395
0.999920
0.999945
0.999850
0.999795
0.995195
0.999405
0.999775
1.000000
0.999445
0.997730
0.987615
0.999360
0.998085
0.999320
0.999845
0.999785
0.999475
0.999255
0.997720
0.999840
0.999770
0.999985
0.999815
0.999820
0.999775
0.999415
0.999810
0.998235
0.852970
0.999150
0.999910
0.997905
0.993465
0.999940
0.998095
0.997675
0.958485
0.999215
0.999780
0.999795
0.997840
0.961700
0.996910
0.999395
0.961215
0.999445
0.997365
0.999825
0.999945
0.778785
0.999995
0.998295
0.997690
0.998150
0.999420
0.999775
0.997360
0.999955
0.997805
0.998235
0.999375
0.996500
0.999215
0.996920
0.999825
0.999000
0.999450
0.999975
0.998160
0.999975
0.999980
0.999990
0.999535
0.999780
0.999395
0.999990
0.998415
0.998125
0.999425
0.999310
0.997710
0.998210
0.998855
0.999290
0.999530
0.999905
0.999760
0.999995
0.997790
0.999405
0.999975
0.960550
0.997230
0.999960
0.997265
0.999945
0.999455
0.999460
0.999980
0.999375
0.997280
0.999885
0.999410
0.998075
0.999810
0.999985
0.999915
0.999520
0.999795
0.999435
0.999980
0.999910
0.999375
0.997855
0.998250
0.999435
0.998005
0.999260
0.960535
0.950075
0.999985
0.956380
0.909740
0.999785
0.999760
0.999415
0.999815
0.998160
0.999855
0.999895
0.999950
0.996410
0.998170
0.999425
0.999420
0.999795
1.000000
0.999945
0.997985
0.999915
0.999800
0.999800
0.996685
0.999810
0.962530
0.999815
0.999980
0.997815
0.997220
0.949790
0.999960
0.999860
0.999530
0.999345
0.999805
0.999810
0.997065
0.999820
0.999345
