0.999995
0.960320
0.999935
0.999945
0.999845
0.999820
0.998010
0.998450
0.999805
0.999950
0.999360
0.999945
0.997580
0.998210
0.999870
0.999405
0.996725
0.999745
0.999920
0.999995
0.999500
0.997890
0.999370
0.998410
0.996570
0.999395
0.998140
0.999860
0.999985
0.999925
0.998550
0.999925
0.999750
0.998065
0.998250
0.999450
0.999390
0.999945
0.999820
0.999405
0.997310
0.999925
0.999935
0.999800
0.999815
0.994640
0.999390
0.999765
0.999985
0.999340
0.997935
0.988110
0.999435
0.998175
0.999410
0.999775
0.999815
0.999510
0.999205
0.997740
0.999830
0.999775
0.999980
0.999810
0.999825
0.999810
0.999495
0.999760
0.998285
0.858450
0.999195
0.999950
0.997865
0.993410
0.999910
0.998025
0.997310
0.952650
0.999365
0.999770
0.999775
0.997850
0.958420
0.996885
0.999360
0.960640
0.999395
0.997190
0.999800
0.999935
0.776065
0.999995
0.998315
0.997850
0.998140
0.999450
0.999785
0.997075
0.999930
0.997545
0.998395
0.999345
0.996745
0.999285
0.997010
0.999750
0.999165
0.999395
0.999985
0.998205
0.999975
0.999965
0.999980
0.999495
0.999795
0.999430
0.999995
0.998185
0.998245
0.999220
0.999165
0.997560
0.998145
0.998965
0.999515
0.999405
0.999950
0.999785
0.999955
0.997480
0.999430
0.999960
0.961240
0.997680
0.999950
0.996825
0.999955
0.999450
0.999415
0.999985
0.999265
0.997370
0.999815
0.999410
0.998075
0.999805
0.999990
0.999935
0.999390
0.999825
0.999490
0.999975
0.999825
0.999405
0.998005
0.998300
0.999470
0.997845
0.999420
0.960155
0.950245
0.999910
0.950995
0.914060
0.999795
0.999825
0.999485
0.999815
0.997875
0.999810
0.999935
0.999910
0.997275
0.998200
0.999440
0.999465
0.999780
1.000000
0.999935
0.997990
0.999895
0.999810
0.999770
0.996240
0.999800
0.962400
0.999750
0.999975
0.997850
0.997060
0.951895
0.999985
0.999835
0.999360
0.999450
0.999815
0.999790
0.996760
0.999785
0.999445
