0.999980
0.960555
0.999865
0.999905
0.999815
0.999740
0.998010
0.998270
0.999790
0.999950
0.999505
0.999930
0.998000
0.998145
0.999770
0.999390
0.995835
0.999785
0.999935
0.999985
0.999395
0.998105
0.999450
0.998400
0.996750
0.999385
0.998170
0.999840
0.999990
0.999920
0.998310
0.999910
0.999835
0.997980
0.998290
0.999505
0.999470
0.999925
0.999825
0.999475
0.996135
0.999920
0.999925
0.999820
0.999780
0.996105
0.999415
0.999800
1.000000
0.999465
0.997630
0.987475
0.999425
0.998215
0.999445
0.999795
0.999800
0.999505
0.999160
0.997740
0.999785
0.999840
0.999995
0.999830
0.999850
0.999850
0.999315
0.999795
0.998175
0.865530
0.999180
0.999940
0.997965
0.993805
0.999955
0.998130
0.997800
0.956300
0.999470
0.999795
0.999750
0.997720
0.959125
0.996650
0.999290
0.961210
0.999440
0.997430
0.999840
0.999940
0.761785
1.000000
0.998335
0.997805
0.998120
0.999330
0.999775
0.997400
0.999895
0.997560
0.998185
0.999370
0.995635
0.999290
0.996905
0.999775
0.999025
0.999405
0.999955
0.998305
0.999955
0.999985
0.999985
0.999455
0.999710
0.999425
1.000000
0.998230
0.998330
0.999250
0.999300
0.997520
0.998345
0.998855
0.999390
0.999355
0.999920
0.999825
0.999980
0.997935
0.999485
0.999965
0.961115
0.997550
0.999975
0.997280
0.999920
0.999445
0.999425
0.999970
0.999500
0.997390
0.999790
0.999515
0.998040
0.999835
0.999995
0.999900
0.999375
0.999825
0.999365
0.999960
0.999825
0.999410
0.997435
0.998160
0.999390
0.998230
0.999390
0.960030
0.952730
0.999925
0.955575
0.914745
0.999790
0.999795
0.999390
0.999825
0.998080
0.999835
0.999940
0.999940
0.996190
0.998165
0.999415
0.999335
0.999785
1.000000
0.999935
0.997890
0.999900
0.999775
0.999805
0.996580
0.999830
0.962025
0.999875
0.999980
0.997705
0.996755
0.945900
0.999980
0.999795
0.999420
0.999430
0.999805
0.999825
0.996740
0.999830
0.999425
