0.999980
0.959540
0.999890
0.999910
0.999780
0.999775
0.998130
0.998230
0.999745
0.999970
0.999410
0.999935
0.997835
0.998220
0.999800
0.999510
0.996545
0.999790
0.999940
0.999990
0.999475
0.997990
0.999330
0.998240
0.996265
0.999440
0.998220
0.999815
1.000000
0.999935
0.998260
0.999880
0.999770
0.998135
0.997925
0.999470
0.999460
0.999935
0.999820
0.999405
0.997200
0.999920
0.999930
0.999860
0.999765
0.995595
0.999575
0.999755
1.000000
0.999445
0.997600
0.988005
0.999440
0.998270
0.999375
0.999795
0.999795
0.999425
0.999240
0.997705
0.999790
0.999780
0.999980
0.999800
0.999835
0.999765
0.999460
0.999765
0.998115
0.853430
0.999170
0.999935
0.997835
0.993590
0.999895
0.998330
0.997620
0.956800
0.999345
0.999775
0.999800
0.997790
0.958920
0.996960
0.999495
0.961335
0.999495
0.996890
0.999760
0.999940
0.782870
0.999975
0.998065
0.997840
0.998150
0.999340
0.999725
0.996520
0.999950
0.997770
0.998190
0.999330
0.996455
0.999395
0.997110
0.999795
0.999075
0.999410
0.999975
0.998010
0.999975
0.999975
0.999985
0.999470
0.999765
0.999430
0.999995
0.998220
0.998320
0.999250
0.999180
0.996655
0.998265
0.999005
0.999455
0.999425
0.999905
0.999845
0.999980
0.997825
0.999385
0.999980
0.960090
0.997300
0.999920
0.996880
0.999945
0.999470
0.999460
0.999975
0.999370
0.997380
0.999830
0.999510
0.998045
0.999810
0.999985
0.999935
0.999400
0.999845
0.999410
0.999955
0.999850
0.999425
0.997770
0.998210
0.999460
0.997965
0.999355
0.960405
0.955740
0.999965
0.956515
0.910840
0.999785
0.999825
0.999420
0.999865
0.997955
0.999765
0.999925
0.999955
0.996745
0.998345
0.999450
0.999515
0.999760
0.999995
0.999920
0.998095
0.999915
0.999820
0.999735
0.996135
0.999830
0.961610
0.999825
0.999965
0.997820
0.996970
0.943080
0.999985
0.999870
0.999425
0.999345
0.999790
0.999720
0.996030
0.999845
0.999445
