0.999980
0.962105
0.999925
0.999915
0.999820
0.999825
0.998080
0.998220
0.999770
0.999965
0.999335
0.999945
0.997630
0.998330
0.999825
0.999350
0.996745
0.999860
0.999935
0.999990
0.999360
0.997915
0.999390
0.998250
0.996430
0.999475
0.998110
0.999850
0.999995
0.999960
0.998175
0.999895
0.999845
0.998095
0.998315
0.999475
0.999510
0.999915
0.999855
0.999450
0.997365
0.999945
0.999930
0.999815
0.999795
0.994205
0.999500
0.999770
0.999995
0.999510
0.997265
0.987060
0.999365
0.998080
0.999420
0.999780
0.999805
0.999425
0.999330
0.997790
0.999815
0.999815
0.999990
0.999810
0.999780
0.999810
0.999410
0.999775
0.998330
0.852460
0.999205
0.999920
0.997685
0.993220
0.999900
0.998045
0.997500
0.958060
0.999385
0.999815
0.999760
0.997945
0.960780
0.997040
0.999485
0.962380
0.999450
0.997335
0.999825
0.999920
0.776625
0.999985
0.998255
0.997940
0.998125
0.999330
0.999765
0.997360
0.999925
0.997720
0.998260
0.999265
0.996660
0.999310
0.996675
0.999810
0.999115
0.999460
0.999980
0.998050
0.999970
0.999970
0.999990
0.999410
0.999775
0.999385
1.000000
0.998330
0.998395
0.999220
0.999255
0.997805
0.998160
0.998665
0.999375
0.999470
0.999960
0.999790
0.999995
0.997780
0.999350
0.999975
0.961360
0.997165
0.999930
0.997430
0.999940
0.999475
0.999355
0.999995
0.999405
0.997325
0.999805
0.999355
0.998100
0.999775
0.999990
0.999910
0.999405
0.999835
0.999455
0.999975
0.999805
0.999285
0.997640
0.998240
0.999435
0.997900
0.999395
0.960660
0.956550
0.999945
0.950925
0.920255
0.999785
0.999825
0.999415
0.999775
0.997915
0.999820
0.999955
0.999905
0.995640
0.998215
0.999410
0.999485
0.999820
1.000000
0.999955
0.998000
0.999935
0.999730
0.999805
0.996475
0.999835
0.961040
0.999790
0.999970
0.997790
0.996640
0.951030
0.999970
0.999830
0.999355
0.999380
0.999790
0.999795
0.996655
0.999800
0.999410
