0.999985
0.956875
0.999930
0.999945
0.999845
0.999805
0.998280
0.998290
0.999855
0.999965
0.999605
0.999920
0.997595
0.998185
0.999785
0.999380
0.997135
0.999890
0.999940
0.999995
0.999530
0.997790
0.999360
0.998220
0.996190
0.999420
0.998175
0.999810
1.000000
0.999925
0.998215
0.999945
0.999790
0.998080
0.998085
0.999435
0.999455
0.999955
0.999825
0.999445
0.996495
0.999945
0.999890
0.999790
0.999850
0.996420
0.999430
0.999825
1.000000
0.999445
0.997735
0.988575
0.999460
0.998020
0.999370
0.999730
0.999755
0.999400
0.999210
0.997680
0.999780
0.999795
0.999990
0.999855
0.999815
0.999805
0.999500
0.999800
0.998235
0.855000
0.999105
0.999910
0.997820
0.993865
0.999925
0.998245
0.997345
0.957160
0.999440
0.999720
0.999760
0.997835
0.956325
0.995985
0.999520
0.962305
0.999400
0.997170
0.999770
0.999950
0.787520
1.000000
0.998230
0.997645
0.998165
0.999280
0.999775
0.997035
0.999955
0.997795
0.998420
0.999205
0.996745
0.999280
0.996955
0.999855
0.999140
0.999350
0.999985
0.998070
0.999975
0.999960
0.999995
0.999495
0.999765
0.999485
0.999995
0.998220
0.998370
0.999270
0.999345
0.997435
0.998240
0.998865
0.999430
0.999410
0.999970
0.999825
0.999980
0.997670
0.999510
0.999965
0.960070
0.997315
0.999935
0.997065
0.999950
0.999400
0.999405
0.999980
0.999460
0.997325
0.999775
0.999375
0.998155
0.999790
0.999995
0.999880
0.999440
0.999825
0.999435
0.999980
0.999790
0.999370
0.997720
0.998275
0.999435
0.998090
0.999335
0.961020
0.955680
0.999975
0.956590
0.918250
0.999845
0.999805
0.999435
0.999805
0.997915
0.999855
0.999935
0.999935
0.996880
0.998185
0.999325
0.999450
0.999755
0.999995
0.999920
0.998035
0.999910
0.999805
0.999745
0.996045
0.999785
0.962410
0.999845
0.999965
0.997650
0.997190
0.940385
0.999990
0.999810
0.999290
0.999280
0.999860
0.999785
0.997005
0.999795
0.999400
