0.999975
0.960385
0.999920
0.999925
0.999795
0.999835
0.998040
0.998270
0.999800
0.999950
0.999440
0.999945
0.997500
0.998190
0.999835
0.999355
0.995365
0.999810
0.999965
0.999995
0.999470
0.998070
0.999415
0.998135
0.996010
0.999450
0.998150
0.999790
1.000000
0.999920
0.998295
0.999895
0.999790
0.997975
0.998255
0.999395
0.999410
0.999920
0.999855
0.999400
0.997305
0.999935
0.999935
0.999800
0.999810
0.995450
0.999445
0.999785
0.999995
0.999455
0.997505
0.987290
0.999355
0.998090
0.999525
0.999815
0.999800
0.999450
0.999265
0.997855
0.999870
0.999775
0.999985
0.999770
0.999855
0.999790
0.999475
0.999860
0.998080
0.862225
0.999220
0.999935
0.997540
0.993425
0.999950
0.998150
0.997530
0.954455
0.999445
0.999765
0.999750
0.997925
0.960360
0.997045
0.999460
0.961750
0.999500
0.996990
0.999835
0.999955
0.791135
0.999995
0.998190
0.997555
0.998035
0.999345
0.999695
0.997105
0.999950
0.997735
0.998270
0.999300
0.995570
0.999445
0.996855
0.999790
0.999145
0.999460
0.999980
0.998135
0.999970
0.999990
0.999990
0.999445
0.999810
0.999435
1.000000
0.998305
0.998210
0.999290
0.999275
0.997600
0.998245
0.998830
0.999420
0.999395
0.999925
0.999765
0.999970
0.997870
0.999340
0.999975
0.962130
0.997005
0.999925
0.997085
0.999940
0.999455
0.999505
0.999965
0.999385
0.997560
0.999805
0.999345
0.998155
0.999810
0.999995
0.999870
0.999365
0.999765
0.999400
0.999975
0.999810
0.999340
0.997540
0.997905
0.999335
0.998170
0.999450
0.959750
0.955045
0.999920
0.952840
0.915345
0.999835
0.999795
0.999495
0.999780
0.997935
0.999880
0.999945
0.999910
0.995810
0.998065
0.999475
0.999380
0.999820
0.999990
0.999960
0.997935
0.999855
0.999790
0.999730
0.996480
0.999770
0.960865
0.999850
0.999990
0.997630
0.997165
0.950440
0.999980
0.999810
0.999420
0.999300
0.999830
0.999770
0.997165
0.999815
0.999430
