0.999985
0.961470
0.999945
0.999965
0.999820
0.999785
0.997875
0.998290
0.999795
0.999950
0.999455
0.999905
0.997940
0.998165
0.999825
0.999390
0.996750
0.999865
0.999945
0.999985
0.999405
0.998120
0.999400
0.998070
0.995835
0.999385
0.997920
0.999850
0.999990
0.999915
0.998270
0.999895
0.999745
0.998085
0.997995
0.999390
0.999435
0.999915
0.999770
0.999425
0.997355
0.999910
0.999895
0.999835
0.999880
0.996500
0.999510
0.999835
1.000000
0.999420
0.997720
0.988130
0.999450
0.998245
0.999455
0.999830
0.999775
0.999345
0.999300
0.997805
0.999785
0.999815
0.999985
0.999795
0.999810
0.999800
0.999430
0.999825
0.998145
0.866700
0.999150
0.999915
0.997855
0.993660
0.999940
0.998140
0.997470
0.960740
0.999245
0.999760
0.999740
0.997710
0.959365
0.996865
0.999480
0.960500
0.999420
0.997410
0.999800
0.999930
0.772095
0.999995
0.998390
0.997710
0.998055
0.999375
0.999815
0.997515
0.999950
0.997655
0.998105
0.999320
0.995735
0.999375
0.996965
0.999805
0.999130
0.999495
0.999990
0.998090
0.999975
0.999965
1.000000
0.999475
0.999780
0.999485
1.000000
0.998235
0.998345
0.999295
0.999320
0.997425
0.998415
0.999005
0.999370
0.999450
0.999955
0.999815
0.999975
0.997550
0.999470
0.999935
0.960380
0.997375
0.999950
0.996980
0.999960
0.999495
0.999440
0.999980
0.999440
0.997075
0.999865
0.999420
0.998075
0.999775
0.999980
0.999925
0.999395
0.999835
0.999430
0.999970
0.999810
0.999360
0.997630
0.998180
0.999395
0.997950
0.999405
0.960035
0.952850
0.999890
0.953035
0.896790
0.999800
0.999805
0.999420
0.999830
0.997895
0.999760
0.999920
0.999920
0.996870
0.998280
0.999430
0.999460
0.999765
0.999980
0.999955
0.997980
0.999865
0.999805
0.999800
0.996000
0.999810
0.961965
0.999825
0.999985
0.997645
0.997115
0.944515
0.999960
0.999810
0.999335
0.999550
0.999800
0.999760
0.996020
0.999795
0.999395
