0.999990
0.958350
0.999930
0.999935
0.999810
0.999820
0.998355
0.998255
0.999815
0.999975
0.999410
0.999930
0.997585
0.998200
0.999820
0.999475
0.996655
0.999805
0.999920
0.999995
0.999415
0.997610
0.999360
0.998165
0.996285
0.999485
0.998100
0.999840
0.999985
0.999940
0.998085
0.999930
0.999855
0.998060
0.998235
0.999445
0.999445
0.999930
0.999795
0.999500
0.997240
0.999945
0.999925
0.999835
0.999800
0.995490
0.999490
0.999820
1.000000
0.999450
0.997805
0.987110
0.999430
0.998170
0.999325
0.999810
0.999800
0.999415
0.999205
0.997580
0.999775
0.999770
0.999995
0.999825
0.999805
0.999785
0.999510
0.999850
0.998210
0.870800
0.999265
0.999965
0.997700
0.993685
0.999915
0.998185
0.997745
0.960190
0.999295
0.999765
0.999785
0.997795
0.961890
0.993820
0.999420
0.960100
0.999570
0.997515
0.999775
0.999915
0.784010
0.999995
0.998230
0.997685
0.998305
0.999340
0.999830
0.997335
0.999960
0.997535
0.998345
0.999345
0.996790
0.999375
0.996965
0.999790
0.999145
0.999305
0.999985
0.998245
0.999975
0.999975
1.000000
0.999475
0.999745
0.999395
0.999995
0.998160
0.998205
0.999370
0.999195
0.997550
0.998330
0.998855
0.999410
0.999395
0.999930
0.999840
0.999975
0.997685
0.999345
0.999975
0.960395
0.997115
0.999930
0.997120
0.999940
0.999385
0.999365
0.999985
0.999415
0.997720
0.999865
0.999425
0.998170
0.999775
0.999995
0.999945
0.999380
0.999850
0.999440
0.999980
0.999790
0.999520
0.997650
0.998020
0.999430
0.998100
0.999300
0.960450
0.955790
0.999940
0.956090
0.905910
0.999805
0.999785
0.999360
0.999745
0.998140
0.999835
0.999935
0.999920
0.996735
0.998235
0.999330
0.999530
0.999670
0.999990
0.999915
0.998030
0.999915
0.999775
0.999755
0.996350
0.999820
0.961265
0.999790
0.999985
0.997910
0.996630
0.941675
0.999965
0.999855
0.999420
0.999375
0.999775
0.999755
0.996775
0.999800
0.999345
