0.999975
0.958320
0.999960
0.999920
0.999790
0.999855
0.998010
0.998190
0.999840
0.999985
0.999500
0.999890
0.997550
0.998190
0.999845
0.999440
0.996350
0.999810
0.999955
0.999995
0.999355
0.998005
0.999405
0.998150
0.996175
0.999410
0.998080
0.999875
0.999975
0.999945
0.998295
0.999910
0.999805
0.998030
0.998210
0.999405
0.999445
0.999945
0.999820
0.999345
0.997465
0.999920
0.999910
0.999805
0.999835
0.996065
0.999390
0.999840
0.999995
0.999375
0.997675
0.987855
0.999475
0.998135
0.999375
0.999830
0.999775
0.999495
0.999215
0.997655
0.999820
0.999740
0.999985
0.999805
0.999860
0.999795
0.999400
0.999780
0.998475
0.857105
0.999000
0.999900
0.997785
0.993775
0.999925
0.998090
0.997635
0.956255
0.999385
0.999690
0.999780
0.997670
0.956840
0.996575
0.999490
0.962750
0.999395
0.997050
0.999790
0.999945
0.771395
0.999995
0.998360
0.997700
0.998190
0.999365
0.999745
0.997230
0.999965
0.997700
0.998525
0.999360
0.996565
0.999415
0.997205
0.999820
0.999225
0.999415
0.999985
0.998060
0.999975
0.999990
0.999980
0.999420
0.999805
0.999475
0.999995
0.998320
0.998410
0.999345
0.999335
0.997725
0.998280
0.998750
0.999460
0.999415
0.999935
0.999760
0.999975
0.997525
0.999525
0.999990
0.960100
0.997500
0.999935
0.996910
0.999940
0.999450
0.999495
0.999955
0.999420
0.996985
0.999770
0.999410
0.998135
0.999750
0.999980
0.999930
0.999465
0.999820
0.999415
0.999970
0.999835
0.999530
0.997635
0.997995
0.999375
0.997860
0.999410
0.961050
0.951455
0.999925
0.953945
0.889380
0.999780
0.999845
0.999440
0.999815
0.998020
0.999845
0.999955
0.999935
0.997065
0.998105
0.999460
0.999415
0.999650
1.000000
0.999950
0.998070
0.999920
0.999755
0.999740
0.995945
0.999785
0.962155
0.999795
0.999995
0.997820
0.996880
0.949680
0.999970
0.999905
0.999445
0.999435
0.999830
0.999840
0.996910
0.999805
0.999330
