0.999985
0.958280
0.999925
0.999935
0.999770
0.999875
0.997890
0.998275
0.999800
0.999940
0.999450
0.999935
0.997775
0.998275
0.999805
0.999445
0.996415
0.999770
0.999940
0.999990
0.999500
0.998045
0.999420
0.998055
0.995910
0.999430
0.998030
0.999775
0.999995
0.999925
0.998295
0.999915
0.999840
0.998165
0.998245
0.999455
0.999370
0.999955
0.999810
0.999435
0.997495
0.999930
0.999945
0.999805
0.999830
0.995965
0.999450
0.999835
0.999990
0.999515
0.997920
0.988465
0.999440
0.998070
0.999310
0.999800
0.999820
0.999460
0.999180
0.997845
0.999810
0.999820
0.999990
0.999835
0.999825
0.999805
0.999460
0.999820
0.998115
0.871945
0.999190
0.999905
0.997700
0.993705
0.999960
0.998150
0.997725
0.960375
0.999345
0.999755
0.999805
0.997900
0.960025
0.996550
0.999445
0.961990
0.999385
0.996915
0.999720
0.999935
0.793225
0.999995
0.998205
0.997655
0.998195
0.999350
0.999790
0.997515
0.999935
0.997800
0.998245
0.999280
0.996450
0.999245
0.997090
0.999875
0.999215
0.999375
0.999985
0.998260
0.999995
0.999985
1.000000
0.999435
0.999815
0.999415
0.999995
0.998180
0.998255
0.999200
0.999205
0.997820
0.998055
0.998800
0.999485
0.999320
0.999960
0.999785
0.999980
0.997675
0.999450
0.999980
0.958375
0.997365
0.999955
0.997075
0.999950
0.999470
0.999430
0.999980
0.999415
0.997285
0.999840
0.999380
0.998175
0.999820
0.999995
0.999920
0.999445
0.999805
0.999380
0.999960
0.999820
0.999470
0.997685
0.998190
0.999520
0.997950
0.999395
0.960275
0.953765
0.999965
0.957615
0.904640
0.999865
0.999815
0.999450
0.999810
0.997940
0.999805
0.999935
0.999880
0.996910
0.998155
0.999480
0.999495
0.999775
1.000000
0.999960
0.997885
0.999895
0.999860
0.999790
0.996105
0.999880
0.962000
0.999780
0.999980
0.997690
0.996880
0.949550
0.999980
0.999825
0.999400
0.999385
0.999785
0.999785
0.996965
0.999815
0.999470
