0.999965
0.960365
0.999940
0.999930
0.999845
0.999775
0.998130
0.998300
0.999810
0.999965
0.999445
0.999935
0.997540
0.998205
0.999815
0.999405
0.995515
0.999815
0.999945
0.999990
0.999425
0.997965
0.999305
0.998170
0.996575
0.999445
0.998030
0.999830
0.999995
0.999890
0.998330
0.999910
0.999815
0.998245
0.998220
0.999520
0.999405
0.999925
0.999830
0.999440
0.996415
0.999920
0.999945
0.999775
0.999790
0.995340
0.999425
0.999815
1.000000
0.999400
0.997620
0.988465
0.999405
0.998195
0.999365
0.999840
0.999715
0.999420
0.999225
0.997635
0.999840
0.999775
0.999985
0.999860
0.999795
0.999760
0.999515
0.999800
0.998010
0.858565
0.999290
0.999915
0.997710
0.993640
0.999895
0.998045
0.997335
0.958300
0.999295
0.999745
0.999755
0.997715
0.961115
0.996895
0.999385
0.961280
0.999400
0.997160
0.999785
0.999945
0.795810
0.999990
0.998100
0.997555
0.998055
0.999410
0.999770
0.997180
0.999940
0.997740
0.998410
0.999180
0.996480
0.999325
0.996680
0.999820
0.999205
0.999425
0.999985
0.998105
0.999980
0.999990
0.999995
0.999570
0.999755
0.999330
1.000000
0.998075
0.998260
0.999305
0.999240
0.997665
0.998115
0.998750
0.999375
0.999405
0.999945
0.999830
0.999975
0.997900
0.999445
0.999950
0.960600
0.997480
0.999940
0.997070
0.999950
0.999440
0.999360
0.999990
0.999365
0.997645
0.999860
0.999340
0.998000
0.999820
0.999995
0.999950
0.999470
0.999825
0.999400
0.999960
0.999855
0.999400
0.997505
0.998080
0.999490
0.997910
0.999335
0.960150
0.951410
0.999935
0.956940
0.912555
0.999805
0.999830
0.999485
0.999855
0.997890
0.999805
0.999960
0.999970
0.996290
0.998150
0.999515
0.999515
0.999760
1.000000
0.999935
0.998020
0.999925
0.999805
0.999790
0.996600
0.999840
0.961835
0.999810
0.999975
0.997715
0.997280
0.951345
0.999985
0.999775
0.999435
0.999375
0.999770
0.999770
0.996900
0.999840
0.999415
