0.999980
0.961175
0.999950
0.999945
0.999785
0.999835
0.998075
0.998225
0.999775
0.999975
0.999450
0.999930
0.997735
0.998185
0.999820
0.999465
0.996650
0.999745
0.999915
0.999990
0.999415
0.998130
0.999450
0.998295
0.996415
0.999420
0.998055
0.999800
0.999990
0.999940
0.998285
0.999935
0.999840
0.998015
0.998120
0.999390
0.999500
0.999925
0.999810
0.999485
0.996555
0.999950
0.999950
0.999785
0.999810
0.994790
0.999340
0.999855
1.000000
0.999455
0.997740
0.988025
0.999480
0.998285
0.999425
0.999815
0.999785
0.999590
0.999265
0.997870
0.999810
0.999850
0.999990
0.999785
0.999820
0.999825
0.999430
0.999795
0.998270
0.871760
0.999140
0.999950
0.997850
0.993635
0.999910
0.998070
0.997680
0.960135
0.999435
0.999740
0.999800
0.998030
0.956380
0.996775
0.999380
0.962795
0.999375
0.997020
0.999780
0.999935
0.788435
0.999985
0.998350
0.997625
0.998120
0.999340
0.999785
0.997485
0.999915
0.997700
0.998155
0.999355
0.995805
0.999335
0.997280
0.999835
0.999170
0.999440
0.999975
0.998235
0.999980
0.999970
0.999985
0.999465
0.999820
0.999500
1.000000
0.998250
0.998250
0.999310
0.999245
0.997625
0.998175
0.998775
0.999500
0.999525
0.999890
0.999890
0.999965
0.997945
0.999390
0.999945
0.960735
0.997325
0.999885
0.997135
0.999955
0.999450
0.999390
0.999970
0.999405
0.997260
0.999860
0.999500
0.998140
0.999820
0.999990
0.999935
0.999440
0.999815
0.999370
0.999980
0.999810
0.999365
0.997515
0.998160
0.999440
0.997980
0.999395
0.958825
0.950005
0.999920
0.957365
0.908465
0.999745
0.999785
0.999470
0.999830
0.997960
0.999795
0.999915
0.999925
0.996040
0.998170
0.999420
0.999420
0.999715
0.999995
0.999940
0.998110
0.999895
0.999835
0.999800
0.996650
0.999810
0.961835
0.999840
0.999970
0.997800
0.997260
0.944605
0.999990
0.999855
0.999390
0.999405
0.999850
0.999735
0.996935
0.999820
0.999420
