0.999965
0.958580
0.999910
0.999925
0.999755
0.999830
0.998065
0.998205
0.999865
0.999955
0.999480
0.999940
0.997885
0.998210
0.999790
0.999425
0.996875
0.999840
0.999945
1.000000
0.999560
0.997920
0.999335
0.998185
0.996320
0.999375
0.997810
0.999840
0.999990
0.999910
0.998280
0.999920
0.999805
0.997910
0.998080
0.999355
0.999410
0.999940
0.999825
0.999325
0.997210
0.999935
0.999945
0.999765
0.999765
0.995080
0.999460
0.999740
1.000000
0.999460
0.997750
0.988695
0.999355
0.998080
0.999390
0.999825
0.999840
0.999430
0.999265
0.997720
0.999800
0.999765
0.999975
0.999835
0.999810
0.999740
0.999380
0.999840
0.998095
0.865770
0.999040
0.999935
0.997850
0.993895
0.999930
0.998045
0.997745
0.958805
0.999400
0.999730
0.999770
0.998035
0.958430
0.996840
0.999380
0.960940
0.999440
0.997160
0.999820
0.999920
0.798480
1.000000
0.998255
0.997825
0.998295
0.999365
0.999775
0.997405
0.999920
0.997570
0.998245
0.999290
0.996710
0.999225
0.996915
0.999755
0.999180
0.999450
0.999980
0.998155
0.999980
0.999985
0.999995
0.999500
0.999835
0.999475
0.999995
0.998190
0.998145
0.999210
0.999265
0.997685
0.998115
0.998825
0.999390
0.999410
0.999905
0.999845
0.999985
0.997440
0.999420
0.999960
0.959935
0.997255
0.999930
0.997050
0.999935
0.999425
0.999495
0.999990
0.999440
0.997295
0.999820
0.999370
0.998070
0.999810
0.999990
0.999895
0.999325
0.999795
0.999465
0.999975
0.999795
0.999290
0.997575
0.998115
0.999425
0.997950
0.999375
0.960580
0.954130
0.999970
0.954795
0.891490
0.999780
0.999850
0.999435
0.999785
0.997915
0.999830
0.999955
0.999935
0.997005
0.998145
0.999515
0.999470
0.999810
0.999990
0.999915
0.998200
0.999895
0.999785
0.999760
0.996105
0.999805
0.961595
0.999815
0.999960
0.997645
0.996905
0.948070
0.999990
0.999750
0.999440
0.999430
0.999795
0.999795
0.996930
0.999775
0.999475
