0.999980
0.959360
0.999945
0.999935
0.999850
0.999865
0.998135
0.998270
0.999785
0.999980
0.999375
0.999915
0.997815
0.998255
0.999805
0.999420
0.996920
0.999800
0.999925
1.000000
0.999475
0.998050
0.999365
0.997990
0.996555
0.999500
0.998015
0.999815
0.999980
0.999920
0.998350
0.999910
0.999775
0.998155
0.998285
0.999495
0.999465
0.999925
0.999760
0.999425
0.997200
0.999935
0.999895
0.999810
0.999770
0.995485
0.999480
0.999810
0.999995
0.999390
0.997770
0.987630
0.999470
0.998215
0.999480
0.999810
0.999810
0.999475
0.999265
0.997745
0.999875
0.999835
0.999990
0.999840
0.999825
0.999775
0.999475
0.999835
0.998395
0.868570
0.999205
0.999910
0.998035
0.993430
0.999935
0.998290
0.997675
0.960325
0.999415
0.999795
0.999800
0.998035
0.961330
0.997300
0.999460
0.960610
0.999425
0.997335
0.999800
0.999935
0.759215
0.999995
0.998305
0.997575
0.998095
0.999365
0.999790
0.997215
0.999950
0.997905
0.998245
0.999220
0.996800
0.999365
0.997025
0.999865
0.999095
0.999560
0.999955
0.998025
0.999975
0.999980
0.999990
0.999420
0.999825
0.999405
0.999995
0.998135
0.998075
0.999335
0.999260
0.997720
0.997980
0.998925
0.999485
0.999420
0.999930
0.999825
0.999990
0.997805
0.999510
0.999985
0.960970
0.997295
0.999955
0.997065
0.999925
0.999500
0.999480
0.999975
0.999425
0.997175
0.999865
0.999430
0.998120
0.999785
0.999990
0.999925
0.999490
0.999835
0.999325
0.999980
0.999830
0.999315
0.997645
0.998115
0.999465
0.998005
0.999330
0.960740
0.955250
0.999960
0.953960
0.904690
0.999805
0.999740
0.999485
0.999845
0.997780
0.999770
0.999920
0.999920
0.996870
0.998160
0.999495
0.999445
0.999800
0.999985
0.999915
0.998150
0.999910
0.999795
0.999810
0.996325
0.999825
0.962020
0.999820
0.999985
0.997865
0.997310
0.937960
0.999995
0.999785
0.999345
0.999355
0.999775
0.999760
0.996845
0.999770
0.999485
