0.999970
0.959260
0.999890
0.999930
0.999845
0.999775
0.998120
0.998350
0.999805
0.999980
0.999430
0.999940
0.997520
0.998300
0.999815
0.999440
0.996415
0.999785
0.999920
0.999990
0.999515
0.998115
0.999400
0.998130
0.996145
0.999415
0.998215
0.999770
1.000000
0.999915
0.998150
0.999890
0.999795
0.998035
0.998240
0.999440
0.999365
0.999930
0.999810
0.999450
0.997300
0.999935
0.999900
0.999780
0.999820
0.996270
0.999385
0.999820
1.000000
0.999300
0.997880
0.985790
0.999415
0.998250
0.999330
0.999800
0.999820
0.999430
0.999260
0.997600
0.999830
0.999770
0.999995
0.999770
0.999840
0.999795
0.999300
0.999770
0.998055
0.872155
0.999165
0.999915
0.997935
0.993375
0.999880
0.998110
0.997670
0.959745
0.999255
0.999680
0.999750
0.997685
0.956780
0.995740
0.999340
0.960125
0.999450
0.996945
0.999825
0.999965
0.773815
0.999980
0.998290
0.997750
0.998100
0.999405
0.999810
0.997445
0.999965
0.997690
0.998220
0.999320
0.996550
0.999235
0.996800
0.999820
0.999150
0.999420
0.999985
0.998105
0.999965
0.999970
0.999995
0.999370
0.999790
0.999415
0.999995
0.998255
0.998145
0.999215
0.999295
0.997540
0.998155
0.998930
0.999575
0.999365
0.999950
0.999765
0.999945
0.997715
0.999465
0.999975
0.960745
0.997015
0.999930
0.997170
0.999935
0.999375
0.999445
0.999955
0.999375
0.997240
0.999875
0.999440
0.997905
0.999790
0.999995
0.999920
0.999490
0.999810
0.999425
0.999980
0.999835
0.999405
0.997605
0.997950
0.999405
0.997970
0.999385
0.959485
0.954045
0.999945
0.951025
0.908235
0.999805
0.999770
0.999430
0.999860
0.997970
0.999800
0.999950
0.999900
0.996935
0.998140
0.999395
0.999405
0.999755
1.000000
0.999930
0.998160
0.999935
0.999795
0.999790
0.996615
0.999825
0.961800
0.999805
0.999980
0.997655
0.996390
0.950855
0.999965
0.999800
0.999475
0.999430
0.999765
0.999775
0.996285
0.999855
0.999430
