0.999965
0.959890
0.999950
0.999950
0.999820
0.999800
0.997975
0.998455
0.999820
0.999980
0.999475
0.999925
0.997750
0.998030
0.999835
0.999325
0.996750
0.999870
0.999925
1.000000
0.999450
0.997665
0.999455
0.998270
0.996335
0.999365
0.998110
0.999845
0.999985
0.999940
0.998295
0.999905
0.999785
0.998125
0.998150
0.999435
0.999420
0.999935
0.999805
0.999470
0.997385
0.999910
0.999930
0.999830
0.999765
0.994350
0.999455
0.999830
0.999995
0.999475
0.997610
0.987685
0.999450
0.998075
0.999420
0.999805
0.999750
0.999380
0.999140
0.997965
0.999830
0.999830
0.999995
0.999835
0.999860
0.999775
0.999485
0.999800
0.998250
0.852120
0.999290
0.999910
0.997885
0.993580
0.999905
0.998120
0.997450
0.957010
0.999465
0.999710
0.999875
0.997825
0.958820
0.996505
0.999475
0.962315
0.999450
0.997400
0.999775
0.999910
0.789575
0.999995
0.998275
0.997685
0.998145
0.999450
0.999785
0.997280
0.999945
0.997780
0.998305
0.999325
0.996985
0.999280
0.996820
0.999855
0.999270
0.999390
0.999975
0.998040
0.999965
0.999985
0.999990
0.999520
0.999815
0.999440
1.000000
0.998375
0.998140
0.999265
0.999355
0.996750
0.998220
0.998740
0.999315
0.999530
0.999960
0.999850
0.999965
0.997945
0.999405
0.999960
0.960455
0.997510
0.999930
0.997345
0.999905
0.999425
0.999485
0.999990
0.999450
0.997565
0.999820
0.999455
0.998165
0.999810
0.999990
0.999945
0.999415
0.999765
0.999480
0.999970
0.999795
0.999440
0.997505
0.998135
0.999420
0.998100
0.999275
0.959810
0.953590
0.999935
0.951985
0.907100
0.999815
0.999780
0.999455
0.999805
0.998025
0.999755
0.999945
0.999915
0.997125
0.998225
0.999485
0.999445
0.999800
1.000000
0.999950
0.997760
0.999915
0.999785
0.999780
0.996085
0.999845
0.961805
0.999785
0.999965
0.997840
0.996950
0.947350
1.000000
0.999745
0.999400
0.999405
0.999795
0.999845
0.997120
0.999780
0.999435
