0.999985
0.958725
0.999925
0.999935
0.999830
0.999800
0.998090
0.998180
0.999795
0.999985
0.999380
0.999935
0.997795
0.998195
0.999825
0.999415
0.996570
0.999810
0.999935
0.999995
0.999500
0.997830
0.999355
0.998065
0.995855
0.999535
0.998200
0.999790
1.000000
0.999930
0.998080
0.999900
0.999760
0.997975
0.998120
0.999505
0.999360
0.999935
0.999835
0.999385
0.997500
0.999935
0.999950
0.999765
0.999810
0.994935
0.999530
0.999795
0.999990
0.999420
0.997620
0.987935
0.999495
0.998150
0.999445
0.999790
0.999810
0.999590
0.999300
0.997910
0.999820
0.999830
0.999990
0.999745
0.999800
0.999825
0.999500
0.999820
0.998250
0.855565
0.999195
0.999920
0.997930
0.993445
0.999930
0.998125
0.997625
0.959325
0.999370
0.999775
0.999790
0.997770
0.959765
0.997215
0.999520
0.962135
0.999410
0.997500
0.999805
0.999950
0.771295
0.999990
0.998250
0.997845
0.998105
0.999385
0.999705
0.997020
0.999970
0.997755
0.998295
0.999310
0.996905
0.999380
0.996665
0.999830
0.999130
0.999315
0.999960
0.998190
0.999990
0.999980
0.999985
0.999425
0.999770
0.999560
1.000000
0.998160
0.998220
0.999300
0.999400
0.997725
0.998180
0.998815
0.999475
0.999410
0.999975
0.999790
0.999970
0.997815
0.999535
0.999975
0.961540
0.997295
0.999905
0.997285
0.999945
0.999530
0.999500
0.999980
0.999355
0.997315
0.999790
0.999440
0.998205
0.999820
0.999990
0.999900
0.999415
0.999845
0.999415
0.999990
0.999835
0.999360
0.997785
0.998225
0.999505
0.997875
0.999345
0.960075
0.954750
0.999930
0.956120
0.908815
0.999840
0.999835
0.999485
0.999780
0.997830
0.999785
0.999940
0.999875
0.996895
0.998120
0.999415
0.999490
0.999805
0.999995
0.999930
0.998030
0.999900
0.999795
0.999760
0.995545
0.999810
0.961235
0.999820
0.999985
0.997635
0.996925
0.948800
0.999980
0.999810
0.999395
0.999395
0.999850
0.999810
0.996825
0.999790
0.999460
