0.0926598812775
0.0563499047995
0.0914399542359
0.0691644153473
0.154538412968
0.00302484120852
0.0483179637911
0.178872493245
0.0631256404764
0.0882476796888
0.0520370281781
0.120090648721
0.123685737266
0.0884140567613
0.106584404759
0.0700312632637
0.0874089123563
0.136222574987
0.0213258272731
0.0579558052021
0.0559369937711
0.0487867470607
0.0978643282371
0.102691628229
0.0763617730942
0.0554685559031
0.195025569779
0.110667700547
0.0324697669005
0.183660932633
0.0193392986158
0.0872519530741
0.189703207293
0.149016209523
0.176019191875
0.198054091268
0.0164348237363
0.062752006752
0.103439673099
0.0382804323075
0.129517612705
0.125400493642
0.0114237177954
0.0114543161013
0.0496701815918
0.178616802915
0.133979076643
0.00445315191949
0.0395451991274
0.137041025248
0.12264226316
0.0154945131823
0.0669328526235
0.179213432975
0.101180660451
0.046810421291
0.0962486292625
0.119492681356
0.0585407021881
0.0436611382969
0.144454169351
0.0485098805802
0.136217686793
0.0245843376121
0.14516401312
0.19633962343
0.0231231740321
0.0798051743
0.0857200487687
0.143585239183
0.0169933734257
0.0778844471034
0.143854219423
0.189337643844
0.0175669020528
0.141502316207
0.0248670941207
0.035901273088
0.123165399268
0.133215501243
0.0650193139615
0.0122837072767
0.000819688027238
0.188276091015
0.119892761667
0.150928526284
0.0181521107143
0.173492237144
0.18390454124
0.113344640077
0.0556236266768
