0.494949494949
0.0783410138249
0.211977935382
0.0
0.558498896247
0.227202472952
0.219359875098
0.203821656051
0.113475177305
0.382334774552
0.0
0.376558603491
0.747347145023
0.0
0.0
0.5499549955
0.174917491749
0.755381604697
0.105545617174
0.0
0.5913363302
0.0
0.532928538066
0.434069043577
0.532054281703
0.628252788104
0.662731871838
0.0
0.147485080989
0.334664005323
0.0
0.649737302977
0.832691985946
0.557522123894
0.12510936133
0.325236167341
0.0
0.407582938389
0.68223705116
0.0
0.0
0.0157480314961
0.0
0.699157641396
0.0
0.523582658409
0.470899470899
0.554168524298
0.0
0.595305544314
0.704316972206
0.0
0.0
0.0
0.501992031873
0.52335557674
0.501992031873
0.0
0.0
0.0
0.034749034749
0.776486365668
0.0
0.0
0.0
0.0
0.687695190506
0.0
0.728408473656
0.0
0.0
0.0
0.0
0.0
0.0
0.0
0.249249249249
0.759673155491
0.258160237389
0.0
0.803921568627
0.0
0.0
0.0196078431373
0.0817263544536
0.118165784832
0.243570347958
0.0
0.525841631105
0.0
0.0
0.0
0.00793650793651
0.0
0.0
0.0
0.0
0.0
0.0
0.151103565365
0.710564399421
0.607381232823
0.0
0.0
0.0
0.0
0.0
0.0
0.381570810142
0.168053244592
0.110320284698
0.0
0.0
0.0
0.0689013035382
0.0
0.0
0.290276792051
0.0808823529412
0.48347107438
0.0224828934506
0.108734402852
0.0
0.0
0.354005167959
0.0
0.0
0.552772808587
0.0
0.0
0.0
0.0
0.0
0.0
0.34725848564
0.337748344371
0.132697311362
0.0
0.163879598662
0.218139171228
0.0
0.0
0.250936329588
0.121265377856
0.0
0.184339314845
0.0
0.362244897959
0.121265377856
0.0
0.0
0.054820415879
0.0224828934506
0.0
0.0
0.0
0.0
0.355670103093
0.0
0.0
0.876604146101
0.0
0.0
0.0
0.0
0.0
0.0
0.0
0.0
0.14089347079
0.325236167341
0.805409612765
0.0
0.0
0.0
0.0
0.0
0.0
0.352750809061
0.352750809061
0.352750809061
0.0
0.589153656532
0.0
0.0
0.158249158249
0.0
0.0
0.0958408679928
0.0
0.0
0.0
0.0
0.313658201784
0.0
0.0
0.0
0.158957106812
0.197431781701
0.0
0.0
0.0
0.428897772701
0.0
0.0
0.0
0.0
0.0
0.109528049866
0.0
0.0
0.121265377856
0.0
0.0
0.534233814625
0.334664005323
0.0
0.106344950849
0.0
0.0
0.0
0.0
0.220576773188
0.0
0.528968440886
0.727965179543
0.695493300853
0.0
0.0
0.769691386458
0.552772808587
0.0
0.0
0.0
0.818906193408
0.0
0.0
0.0
0.0
0.223602484472
0.29873772791
0.0
0.0
0.0
0.0
0.0
0.0
0.0
0.274310595065
0.0
0.0
0.0
0.0
0.0467111534795
0.00793650793651
0.0
0.0
0.0
0.0
0.0430622009569
0.0
0.174917491749
0.747538500379
0.238385376999
0.0
0.0
0.0
0.552572706935
0.101527403414
0.101527403414
0.101527403414
0.0
0.0
0.0
0.0
0.101527403414
0.0
0.130434782609
0.0
0.360204734485
0.407582938389
0.0
0.570262140095
0.0
0.189627228525
0.0
0.0817263544536
0.0740740740741
0.399759903962
0.413833528722
0.348958333333
0.0
0.0
0.0
0.0
0.0
0.0
0.552772808587
0.552772808587
0.403697078116
0.0
0.403697078116
0.552772808587
0.0
0.0
0.0
0.374217772215
0.0
0.0
0.0
0.0
0.0
0.132697311362
0.0
0.0
0.0
0.0
0.0
0.0
0.0662931839402
0.0
0.0
0.342537804076
0.473961073119
0.858497240696
0.0224828934506
0.0262901655307
0.609375
0.0
0.501992031873
0.0
0.519461797213
0.134199134199
0.0
0.0
0.0
0.0
0.571550985433
0.0
0.0
0.0224828934506
0.0
0.292786421499
0.825814318063
0.349381912817
0.242424242424
0.748932965102
0.0
0.811213894657
0.329758713137
0.274836838289
0.763983950909
0.0
0.0
0.0
0.0
0.441028507546
0.800079968013
0.0
0.464954521134
0.0
0.0
0.721526037316
0.0
0.0
0.0
0.0
0.150382327952
0.0
0.0958408679928
0.0
0.0
0.383477188656
0.0
0.0
0.0
0.0
0.0
0.0
0.323410013532
0.151103565365
0.0118577075099
0.803921568627
0.246987951807
0.0
0.0
0.0
0.541914796152
0.702203692674
0.286224125625
0.0
0.0
0.0
0.153259949196
0.0
0.855741488748
0.0
0.0
0.489013796627
0.0
0.0
0.0
0.0
0.849215922799
0.0
0.0
0.0
0.0
0.0
0.0
0.501992031873
0.0900818926297
0.0
0.0
0.0
0.0
0.539806718822
0.501992031873
0.649982499125
0.0
0.0
0.0
0.0
0.0
0.501246882793
0.0
0.340804218853
0.0
0.0
0.0
0.0
0.0
0.0
