0.257307
0.051400
0.345717
0.175437
0.298195
0.035936
0.346221
0.089225
0.059494
0.233725
0.207443
0.182909
0.311976
0.198952
0.159429
0.173492
0.001220
0.116361
0.330900
0.331967
0.038829
0.146445
0.022395
0.004440
0.152272
0.182800
0.051783
0.074554
0.005815
0.133825
0.065277
0.299901
0.233867
0.217679
0.183963
0.220509
0.002607
0.109630
0.085457
0.064237
0.181580
0.167316
0.244419
0.143561
0.040432
0.171491
0.010350
0.145239
0.077452
0.170487
0.109126
0.248837
0.052122
0.156479
0.175364
0.281247
0.286103
0.074745
0.249555
0.000011
0.080606
0.239099
0.165358
0.056338
0.292232
0.159490
0.142149
0.080302
0.153485
0.034504
0.076741
0.016939
0.274903
0.223898
0.123704
0.203847
0.232170
0.111827
0.085991
0.115358
0.156020
0.075272
0.187951
0.342270
0.318496
0.277029
0.168847
0.096803
0.229892
0.283860
0.052930
0.138451
0.013895
0.166848
0.040070
0.320252
0.324625
0.204711
0.120817
0.155058
0.311415
0.022991
0.062854
0.329575
0.191708
0.291174
0.263783
0.179020
0.260909
0.214655
0.231952
0.164683
0.288708
0.305728
0.166038
0.138884
0.057535
0.106287
0.003624
0.148298
0.049649
0.210557
0.251115
0.130519
0.209533
0.347740
0.299792
0.182199
0.197483
0.088823
0.014391
0.315321
0.191333
0.081455
0.038728
0.265719
0.049354
0.011741
0.192224
0.163445
0.234138
0.234091
0.142605
0.143772
0.057285
0.003071
0.240585
0.145842
0.254768
0.296928
0.318794
0.218928
0.271468
0.210689
0.080323
0.265351
0.214083
0.036566
0.331833
0.180070
0.197431
0.215539
0.247845
0.031809
0.000920
0.303677
0.130109
0.210273
0.196450
0.080286
0.186761
0.299156
0.141358
0.021181
0.087837
0.183136
0.076661
0.147936
0.151630
0.216573
0.080288
0.089335
0.333166
0.187428
0.325313
0.320686
0.024402
0.150090
0.211670
0.169321
0.150824
0.071203
0.335317
0.059030
0.110287
0.004984
0.282523
0.115993
0.045277
0.047545
0.103369
0.292569
0.051781
0.326841
0.334046
0.139590
0.227601
0.112944
0.184813
0.040709
0.332867
0.345967
0.244886
0.140368
0.338235
0.229218
0.283867
0.000378
0.182033
0.282611
0.331614
0.125515
0.162031
0.183337
0.010189
0.092736
0.279356
0.151911
0.318044
0.046395
0.211367
0.234719
0.335762
0.333185
0.136391
0.261731
0.312655
0.045911
0.339845
0.107938
0.336732
0.269946
0.058738
0.255122
0.248148
0.295733
0.297221
0.314520
0.046424
0.305041
0.204717
0.128180
0.146620
0.194583
0.290161
0.010956
0.258884
0.136936
0.016119
0.180381
0.175163
0.001140
0.013836
0.217227
0.121120
0.131693
0.324139
0.250926
0.151150
0.043139
0.071725
0.184047
0.302362
0.110469
0.065367
0.011740
0.140229
0.315366
0.000372
0.024585
0.144291
0.171903
0.042126
0.115659
0.295483
0.270007
0.294791
0.175309
0.060725
0.220342
0.100969
0.136621
0.187581
0.089002
0.020549
0.133214
0.073199
0.072979
0.093044
0.197166
0.109366
0.161522
0.177814
0.056234
0.299351
0.344691
0.221120
0.280748
0.119021
0.247269
0.014812
0.261092
0.199485
0.279000
0.066899
0.328667
0.132569
0.197334
0.311252
0.188890
0.062147
0.198686
0.005912
0.161424
0.309511
0.138475
0.229888
0.027654
0.021609
0.213759
0.200155
0.166685
0.023008
0.326656
0.333486
0.141948
0.216816
0.185856
0.116087
0.211309
0.287635
0.263226
0.194364
0.231130
0.007462
0.129078
