0.0
0.0
0.0
0.0
0.0
0.113475177305
0.0
0.192897497982
0.517374517375
0.162479061977
0.14089347079
0.239832763208
0.0
0.274573812115
0.200319872051
0.0384615384615
0.0
0.0740740740741
0.0592662276576
0.117387466902
0.0
0.103541012999
0.0817263544536
0.109528049866
0.0974729241877
0.211977935382
0.0974729241877
0.624976561035
0.370277078086
0.0
0.144568006843
0.0900818926297
0.0662931839402
0.0
0.0
0.0662931839402
0.06191369606
0.0
0.0
0.0
0.141630901288
0.303863557257
0.0942028985507
0.184339314845
0.113475177305
0.337309476474
0.191592562652
0.0
0.0
0.0
0.00793650793651
0.219359875098
0.117387466902
0.807803190467
0.0448901623687
0.0697674418605
0.12510936133
0.0
0.0
0.176276771005
0.113475177305
0.0
0.0403071017274
0.0
0.0
0.744930493559
0.109528049866
0.0
0.0
0.0
0.0
0.238385376999
0.0
0.156829679595
0.432785025525
0.298491757278
0.0
0.0
0.297752808989
0.101527403414
0.0974729241877
0.0196078431373
0.0
0.0
0.258710155671
0.0
0.0817263544536
0.0
0.105545617174
0.0
0.0
0.0
0.101527403414
0.0
0.101527403414
0.0817263544536
0.0
0.2
0.101527403414
0.105545617174
0.00398406374502
0.44888399008
0.688764394647
0.0
0.32157394844
0.0430622009569
0.376558603491
0.0
0.238385376999
0.0
0.2
0.148936170213
0.0
0.0863407948835
0.184339314845
0.031007751938
0.0
0.0
0.0900818926297
0.14089347079
0.0467111534795
0.0403071017274
0.172185430464
0.176276771005
0.0592662276576
0.0
0.33598937583
0.0403071017274
0.0
0.0697674418605
0.728555917481
0.0592662276576
0.0
0.309392265193
0.227202472952
0.0118577075099
0.0
0.0
0.0403071017274
0.0
0.0
0.0403071017274
0.0403071017274
0.0
0.380037197768
0.0942028985507
0.211977935382
0.184339314845
0.105545617174
0.00398406374502
0.0
0.0118577075099
0.0
0.0
