0.199798143414
0.0684316921708
0.0620613649548
0.00414124591477
0.0386891024247
0.196854211431
0.0783537026408
0.0871787417002
0.0885809604657
0.0531743443275
0.0157558624128
0.0874199131588
0.0252446995989
0.13705646899
0.191273874311
0.194573925164
0.0185939330103
0.0201542465296
0.126818494735
0.00135577448771
0.131432917516
0.13536500308
0.0397845171167
0.143950162679
0.111632839932
0.094416953676
0.165152843213
0.0463405382654
0.0365584883132
0.0645411233736
1.66353739696e-05
0.00675038856364
0.0075160061406
0.123074754179
0.144463799363
0.0845555621371
0.0441878014055
0.141399816307
0.0537579296872
0.186832342661
0.0266221745141
0.197443462837
0.0340293772844
0.0829825949225
0.0937162244527
0.0112840738798
0.00724437560468
0.0155366157184
0.0712802696531
0.0683436695107
0.0831119964239
0.0729697401395
0.0707749565234
0.0899913534134
0.126272954817
0.0875944651255
0.107323625955
0.00289973414644
0.0056954935751
0.194815925437
0.0679135784345
0.196278157621
0.135438511669
0.0548335328962
0.110620039479
0.164713032535
0.170400372063
0.11937925747
0.0173710697424
0.10226097532
0.0194892624293
0.0413186091757
0.0428365192173
0.0527468470425
0.0739700038872
0.164459520882
0.146908279034
3.72538036261e-05
0.142664406359
0.0913310015018
0.0161037982759
0.0370377227064
0.0283743307745
0.185827666821
0.11307679406
0.142052991349
0.192246218143
0.13898826661
0.173014291004
0.0242976549331
0.000226001386524
0.0931296172516
0.199239014341
0.0334624784668
0.107629142481
0.0492125512548
0.005536734529
0.0521790952451
0.00767407807467
0.0171876015493
0.0214757331
0.196128341809
0.173707737739
0.12905366003
0.178213112829
0.129782984094
0.0301876817954
0.135104546956
0.182849401683
0.0780915215532
0.0872400200919
0.103805652492
0.0665336561044
0.136915860813
0.178396916765
0.0889948683516
0.159800437155
0.030588163759
0.0634603583495
0.124918241932
0.104237576232
0.0711451974173
0.123651340241
0.138779967688
0.12816625897
0.01804596456
0.0953941030252
0.000242380568609
0.105184920797
0.0894867450331
0.157217757247
0.100360137942
0.124852750038
0.0880805682986
0.199882876501
0.0473937431033
0.160748554552
0.0261103771609
0.148520672503
0.0724413292248
0.188927629073
0.176631939531
0.165409037096
0.191334347349
0.183386357396
0.01520971935
0.00290116583699
0.0757580972597
0.115566325505
0.12892523288
0.155246068453
0.0563764054373
0.0219847818777
0.073710435088
0.181250667465
0.155217562067
0.159746189851
0.1933626786
0.109093197287
0.116751349077
0.138338113261
0.044054249901
0.0111164494854
0.115416203988
0.0239285942999
0.0498502112665
0.024785273306
0.0246676461342
0.141033828092
0.199741256923
0.122060036218
0.0752901698669
0.105886529827
0.0281821190868
0.144121920679
0.0894429592542
0.193519789912
0.122778411529
0.0804596134355
0.118259813961
0.019586438491
0.0639646116908
0.121981157442
0.0767841847292
0.0166937631651
0.161380754718
0.00900587638562
0.154586557335
0.0351168152948
0.162503473249
0.0179831357337
0.00905858513351
0.154662359956
0.0447724508028
0.133753873712
0.162413722181
0.0496269144351
0.0178945118208
0.0476985375522
0.0275236791185
0.153850658741
0.0974107249942
0.0701985909897
0.199737536727
0.110097615463
0.0559183558904
0.0617900518787
0.09707714002
0.0488277868088
0.0393173929481
0.139313966531
0.170291551551
0.0995783774957
0.18477560579
0.185958214475
0.127451227433
0.116344158361
0.0822451538082
0.114224672256
0.168613486768
0.119563875111
0.11463966946
0.191252813521
0.0842573371444
0.00403571631237
0.14200829457
0.0431703517855
0.0831241705056
0.139022265025
0.13932396687
0.105618703703
0.149331368157
0.133876997636
0.0366070213536
0.161960198888
0.0440399772374
0.0661883077875
0.0888599677119
0.148178056649
0.167721085113
0.160580776238
0.114042280507
0.158816281709
0.0779552011423
0.191221994384
0.0922287386601
0.140168263023
0.197651333158
0.0561816549545
0.145458327716
0.0959392448632
0.155488179851
0.127143813993
0.109806534818
0.152617962276
0.128786110533
0.0298971611199
0.195032655786
0.0625426349142
0.126714301129
0.137012199798
0.164573831641
0.149037767254
0.0778808077051
0.156866103931
0.105998379611
0.0941557655933
0.156897310473
0.0996025445829
0.0771734407608
0.128917165517
0.147468058178
0.116836364154
0.0355925285996
0.130542364155
0.0824344163673
0.106397343344
0.0399494672237
0.0193221624812
0.0230235896978
0.186848384971
0.0760881886424
0.000496025725099
0.0439120192221
0.129903730974
0.138166380844
0.184444872909
0.00567122176721
0.120326687321
0.000519098125253
0.163068416701
0.148592945799
0.0190583101056
0.131460200826
0.0719904159749
0.151731511794
0.174520991249
0.0962297375225
0.0492466917182
0.17147245358
0.0943042897801
0.105939637911
0.0520759219638
0.126642396644
0.176024760238
0.119766722906
0.157828357538
0.0492558108124
0.173196053048
0.149549292955
0.108980209292
0.123082187037
0.127977511208
0.150188963913
