0.643112062812
0.352750809061
0.528524281
0.0850869167429
0.301187980433
0.819396785263
0.0
0.731975341731
0.0
0.0
0.0
0.0467111534795
0.0
0.435984207558
0.138673557278
0.125874125874
0.0842490842491
0.179655455291
0.0990990990991
0.432785025525
0.156829679595
0.034749034749
0.484004127967
0.0421455938697
0.410724808486
0.692212988612
0.201915403033
0.588138385502
0.0
0.0
0.0
0.0
0.0
0.0
0.0
0.0
0.215070643642
0.212598425197
0.453850354997
0.38080495356
0.326145552561
0.392466585662
0.301675977654
0.0
0.0
0.0
0.0
0.0
0.0
0.0
0.189627228525
0.758629012793
0.235474006116
0.0583804143126
0.0
0.464954521134
0.565217391304
0.504214179474
0.464668094218
0.548940009021
0.559665345663
0.0
0.239543726236
0.405469678954
0.0430622009569
0.0
0.748617395676
0.682136045772
0.5627459554
0.227202472952
0.177631578947
0.0421455938697
0.219359875098
0.0
0.054820415879
0.153976311337
0.214454045562
0.719416386083
0.692212988612
0.0262901655307
0.886916204908
0.718230487461
0.842989480295
0.654576856649
0.78471474704
0.0421455938697
0.404052443385
0.158249158249
0.22480620155
0.554764024933
0.0
0.0
0.0
0.895974201602
0.483737738771
0.537037037037
0.848369977255
0.612403100775
0.781754692274
0.152542372881
0.412800939518
0.678766463219
0.698522761532
0.803921568627
0.0
0.807803190467
0.0
0.0
0.0
0.712064497553
0.0
0.336429993364
0.0
0.854925286523
0.765478424015
0.113475177305
0.227202472952
0.110320284698
0.0783410138249
0.514327343371
0.0740740740741
0.4617868676
0.505440158259
0.238385376999
0.32478055368
0.101527403414
0.0
0.0
0.0
0.498746867168
0.765478424015
0.487967229903
0.448123620309
0.725425590335
0.242424242424
0.82465369104
0.384236453202
0.0
0.192897497982
0.653979238754
0.576988155668
0.0
0.0
0.353587588882
0.426605504587
0.101527403414
0.102333931777
0.0
0.459751485683
0.0
0.824530619407
0.443516972732
0.0
0.779200706558
0.504705299653
0.0
0.608150470219
0.0
0.0
0.0
0.462654486835
0.11426040744
0.569892473118
0.498495486459
0.792229378766
0.411071849234
0.153976311337
0.274836838289
0.360204734485
0.29228591649
0.259259259259
0.798954563731
0.52380952381
0.553969669938
0.0
0.52380952381
0.034749034749
0.283667621777
0.0
0.0
0.4617868676
0.0
0.364272091545
0.132697311362
0.52335557674
0.0
0.0
0.236641221374
0.589153656532
0.684840844627
0.681933842239
0.447208402432
0.424626006904
0.155405405405
0.0
0.0
0.0
0.0
0.68152866242
